  38  52  30  
  49   5  51  
  67  23   3  
  39  58  12  
  64 -18  25  
  57 -36  23  
 -29  53  37  
 -17  20  66  
  19   7  68  
  12  70   3  
  65  27  10  
  56 -29  33  
  42   6  57  
 -70  11   4  
 -67   9  22  
  60  24  29  
  40  14  57  
  29  11  64  
  56   5  43  
 -68  -5  20  
  -8 -39  59  
  10  70   8  
 -34 -40  48  
  70   3  12  
 -39 -45  39  
  43  -9  56  
 -26 -53  39  
  13 -12  69  
  23  48  47  
  51 -33  37  
 -12 -63  31  
 -28  21  62  
 -36  47  39  
 -54 -26  38  
  52  -3  48  
  36 -61   4  
 -54 -24  39  
 -31  24  59  
 -46 -20  50  
 -16  36  59  
  12  51  48  
 -53 -41  23  
 -25 -65  15  
  62   6  34  
  60  38   3  
  26  38  54  
 -11 -13  69  
 -16 -55  42  
 -10  38  59  
   1  68  21  
 -11 -70   7  
  47  36  39  
 -50 -25  44  
 -70  -6   9  
 -68  -2  21  
 -49  46  23  
 -22 -52  43  
   5  23  67  
  20 -37  57  
  25  30  59  
 -57  10  41  
 -25  66   7  
   3  26  66  
  44  41  38  
 -67  -2  24  
  39 -24  54  
  44 -44  34  
  67 -19  14  
  13  69  11  
 -30 -38  52  
  31 -41  49  
  12  30  63  
  69 -16   1  
 -43 -38  42  
  14  57  40  
   9  56  43  
 -68  19   7  
  53  24  41  
 -61 -32  17  
 -57  39  16  
 -64  -4  31  
  23  -2  67  
  57   3  42  
 -60  35  14  
 -27  57  33  
  16 -46  52  
 -69  15   5  
 -70   5  10  
  37  34  50  
  40  13  57  
 -60  24  29  
  36  37  49  
  38  -5  60  
 -62 -14  32  
 -47  50  18  
  70  -6   9  
  27 -65   8  
 -51  45  21  
 -63  28  16  
  21 -62  28  
  42  26  51  
  40  23  54  
 -19  -9  68  
 -45  39  39  
   5 -56  43  
  57 -42   1  
 -19  -5  68  
 -45 -34  43  
  -1  33  63  
  15  62  31  
  12  67  20  
  52  14  46  
 -42 -50  28  
  41 -58   5  
  66  26   2  
 -53  47   3  
 -58  10  40  
 -28  54  37  
  41  48  32  
  26 -65  11  
  23  66  13  
  -9  54  45  
 -63 -31   9  
  58 -32  25  
 -25 -49  45  
  18  25  64  
  12  38  59  
  70   8   8  
  39  -5  59  
 -51  45  20  
  13 -36  60  
 -26 -65  12  
  17 -19  66  
  33  59  22  
  39  19  56  
 -37  52  31  
  55  27  36  
  62 -34   8  
  56 -44   0  
   6 -34  62  
 -40  47  35  
  68  18   9  
  45  53  15  
 -23  23  63  
 -11 -67  20  
 -56 -22  38  
  64  20  23  
  28 -56  34  
 -56  38  22  
 -57   4  42  
 -53  -6  47  
 -48 -52   5  
 -42 -12  56  
  69 -13  10  
  28  48  44  
  10 -53  46  
  52 -26  41  
  26  13  65  
 -40  39  44  
 -54 -33  32  
  44  -7  55  
 -30   4  64  
 -56  14  41  
  50  50   6  
 -12  28  64  
 -41 -56  14  
  47  -3  53  
  21  63  25  
  28 -28  59  
  13  22  66  
 -44  54  14  
  35  -1  62  
   7 -39  59  
 -39   8  59  
  46  49  23  
  68  -4  20  
 -41 -57  11  
 -12  69  11  
  58 -19  36  
  48   2  52  
  -7  15  69  
 -58  36  19  
  69  -1  16  
 -35  55  28  
  -1 -71   5  
   4 -30  64  
  54 -21  41  
   0 -55  45  
 -71   2   5  
  68  -8  19  
  33 -52  35  
 -68  14  14  
 -31  34  54  
  26  37  55  
 -69  -9  13  
   3 -65  28  
 -69  -1  17  
 -23  56  37  
  19 -47  50  
 -47 -51  16  
   7  37  60  
  34  61  12  
  66 -19  18  
 -36 -46  40  
 -28  53  38  
  16  -4  69  
  54  32  33  
 -50  15  48  
 -66   6  25  
 -51  33  37  
  16   2  69  
  66 -15  22  
  25  56  36  
  -2  26  66  
  16 -56  41  
  19  58  36  
  16   6  69  
  32   8  63  
 -45  32  45  
  44 -39  40  
  37 -55  25  
 -17 -28  63  
 -67 -24   2  
  71  -5   2  
  19  39  56  
 -64 -27  15  
  -8 -67  22  
  51  20  45  
  28 -26  60  
 -16 -69   3  
  -1 -64  31  
 -20  56  39  
 -67  23   7  
  52  17  45  
  24   2  67  
  43 -20  53  
  37  56  23  
   7  49  51  
  -1   0  71  
  68 -16  13  
 -23 -12  66  
 -33  32  54  
   7  16  69  
  46  -6  54  
  46  18  51  
  10  63  31  
 -14  62  32  
  44  42  37  
  19  22  65  
  51 -34  36  
  54   2  46  
  66 -24  11  
  25  -7  66  
  42 -57   0  
 -45  42  35  
 -32 -60  20  
 -28  60  25  
  21  -3  68  
 -35 -53  32  
  45 -53  15  
 -36  57  23  
  24  25  62  
  61  -8  35  
  24  11  66  
  23 -13  66  
 -64  17  25  
  -7  32  63  
  10  70   5  
  28 -64  13  
   3  71   3  
 -20 -26  63  
   4 -61  36  
   3  66  26  
 -15 -69   7  
  61 -36   5  
   1 -41  58  
 -15  61  33  
  33  22  59  
 -69  14   7  
 -50  11  49  
  11  13  69  
  42 -46  34  
 -67 -23   7  
  39 -59   8  
  33  51  37  
 -30 -64   7  
   6 -39  59  
  21 -66  15  
  24  31  59  
 -14 -16  68  
 -70  10   7  
  20 -64  23  
  53  14  45  
  20  37  57  
  32  55  32  
 -17 -64  26  
  66 -26   3  
  59 -36  17  
 -45  -3  55  
 -68  13  16  
