  97   0  68  
  36 -54  99  
  78  37  81  
 -69 -96   5  
 -65  14  98  
 -74 -12  92  
 -62 -62  80  
 -26  93  69  
 -21  89  75  
  95  -8  70  
  86  69  43  
  23 -87  77  
  60  79  65  
 -75 -90  17  
 -73  56  75  
 -66   9  98  
 -80  84  23  
  97  18  66  
 -85 -12  82  
  27  68  93  
 -43  63  91  
  76  79  45  
  44  97  52  
  82  76  39  
 -45 -89  64  
 -56 -76  72  
  41 -88  68  
 -72  44  83  
   8 -72  94  
 -16 -72  93  
 -81 -73  47  
  93  60  43  
  55  52  91  
 -63 -91  42  
  10  93  73  
 -33 -76  85  
 -25 -100  58  
 -89 -76  17  
  68  97   3  
  12 -83  84  
 -77  86  27  
  64 -100   1  
  78 -87  21  
   5  97  68  
   3 -69  96  
  86  81  10  
 -55 -63  84  
  36  81  79  
  93  66  33  
   1  75  92  
  74 -82  43  
 -74 -92   8  
  62  64  78  
 -12  68  96  
 -69 -73  63  
 -77  84  32  
  83  84   9  
 -47  88  64  
  -7 -88  79  
  74  43  82  
 -76   2  91  
 -65  99   5  
  43  58  94  
  81  79  36  
  69  87  41  
 -96 -28  64  
 -98  62  25  
  82  41  75  
  60  98  29  
 -14  96  68  
  56  33  99  
  -8  79  88  
 -81  17  85  
  64  28  96  
  73 -24  90  
 -74 -36  85  
  72  93  14  
 -81  86   8  
  73 -84  40  
 -11  85  82  
 -100  43  47  
 -86  79  19  
  -5 -87  80  
 -64 -95  31  
 -95  70   9  
  97  67  13  
  16  81  85  
 -54  80  69  
 -57 -28 100  
  54 -93  50  
 -90 -76  13  
  95 -70   8  
 -91  -4  76  
 -83  78  33  
  11 -82  85  
  52 100  36  
  42  59  94  
 -77 -86  26  
  26  93  69  
  50 -84  67  
 -39 -70  87  
  61 -97  31  
 -81  32  80  
 -56 -43  95  
 -77   0  90  
  97 -13  67  
  62  40  93  
  72  89  31  
 -66 -63  76  
 -56 -47  93  
 -71 -73  61  
 -37 -69  89  
 -35 -75  85  
 -72 -88  34  
  23  64  97  
  74 -56  74  
 -66 -17  97  
 -17  94  70  
 -12  85  82  
 -96  61  34  
  77   4  90  
  65  14  98  
  88  74  28  
 -65  56  82  
  86 -67  46  
  60  66  78  
  87  41  69  
  98 -20  64  
 -97 -36  58  
 -78 -72  53  
  40 -71  86  
  56 -74  74  
  88 -76  23  
  58  99  30  
 -97  45  51  
 -26 -99  60  
  33 -66  93  
  34 -91  68  
  62 -50  88  
 -67  23  95  
  52  81  69  
 -43 -74  82  
 -96  49  49  
 -74  85  36  
  63  93  37  
 -62 -12 100  
  22  90  74  
  35 -76  84  
 -76  27  87  
  52  46  96  
  67 -33  92  
 -63  81  59  
  85  69  45  
 -70 -95  13  
  65 -39  91  
 -77 -37  82  
 -58  51  90  
 -76  82  39  
  -9 -73  93  
  81 -53  68  
 -65  94  31  
  22  91  73  
  77 -88  18  
  62 -37  94  
   3 -92  75  
  94  69  22  
  80  27  83  
   3 -99  65  
 -84 -80  25  
  66 -97  15  
 -82  -8  85  
 -14  65  98  
  43 -89  65  
  81  52  69  
 -59  28  99  
 -95  44  56  
  90 -68  37  
  94 -65  32  
 -65 -99   1  
 -56 -87  58  
  40 -66  90  
  81  81  30  
  67  45  87  
  -2 -71  95  
 100  50  40  
  88 -42  67  
  -4 -99  65  
  91  12  75  
 -95 -55  45  
 -10  84  83  
  65  96  24  
  38 -58  96  
 -85  77  30  
  95 -67  24  
 -87 -32  74  
 -53  61  87  
  -8  83  84  
  49  91  58  
  84 -40  73  
  35 -69  90  
 -94 -57  44  
  62 -19  99  
  37 -92  65  
 -87  36  72  
  74 -63  68  
  85 -10  82  
  86  12  81  
 -30 -63  96  
   8 -98  66  
  81  82  27  
  63   7 100  
 100  62  16  
 -65 -98  14  
 -100  -2  64  
  41 -100  49  
 -48  88  63  
 -72  34  88  
  32  94  65  
 -41 -85  72  
  50 100  40  
  54 -73  76  
  99 -51  41  
  78 -81  38  
  87  68  43  
  70  81  51  
 -84 -83  12  
  28  72  90  
 -94  72   6  
 -89 -77  13  
 -28 -64  96  
 -88  22  76  
 -90  45  63  
 -93  47  56  
  84 -49  68  
  81 -78  37  
  61 -85  56  
  76 -18  89  
 -74  12  92  
 -62  24  98  
 -72  75  57  
 -21 -60 100  
  73  50  79  
 -88  71  35  
  45 -72  83  
  89   2  78  
  34  62  95  
 -78  31  84  
  97 -30  61  
 100 -63   4  
 -77  68  59  
  78 -89   1  
 -66  96  23  
  71  71  63  
  69 -10  96  
  56  83  63  
  73  69  63  
  88  57  55  
  82 -67  53  
  21 -97  65  
 -87 -62  51  
   6  91  76  
  51 -55  92  
 -73  38  85  
  64  67  74  
 -56  97  38  
  99  17  63  
  91 -46  60  
  43  97  53  
 -69  39  88  
 -82 -44  73  
  73  33  87  
  44  57  94  
 -81  42  76  
  47 -76  78  
  83 -12  84  
  68 -97   0  
 -69 -60  75  
  63  25  97  
 -99 -65   4  
  66 -38  91  
 -100   8  63  
  65 -73  67  
 -33 -68  91  
  40  80  78  
  95 -43  56  
 -37 -80  79  
  84 -72  42  
  51  95  49  
  61 -82  60  
 -88  36  71  
  36  65  92  
  47 -70  83  
  94  23  68  
 -78  54  71  
  50 -44  98  
  37 -68  90  
  11  98  66  
  75 -88  25  
 -93  73  11  
 -88 -62  49  
