  14   8  74  
 -70 -12  26  
 -66   7  36  
 -27 -55  44  
  -9 -59  46  
 -36  55  37  
  59  26  39  
 -18  73   4  
  57  45  21  
 -49  57   9  
  26  71   2  
   7   3  75  
 -64  39  10  
 -49 -52  25  
 -43  61  12  
  16  10  73  
  -2  38  65  
  18 -32  66  
 -18  32  66  
 -47 -24  54  
  58 -31  37  
  69  21  22  
  16  17  72  
 -72 -16  17  
 -33 -15  66  
   8 -64  39  
  46   1  60  
  18 -73   8  
  19 -72  13  
  52 -40  37  
 -21  19  70  
  17  66  33  
  41   7  63  
 -71 -11  23  
  -7  50  56  
  34  47  48  
  36 -66   8  
  30  60  35  
  -7 -74  12  
   7  -3  75  
  16  69  26  
  23  52  50  
   3   8  75  
 -62 -24  36  
 -43 -43  45  
 -12 -47  58  
 -35 -48  47  
  -4 -70  28  
  57  45  20  
  15 -72  16  
   8 -53  53  
  -8 -38  65  
 -19 -73   6  
  18  53  51  
 -40 -63  11  
 -36 -48  46  
 -21 -22  69  
 -72 -13  18  
 -71  26   3  
  16 -50  54  
   2  73  19  
  42  38  50  
 -29   8  69  
 -69 -25  18  
  12   8  74  
  59  14  45  
  47  30  51  
  31  15  67  
  -6  58  48  
  30 -12  68  
  75   1   9  
  28 -67  21  
  45  21  57  
 -57 -11  48  
 -15  20  71  
  53  38  38  
  67 -26  23  
 -22  48  54  
 -14 -41  62  
  14  44  60  
  53  50  20  
 -56 -14  49  
 -51 -52  19  
 -56 -47  19  
  57  43  25  
 -54   8  52  
  35  12  66  
  64   7  39  
  54 -48  22  
  37 -64  16  
 -20 -59  43  
  69  29   8  
   6  41  63  
  -4 -64  40  
  61 -42  15  
 -51  27  49  
  44 -44  43  
   3 -25  71  
 -55  22  47  
  64  23  33  
   8  17  73  
  38 -16  63  
  16  73   9  
 -68 -18  27  
  72  23   1  
 -19 -11  72  
 -38  57  32  
  52  48  26  
  50 -24  51  
  38 -46  46  
  -9 -69  29  
  65 -38   5  
 -10  75   2  
  23  45  56  
  47 -59   3  
 -26  54  46  
 -24  47  54  
 -27 -70  10  
  -4 -66  36  
  -8  27  70  
 -70  27   6  
   8  72  22  
  49  13  56  
  18 -30  67  
  35  59  32  
  -3  67  35  
  46  26  54  
  16 -62  40  
  26 -70  10  
  59  -9  46  
  20  65  33  
  61 -20  40  
  62  43   1  
  69 -28  13  
  62  -5  43  
 -41  63   4  
 -51 -52  20  
 -31 -62  30  
 -44   3  61  
  64 -30  27  
 -14 -45  59  
  72 -21   8  
  56 -49  13  
  42  62   8  
 -59 -21  42  
  32 -68   5  
 -25 -45  55  
  72  22   6  
  21 -28  67  
   6 -75   4  
   2 -38  65  
  12  73  14  
  20 -17  71  
 -17  54  50  
  27  45  54  
 -22 -54  48  
 -57 -49   4  
  71  15  20  
 -15 -74   1  
 -23 -45  56  
  66 -31  20  
 -60 -36  29  
  37  -2  66  
 -75   4   9  
 -10 -68  31  
 -75  -7   4  
  30 -64  26  
 -51 -47  30  
  43 -50  37  
  53 -31  44  
  20  64  35  
  41  58  25  
 -52   9  54  
  73  19   5  
  67 -32  13  
  45 -43  43  
  49  56  14  
  63  41   4  
  39 -61  22  
  57  38  32  
  21 -25  68  
  41  63   8  
  21  39  61  
  -9 -24  71  
  51  33  45  
 -35  20  64  
 -15 -34  66  
  40  64   3  
  24 -20  69  
  31  62  30  
  38  55  35  
  29  36  60  
  43  24  57  
 -28 -12  69  
 -56 -44  25  
 -12  20  72  
  65  16  35  
 -52  51  20  
 -58   0  48  
 -58  14  46  
  46 -34  49  
 -54 -10  52  
 -57  40  29  
  67  -9  34  
   6  64  40  
 -22 -71  13  
  17 -43  60  
  70 -24  15  
 -70  27   8  
 -73  15  12  
 -20 -64  35  
  22 -48  54  
 -49 -13  56  
  19  18  71  
 -19 -18  71  
  -5 -75   6  
 -24  10  71  
 -28 -20  67  
  25 -64  31  
 -22 -67  27  
 -28  23  66  
 -70  28   1  
  31  25  64  
 -26 -46  54  
  57  48  12  
  44   3  61  
  20  20  70  
 -44  61   5  
 -37  65   9  
 -30  66  21  
 -71   2  25  
  33 -47  49  
  18  71  19  
 -28 -21  67  
  -6  69  30  
  48 -58   2  
 -75  -6   4  
 -46  18  57  
   7 -44  61  
  18 -73   4  
  17  64  36  
  44  43  44  
  17  63  38  
  36  -4  66  
 -70 -14  25  
 -37  11  65  
  63  41   5  
  -7  36  66  
 -36 -28  60  
  35 -15  65  
 -15 -53  52  
 -17 -36  64  
  72  20  12  
  59   0  47  
  41  57  28  
 -40 -33  55  
 -22  66  29  
  62  32  29  
 -19 -47  56  
 -36 -46  48  
 -50 -33  46  
  60  21  41  
 -71 -25   2  
  66 -26  26  
 -59  41  24  
  19  37  63  
  26  63  33  
  74 -15   0  
  63  25  33  
 -35  48  47  
 -55 -52   2  
 -10 -70  27  
  65   5  38  
 -47 -10  58  
 -41 -28  57  
  -2  58  48  
  72  23   5  
 -13 -13  73  
 -37  27  60  
   7  52  54  
 -44  39  47  
  52 -39  38  
  32  62  29  
 -71  15  20  
  11 -62  42  
  49 -52  24  
 -42  59  21  
  39 -62  18  
  44  25  56  
 -55   3  52  
  20  67  28  
 -30  50  48  
 -13  74   5  
  73  10  16  
 -14 -17  72  
 -61 -44   6  
  15  47  57  
  -8  75   4  
 -74  14   6  
 -13  74   7  
