   8   8  12  
  -1  16   3  
  -7 -15   1  
  12  11   3  
  13   5   9  
  10   6  12  
 -10  13   2  
  16   1   4  
   2  16   3  
  -6 -15   2  
   8  12   8  
 -13   1  10  
   4   0  16  
   3  15   6  
   7  11  10  
  12   7   9  
  12  11   1  
 -13  -8   6  
  16   0   4  
   5  12  10  
  12   3  11  
 -12   1  11  
   4 -14   8  
 -12   0  11  
   1  -4  16  
  13   6   8  
  -3  16   1  
   8  14   4  
   8 -14   4  
  -1  14   9  
  -5 -13   9  
  -7  14   5  
  -4   2  16  
  11  11   5  
 -15   5   4  
 -16   3   1  
  -3  11  12  
  -6 -11  11  
  12   0  11  
  15   1   7  
 -15  -4   5  
  -9   5  13  
  -1 -11  12  
  -9 -13   4  
  16   2   4  
  10  13   0  
  16   4   2  
  -2 -15   6  
  -9  -4  13  
  15  -4   5  
 -12   8   8  
   0 -15   7  
  11   6  11  
 -10  12   6  
   4 -15   6  
   3 -10  13  
 -10  -1  13  
  -6   8  13  
 -11  -5  11  
   9  13   5  
  -1   4  16  
  -9 -14   1  
  13  10   3  
 -13  -3  10  
  11   0  12  
  13   4   9  
  10   2  13  
  10  12   5  
 -16  -4   2  
  -4  14   8  
   2  15   6  
  14   8   4  
 -16   0   4  
 -14   7   5  
 -11 -11   6  
  -7  -9  12  
  -7   9  12  
   0 -10  13  
  13   9   5  
   7  -9  12  
 -14  -8   3  
  10   3  13  
  13   2  10  
  -4  -6  15  
   7 -15   1  
  15   7   0  
   2 -16   3  
   9  -7  12  
 -12  -8   8  
  -2   3  16  
  -5  10  12  
 -13 -10   3  
  -3  -6  15  
  -5 -12  10  
   9   5  13  
 -15  -6   4  
  14  -8   4  
   9 -14   1  
   0  11  12  
  -7  10  11  
  -8  -6  13  
  -5 -15   5  
  -7  13   7  
 -16   4   2  
   8  14   3  
 -15  -6   2  
   9  13   4  
   7 -10  11  
 -12 -11   2  
  15   2   6  
  -3 -13  10  
  11 -12   0  
  13   3  10  
  10 -13   3  
   2   6  15  
 -12  10   5  
   2  16   4  
  10  11   7  
  -7   7  13  
   1 -12  11  
   9   8  11  
 -13   5   9  
   4  14   8  
  -3  12  11  
 -14  -9   1  
 -16   0   3  
  -6  15   2  
  -7   5  14  
  -5  15   5  
  15   7   1  
  14   3   8  
 -13   7   7  
   7  15   2  
 -14  -3   8  
   5  15   5  
  11 -11   6  
  -6 -13   8  
  -5 -15   4  
  13  -9   5  
 -15   6   2  
 -10   5  12  
 -15   4   5  
   8  -3  14  
  -7 -14   5  
 -16   2   4  
  16   4   1  
  -9  -1  14  
  -3 -16   3  
   1  -9  14  
  -8  11   9  
  -5  15   4  
  10  13   3  
  -2  12  11  
 -13 -10   2  
 -14   8   4  
  16  -1   4  
   6   6  14  
   7  -2  15  
   2  -4  16  
  -1  -7  15  
  -2  13  10  
  -1   9  14  
 -10   6  12  
   7 -12   9  
  -8 -11   9  
  12  -9   7  
  -5 -14   7  
 -10 -12   5  
  11  12   1  
  13  -1  10  
   3 -16   0  
 -10  12   5  
 -14  -6   6  
  -8 -12   8  
   5 -10  12  
   2  -6  15  
   3   3  16  
 -12  11   2  
  -8  14   3  
   5 -12  10  
   3   2  16  
   6  15   4  
 -12   9   7  
  -4  -2  16  
  -1 -12  11  
  12 -10   5  
  -1   3  16  
  -5   7  14  
 -12  -7   9  
 -11   5  11  
  11 -12   3  
   0  16   4  
   4 -16   1  
 -16  -1   4  
 -14   3   8  
  16   1   3  
  10 -13   1  
 -10 -12   6  
  -7  -2  15  
  11  12   3  
 -16  -3   1  
   9  11   8  
  11   3  12  
  -6  -3  15  
 -15   0   7  
   4 -15   5  
  -6  15   4  
 -13  -4   9  
 -13  -7   7  
  14   0   9  
  -5   9  13  
  -3  16   3  
 -16   3   3  
  -4   6  15  
  -1 -10  13  
   4  15   5  
  14  -9   1  
  14  -3   8  
  -3  -3  16  
 -15  -5   5  
   9  -8  11  
   7   2  15  
   1   7  15  
   4  16   1  
  -8  14   4  
  13 -10   3  
  -3 -12  11  
   1   4  16  
   6  13   8  
  -6   6  14  
  -4   9  13  
  -2 -10  13  
   9 -11   8  
  16  -2   4  
   3 -14   8  
  -8  13   6  
   8  -8  12  
   8   3  14  
  13  10   0  
 -15   3   6  
   8 -14   3  
   4   9  13  
  -4  -1  16  
   5 -15   4  
  13  -2  10  
  -2  15   7  
  -6  12  10  
 -10 -13   3  
  -9  -8  11  
   6 -11  11  
  13  -5   9  
  10   0  13  
   9 -14   0  
  -3  10  13  
  -9 -12   7  
   2   4  16  
   6   4  15  
  14   1   9  
   8 -13   6  
 -11 -12   2  
  13  -3  10  
   3 -13  10  
  -6  13   8  
   6 -12  10  
  14   9   0  
 -13  -9   4  
 -13   3  10  
   3 -16   1  
   4 -16   2  
   3  10  13  
 -12   5  10  
 -10  -3  13  
  12   2  11  
  14  -6   6  
  -3 -11  12  
   3  -1  16  
 -15   1   7  
  12 -11   1  
 -13   2  10  
  10  -7  11  
  -8   8  12  
  -2 -16   3  
 -13   6   8  
  16   0   3  
 -11  11   6  
  16  -3   2  
  -7 -11  10  
  10  -2  13  
   1  13  10  
  11  -7  10  
 -10   2  13  
  -7  11  10  
 -13  -1  10  
   9   7  12  
  -5   4  15  
 -11   1  12  
  10 -12   5  
 -11  12   2  
  -6  -4  15  
  15  -2   6  
