  38 -55  92  
  41 -81  68  
  75  34  78  
  83  76  16  
 -78 -82  11  
 -80 -31  74  
  73 -70  52  
 -75 -48  70  
  64  81  47  
 -44 -65  82  
  78 -36  74  
 -66 -41  83  
 -75 -73  44  
 -85  74  14  
 -93  26  60  
  12  92  65  
  44  58  87  
 -73  -2  87  
 -80  53  61  
 -54  14  99  
 -92 -30  59  
 -15  85  74  
  53 100   8  
  66  92   8  
  68  89  18  
 -95 -60  16  
  43  98  38  
 -98  -5  57  
 -80  79  14  
 -81 -70  38  
  69 -55  71  
 -91  31  60  
 -89 -57  41  
  73  49  72  
   4  70  89  
  70 -69  57  
  94 -62  14  
 -78  82   8  
 -49 -33  97  
 -77  76  34  
  90  66  20  
  71  88  11  
  63 -91  24  
   9  91  67  
  85 -60  45  
  71 -88  10  
  62 -89  33  
 -18 -68  89  
 -30  96  53  
 -23 100  48  
  23 -90  65  
  70  25  86  
  62 -46  83  
 -95 -52  34  
 -76 -74  40  
 -22 100  49  
 -71 -84  29  
  -4  70  89  
  57 -95  24  
  14  98  56  
 -91  53  43  
 -39 -67  83  
  71 -40  79  
  19  99  52  
 -42 -82  66  
  36  98  45  
  51  75  68  
 -97  -3  59  
   1  76  84  
 -77  74  38  
 -99  37  42  
 -52 -81  60  
 -69  26  86  
 -67 -61  68  
  60 -87  42  
 -60  52  81  
  87 -69  24  
 -91 -52  43  
 -58 -85  48  
  99  36  42  
  60  92  28  
  81  11  79  
  80  29  75  
  70 -54  71  
 -39 -88  60  
 -75  49  70  
 -83 -46  62  
 -18  68  89  
 -77  77  32  
  75 -70  49  
  36 -71  81  
  62  43  85  
 -74  23  83  
 -56 -77  62  
  68  35  84  
  21 -58  95  
 -60 -68  68  
 -74 -65  56  
  51  91  45  
 -29 -71  84  
 -13 -91  67  
  55  81  57  
  90 -59  36  
  74  85  15  
  38 -98  43  
 -70 -45  77  
  28 -88  66  
 -78  82   9  
 -100 -46  28  
 -69  44  79  
 -88 -57  43  
  14 -57  97  
  31 -93  57  
 -69  68  59  
 -98  38  43  
  27 -86  69  
  45 -47  93  
  57  96  21  
 -98 -56  13  
 -79  45  68  
 -28 -98  50  
  53  43  91  
 -68 -59  69  
 -64 -39  85  
  63  34  88  
  97 -40  43  
  99  49  25  
 -81 -31  73  
 -99 -42  36  
  72  28  83  
 -87 -73   6  
  51 -71  72  
  -6 -53 100  
  87  45  57  
  87  39  62  
 -73  87   4  
  37 -93  53  
 -26 -94  58  
 -56 -38  91  
  54  49  87  
  90 -67  18  
 -75 -85   7  
 -61  67  68  
  71 -65  60  
 -19  61  94  
 -56  97  18  
 -70 -43  78  
 -65  93   4  
 -80  70  40  
 -86  32  67  
 -96  49  36  
 -71  83  30  
 -70 -65  61  
  68  91   3  
  49  59  84  
  -9 -61  95  
 -96  45  40  
 -79 -47  67  
 -28  62  91  
  50  99  23  
 -56 -22  96  
  84 -29  71  
  56  71  69  
 -55  56  82  
 -75  85   2  
  14 -68  90  
   1 -69  90  
 -62  61  73  
 -77 -57  61  
  52 -89  48  
 -84   5  76  
 -62 -36  88  
 -27 -92  61  
 -27  99  48  
  52 -86  53  
  79  14  80  
 -60  31  91  
 -92 -57  34  
  73  87   0  
  63 -60  73  
 -10 -98  56  
 -47  95  41  
 -90 -24  65  
  47 -90  51  
 -73  32  81  
  94 -62  13  
 -60 -80  54  
  61 -54  79  
 -66 -44  81  
 -87  13  72  
  66 -74  55  
  86  73  14  
 -54 100   3  
  83   7  77  
  16 -89  69  
  56 -93  33  
 -84 -42  64  
  84  20  74  
  93 -12  64  
 -64 -91  22  
  51 -16 100  
  72  66  58  
 -16  83  76  
 -92  60  28  
 -73  -5  87  
 -85 -75   5  
  81  73  32  
 -83  77   7  
 -16 -69  89  
  -3 -86  74  
  -3  99  55  
  85  50  56  
 -69 -71  56  
 -85  44  61  
  61  91  30  
  79  54  61  
   8  96  60  
 -83 -18  75  
  31 -66  87  
 -77  66  51  
  10 -77  83  
  58  48  85  
 -17  60  95  
  91 -66  17  
  56 -24  96  
 -45  76  71  
  74 -60  62  
 -88 -52  49  
  76 -30  79  
  86 -59  45  
 -64  55  76  
  52 -73  70  
 -93   6  65  
  71  45  76  
 -100  51  15  
 -77 -79  27  
  80  79  16  
  81  -5  79  
 -78 -81  16  
 -50  58  84  
  84   7  76  
  60 -72  64  
 -91  22  64  
 -50  25  99  
  82 -59  52  
  25 -62  92  
 -39  42  98  
  21 -99  51  
  76 -57  62  
 -60  64  72  
 -38 -69  82  
  57  57  80  
 -89 -48  51  
   8  81  79  
  40  99  38  
 -73 -87   5  
  30 -53  96  
  96 -23  56  
 -100  52  14  
   1 -59  97  
  83 -48  61  
 -87 -39  62  
 -90  13  68  
 -17 -85  73  
  45 -79  68  
  57   2  98  
  40  74  76  
 -23 -51  99  
 -82 -76  19  
 -94 -60  20  
  -6 -74  86  
  37 -93  54  
  89 -53  46  
  95  59  19  
  29  78  77  
  14 -89  69  
  97  19  56  
  21 -70  87  
 -92  42  51  
  69 -82  37  
 -66 -89  24  
  10  56  98  
  49 -90  49  
 -66 -49  78  
  98 -16  55  
  29  82  73  
 -81 -23  76  
 -34  68  84  
  14 -65  92  
  -8  71  88  
  62  -5  95  
  81  74  30  
 100  15  52  
  17  71  87  
  76 -48  69  
  71   9  88  
 -59 -27  93  
  52  92  42  
 -32  45  99  
  49 -78  66  
