  -8  56  58  
 -35 -44  58  
  16  78  16  
  42  60  35  
  52  62   6  
  54  37  48  
 -11 -46  66  
  16  78  14  
 -13   1  80  
  70  17  37  
  15 -32  73  
   2  33  74  
  43   7  68  
 -57  28  50  
  78  16  14  
  48  -7  65  
  58  30  48  
 -23 -76  16  
  52 -62   7  
  27  65  40  
  52 -29  55  
 -78  19  11  
  63   0  51  
  -1  81   4  
  17  79   2  
 -64  13  48  
 -45 -17  65  
  80 -11   4  
 -39  50  50  
  23 -77  10  
 -34  58  45  
 -44 -52  44  
  26  51  57  
  17 -76  23  
   7 -10  80  
  41  64  28  
 -43 -40  56  
 -52 -47  41  
 -14 -80   2  
  43  41  55  
  16 -60  52  
  76  27   8  
  14 -48  64  
   8  71  38  
  18  70  37  
 -26  33  69  
  36  42  59  
 -57 -48  32  
  52  62   3  
 -33  71  21  
 -27 -72  26  
   1  52  62  
  35 -70  20  
 -35  33  65  
 -76 -28   3  
 -74 -23  23  
  44  40  55  
 -49   7  64  
  70  -6  40  
  57 -35  46  
  61 -13  52  
  66  18  43  
 -21 -33  71  
   6 -61  53  
  61  53   4  
  52 -44  44  
  16  50  62  
  60 -50  21  
  71   0  39  
   4  65  48  
  57   8  57  
 -40 -35  61  
   4  76  27  
 -47  64  17  
 -29 -50  57  
 -46 -29  60  
  12  73  33  
  63  17  48  
 -27   6  76  
  60 -48  25  
  47 -36  55  
 -77 -22  13  
   0  64  50  
  20 -31  72  
   0  72  37  
  23  74  23  
  73   6  34  
 -80  10  10  
 -62 -36  38  
  20  60  51  
  -6 -58  56  
  76  27   4  
  12  31  74  
 -68  28  34  
  17  63  48  
  -2  42  69  
  53 -60  12  
  16  26  75  
  47  31  58  
  41  65  26  
  42 -68  13  
 -27  -4  76  
 -45 -64  21  
  76 -25  13  
   8 -61  53  
  12  59  54  
  20 -76  20  
  59  55   5  
  73  -3  35  
  65 -12  47  
  72  -5  37  
  75  27  14  
  -7 -20  78  
  -4  63  51  
  35 -65  33  
  55 -13  58  
  37 -17  70  
  16 -64  47  
 -42 -56  41  
 -43 -55  41  
  -7 -53  61  
 -62   5  52  
  -2   0  81  
 -16 -44  66  
  63 -48  17  
  47  55  36  
  41 -66  23  
   2 -81   4  
 -50  63   9  
 -51 -60  20  
  59 -47  29  
 -14   0  80  
  74  10  31  
 -58 -51  24  
 -51 -60  18  
  30 -72  22  
  75 -26  17  
  14 -20  77  
 -75  28  13  
 -45 -18  65  
   4 -81   2  
  11 -69  41  
  68  43  10  
 -34  23  70  
   0 -81   1  
 -47   1  66  
 -69  21  37  
 -27  57  51  
 -15  78  16  
  37 -58  43  
  26  50  58  
 -17  31  73  
  13  78  17  
  78  14  17  
 -13  75  27  
   1 -33  74  
  53 -58  20  
  46  15  65  
  43  54  42  
  58  40  40  
  21  75  23  
  81   0   0  
 -36  22  69  
 -51 -63   3  
 -32  43  61  
  13 -72  35  
  21  70  35  
  79 -17   1  
 -71 -30  25  
 -22 -75  22  
  53  35  50  
 -29  62  43  
   2  81   1  
 -55  38  46  
  54  59  14  
   3  41  70  
   9  -8  80  
 -23  20  75  
 -17  70  37  
  18 -78  13  
 -76 -15  24  
  36 -69  22  
 -43  -8  68  
 -77 -14  21  
 -39  64  31  
 -56  57  14  
 -18  -1  79  
 -79  18   6  
  59 -33  45  
  62  42  31  
  54  60   3  
  26 -23  73  
  44  44  52  
  36 -25  68  
 -47  17  64  
  39 -51  49  
  79  15   8  
 -19  58  53  
  30  56  50  
 -26  41  65  
 -70   5  40  
  17  76  23  
  79 -11  14  
  11 -35  72  
  23  47  62  
 -70 -13  39  
  -3  75  31  
 -50 -18  61  
 -42  69   7  
  25 -13  76  
 -45  64  20  
   4  61  53  
   5 -28  76  
 -23 -71  31  
 -53  52  32  
  -4  51  63  
 -46  33  58  
 -61  29  45  
 -44  56  39  
  79 -18   5  
  71  21  33  
 -76   3  28  
 -21  25  74  
  57  44  37  
 -46  44  50  
 -56  -5  58  
   9  76  26  
 -60 -48  26  
  36  71  14  
 -20 -53  58  
  29 -40  64  
 -78  22   1  
 -48  42  50  
  21  63  46  
 -45 -23  63  
  31  51  55  
 -66 -23  41  
  40  56  43  
  59 -55   7  
  28 -45  61  
 -58   5  56  
 -11 -26  76  
  50 -58  26  
 -35  20  70  
 -26  72  26  
  -1  80  11  
  67 -45   7  
  76 -28   1  
 -57 -44  37  
  78  11  19  
   1  80  12  
  56  42  41  
  -3 -81   3  
 -45 -59  32  
  76  -4  27  
 -40 -10  70  
   3 -31  75  
 -29 -75  10  
  70  26  32  
  33 -74   1  
  24   4  77  
  -5  11  80  
 -55  42  42  
 -54 -48  37  
  24  -6  77  
  80  13   1  
  69  33  26  
  46  46  48  
  -1 -65  48  
  46 -56  36  
 -45  13  66  
 -49  51  39  
  47 -58  31  
  17 -75  26  
 -58 -51  25  
 -12 -42  68  
 -25  24  73  
 -63  50   9  
 -59 -20  52  
  11  48  64  
  34 -69  26  
  -7 -61  53  
   1  17  79  
 -24  -6  77  
 -25  30  71  
  12 -47  65  
   0  79  18  
  -3 -45  67  
 -46  34  57  
 -10 -43  68  
  31 -24  71  
 -49 -59  26  
 -18  27  74  
  28  59  48  
  62  41  32  
  39  45  55  
  10 -80   5  
 -49  39  51  
 -36  70  20  
 -36  39  61  
