  53   3  75  
 -10 -44  80  
  46  68  41  
  41  10  82  
 -58  33  63  
  73 -38  41  
 -30  26  83  
  34  85  10  
   1  88  27  
  28  36  80  
 -70  41  43  
  78  18  45  
  79  47   5  
 -49  20  75  
 -77 -11  49  
  29  41  77  
  77 -15  48  
   9 -41  82  
  13  23  88  
  92   2   3  
  88   4  26  
 -21 -36  82  
 -34  48  71  
 -71 -53  25  
  -5 -32  86  
  35 -38  76  
 -53 -72  22  
  91   6  13  
  58 -69  18  
  44  37  72  
 -68  28  55  
  56 -16  71  
 -54 -10  74  
  48  -7  78  
  -3 -83  39  
  82 -14  39  
 -60  69  12  
 -66  -3  64  
  30  69  53  
  75 -53   6  
 -81 -42  12  
  54 -53  52  
 -40  22  80  
 -80 -42  18  
  52 -50  57  
  51  26  72  
 -64   4  66  
 -20 -72  54  
  89 -11  20  
  50  73  25  
  89 -23   4  
 -32  86   4  
  74 -28  47  
  -1   6  92  
  66 -45  46  
  51  56  52  
 -92   0   2  
  23  85  26  
 -43  27  77  
 -14   2  91  
  62   6  68  
 -10 -61  68  
  72 -16  55  
 -34 -10  85  
 -76  15  50  
  13 -62  67  
  72  45  36  
 -80 -41  20  
 -46  64  47  
 -65 -44  48  
  70  51  31  
 -12 -31  86  
  84   3  38  
  62 -54  41  
 -33  55  66  
  37  50  68  
 -20 -85  29  
  72  12  56  
   9 -36  84  
  32 -86   2  
  41 -82   7  
  53  24  71  
 -57  12  71  
  17  25  87  
 -63 -11  66  
  10  61  68  
 -71  55  21  
  79 -36  31  
 -18 -90   7  
 -17 -84  34  
  38  66  52  
 -47  77  17  
 -71 -42  41  
  43  51  63  
  26 -30  83  
 -74  39  38  
 -30  -5  87  
 -71   5  58  
  71  58   8  
 -45 -80   6  
 -42  64  51  
 -33 -78  36  
 -56 -69  23  
 -78  48   7  
  -4  32  86  
 -83 -39   6  
  33 -47  72  
  -3 -87  30  
  65 -61  22  
 -20  -1  90  
  73 -16  54  
 -62 -26  63  
   2 -81  44  
  24 -34  82  
  81 -38  22  
  27 -83  29  
  63 -30  60  
   4  89  23  
  72 -33  47  
  55 -66  33  
  74  53  15  
  14  -5  91  
 -30  87   4  
 -40 -55  62  
  -3 -89  24  
  -5  47  79  
 -70 -18  57  
  42  73  37  
  58 -35  62  
 -50 -77   7  
 -78  20  44  
 -86 -27  18  
  14   3  91  
 -62 -53  43  
 -90 -17   9  
   1 -92   3  
  63   0  67  
 -40  54  63  
   4 -41  82  
 -23 -24  86  
  47  75  26  
 -62  28  62  
 -82 -42   1  
 -27  11  87  
  37  84   1  
  79 -16  44  
  37  84   7  
  33 -66  55  
   5 -66  64  
  -8  26  88  
 -52  72  24  
  -6  78  48  
  46 -72  34  
 -36 -49  69  
  33 -72  47  
  32  84  19  
 -47  79   1  
  18 -90   1  
 -41 -20  80  
  22  82  36  
 -23 -89   1  
 -31  83  25  
  51 -29  71  
 -43 -71  40  
  85  -3  35  
 -42  47  67  
  85  31  16  
 -54 -16  73  
 -42 -27  77  
  90  20   2  
  43 -10  81  
  38  24  80  
 -65  57  31  
 -52 -76   2  
 -79  44  18  
  14 -87  26  
  23  69  56  
  76 -29  43  
  31 -21  84  
 -50  28  72  
 -46  51  61  
  -2 -92   5  
 -30  85  19  
  64  34  57  
 -70 -56  21  
 -31 -55  67  
  86  27  19  
  79  17  44  
 -56  62  39  
 -63 -56  37  
 -38  31  78  
 -85 -11  33  
  55 -60  43  
  -7 -35  85  
 -84  37   2  
 -62 -65  19  
  38  45  71  
 -29  39  78  
  78 -47  14  
   5 -29  87  
  78   5  49  
 -49  63  46  
  76 -52   3  
 -63  26  62  
   5  84  37  
  23 -19  87  
 -47  71  35  
 -89   6  23  
  13  14  90  
 -18  28  86  
  44  -2  81  
 -60 -52  46  
   2  65  65  
  64  11  65  
  39  70  45  
  41  16  81  
 -62  25  63  
 -92  -2   4  
 -58 -39  60  
  71  -8  58  
  13  83  38  
 -40  10  82  
  11  60  69  
 -78 -49   4  
  70 -32  50  
 -51 -57  51  
  25  47  75  
 -42 -64  51  
   9 -59  70  
 -64  61  25  
  83   8  39  
  30   3  87  
  83  40   3  
  24  39  80  
 -21 -11  89  
  42   2  82  
  72 -13  56  
  16 -67  61  
 -78  37  32  
  35  84  13  
  54 -66  34  
  55  -9  73  
   8 -90  16  
  43 -75  32  
 -38  49  68  
  70  59   9  
 -85 -21  28  
  35  60  60  
 -88 -26   3  
 -46  62  50  
  88 -17  20  
  42  48  66  
 -73 -56   5  
 -54  65  36  
  36 -61  59  
  32 -29  81  
 -24 -71  53  
  59  25  66  
 -83  12  38  
  -2  45  80  
  35 -42  74  
  15 -23  88  
 -27  86  18  
  26  -9  88  
  -4 -56  73  
 -12 -89  21  
 -59  70  11  
  51  76  10  
  34  70  49  
 -24  89   2  
 -39 -51  66  
  -3  55  74  
   4  27  88  
 -68 -50  36  
 -14 -88  22  
  -3   5  92  
 -86  25  21  
 -88 -20  18  
 -55   2  74  
 -52 -61  45  
  50 -12  76  
  20 -68  59  
  50  37  68  
  88  -9  25  
  82  35  23  
 -45 -80   7  
   5 -72  57  
  25 -83  31  
  83 -34  21  
 -77 -18  47  
  -5  81  43  
 -81 -38  22  
  57  72   0  
  19 -74  51  
  23 -83  33  
 -29  41  77  
  10 -89  22  
  -9 -46  79  
 -80 -37  27  
 -88 -24  13  
