 -48 -79  36  
 -75  34  55  
  97  -3  19  
 -94  10  29  
 -44  85  26  
  23 -64  72  
  85  51   1  
  73 -63  22  
  22 -74  62  
 -63  74  19  
 -46 -16  86  
  73  -2  67  
 -60 -38  69  
 -91  28  28  
 -35  37  85  
 -40  55  72  
   5  -1  99  
   6  64  75  
  60   2  79  
  18  22  95  
  35  92   9  
  10  -7  98  
   8 -84  52  
   6  19  97  
 -81  57   4  
  39  74  53  
 -52  81  23  
   5  58  80  
  -3 -94  31  
 -47 -66  57  
 -11  77  61  
  59 -72  34  
  70  44  54  
  16 -96  19  
 -23 -43  86  
  67  71  16  
 -67  -9  72  
  85  22  46  
  93  34   1  
 -95  -9  26  
  -7  43  89  
   8 -45  88  
  39  52  75  
  19  81  54  
 -67  44  58  
  45 -73  49  
   6 -14  98  
 -84  51  11  
 -58  46  66  
  79 -57  17  
  35  70  61  
 -58 -73  33  
  56 -65  49  
 -22  72  64  
 -36  30  87  
 -13  31  93  
 -17  93  29  
  56 -24  78  
 -81  55  13  
 -49 -80  31  
 -97  -6  19  
  59  33  72  
   4   4  99  
 -68  53  49  
  46 -76  44  
 -29  94  11  
 -77  53  32  
  38  38  83  
 -51  83  17  
  73 -36  56  
 -29 -75  58  
 -39 -53  74  
 -46 -42  77  
 -15 -95  24  
 -40 -39  82  
 -13 -63  75  
  76 -58  26  
  70 -54  44  
  98  10  12  
  34 -69  62  
  26  79  54  
 -18  88  42  
  -5  14  98  
 -45   3  88  
  56  80  15  
 -97 -17   8  
 -14 -83  52  
  89  -7  43  
  66 -11  73  
  46 -86  16  
  -4 -33  93  
 -53 -47  69  
  23 -93  25  
  28 -94  15  
 -86 -49   4  
 -52 -75  39  
 -88  28  35  
   0  27  95  
  55 -38  73  
 -50  63  58  
 -90 -27  31  
   3 -28  95  
 -29 -83  46  
  77  46  42  
 -38  -8  91  
  30 -60  73  
  93 -27  20  
 -48  33  80  
  72  12  67  
  32  81  47  
 -60 -53  58  
  67  73   0  
  90 -28  31  
 -18  54  81  
 -69  35  62  
  27 -93  21  
  86   5  49  
   8 -75  64  
 -48 -30  81  
 -62 -19  75  
 -74  -2  66  
 -68  21  69  
 -67 -40  61  
 -95   2  27  
 -93   8  33  
  13 -67  72  
 -70   6  70  
 -56  66  48  
  93  -2  34  
  30 -47  82  
  40 -51  75  
   5 -97  19  
   8  41  90  
 -89  -4  43  
  -4 -77  62  
  62  71  31  
  68  57  44  
  27  87  39  
 -31  94   1  
 -40 -81  41  
 -82 -41  37  
  -3  79  60  
  59  73  32  
 -58 -51  62  
 -38 -55  73  
  65  74  12  
 -21 -56  79  
  -5  31  94  
  89  19  39  
 -57 -69  42  
 -16  94  27  
 -83  44  32  
 -93  34   1  
 -45 -61  64  
  25 -89  36  
   2  55  82  
  -6  91  39  
 -10  94  30  
 -86 -17  46  
 -72  53  43  
  19 -97   8  
 -91  35  16  
  83 -40  36  
  73  37  56  
 -62 -17  75  
  49  81  29  
 -10 -23  96  
  87   4  47  
 -77  61  12  
 -21 -88  40  
  52 -24  81  
 -76 -59  24  
  94 -21  23  
  48  55  67  
  43  88  16  
 -57  24  77  
  55 -26  78  
 -57 -61  53  
  19 -90  36  
 -36  69  61  
 -95  12  26  
 -31  92  20  
  49  83  22  
 -14 -52  83  
 -46 -31  82  
  74 -34  56  
 -84  -9  52  
  87   3  47  
  22 -16  95  
 -44 -87  17  
 -34 -61  70  
  72  45  51  
  97  17  12  
   0 -70  70  
 -60   9  78  
  97  11  16  
  78 -10  60  
  95  28   0  
 -57  31  75  
  95 -26  12  
 -40  88  22  
   2  80  58  
 -42 -25  86  
  24 -70  66  
  -7 -43  89  
  90  12  40  
 -84   3  52  
 -67 -10  72  
 -12 -78  60  
  32  93   9  
  73  -5  67  
 -90  -9  40  
  57 -62  52  
 -27 -78  55  
 -40  16  89  
  71 -54  43  
   2  61  78  
 -25 -96   2  
 -14  -3  98  
  79 -49  34  
  19  89  39  
 -79 -54  25  
  33 -53  77  
 -73  62  26  
 -53 -15  82  
 -12  98   4  
 -99   3   2  
  85  51   4  
 -85 -38  33  
 -54 -83   5  
  83 -46  28  
  -2  80  58  
  15 -13  97  
 -61  45  64  
  39 -82  40  
 -84 -26  45  
  82 -21  51  
  48 -83  24  
 -59 -46  65  
 -61  49  61  
 -36 -89  25  
  81   9  56  
 -86  21  44  
  71 -58  37  
 -23  34  90  
  53 -20  81  
 -34  84  40  
  70 -51  48  
 -17  96  16  
  48  56  66  
 -33 -92  16  
 -37 -84  37  
 -89 -36  25  
 -83  21  50  
 -92 -36   3  
  -2  24  96  
 -37  92   1  
  76 -26  58  
   6 -81  57  
 -82   8  55  
  10   9  98  
 -95 -20  20  
  90  27  31  
  72 -51  45  
 -83 -52  13  
 -55 -57  59  
  -1 -83  54  
 -85   7  50  
 -60 -47  63  
  58  66  46  
  31 -58  74  
 -41 -27  86  
 -17  30  93  
 -45 -35  81  
  44 -84  29  
 -33 -78  51  
 -20   3  97  
 -64 -33  68  
 -32 -77  53  
  46  36  80  
  20 -96  14  
  17 -93  30  
 -71 -20  66  
 -12  73  66  
 -90 -38  15  
  -5 -95  27  
  17  60  77  
 -30  94   4  
 -53  83   8  
 -11 -75  64  
  39  -6  91  
 -66  61  42  
  34 -35  86  
 -95   4  27  
  83 -14  52  
 -29  12  94  
  79 -59   7  
  93   4  33  
  77 -12  61  
  10 -40  90  
