   2  18   8  
  -4 -18   8  
  11  -9  14  
  20  -3   0  
  -3 -10  17  
  15  -7  11  
   7 -18   5  
   3  -5  19  
  11 -15   8  
   0  -6  19  
 -10 -10  14  
  -1  18   9  
 -13  15   3  
 -14  14   2  
   0  20   3  
  17   0  11  
 -15  -4  13  
  -9  -6  17  
  -1   1  20  
  -1  20   1  
 -19   0   7  
   3  15  13  
 -13  -3  15  
 -11 -15   8  
 -20  -3   1  
   3 -13  15  
 -14   0  14  
  -2 -10  17  
  -5  19   4  
  18  -5   7  
  -9  15  10  
 -18   5   7  
 -11   5  16  
  -5  19   3  
  17 -10   3  
   0 -12  16  
  -8   9  16  
 -20  -1   3  
  20   1   1  
   8 -16   9  
  -6 -17   9  
  16  11   4  
   1 -14  14  
   7   5  18  
 -13  -8  13  
 -10   9  15  
 -18  -5   7  
  -2   2  20  
   9  -6  17  
  -2  17  10  
   6 -16  10  
   2 -19   6  
  -9 -18   1  
  -5 -17   9  
   8  -4  18  
  -6   6  18  
   9  15  10  
 -18  -8   3  
  19   6   2  
 -19   4   4  
 -12  16   2  
  20   2   2  
   4 -14  14  
  -4  -5  19  
   0   0  20  
 -18  -7   6  
  14   4  14  
  12 -16   2  
  -4 -14  14  
  11  12  12  
  -5   4  19  
  18  -9   1  
   7 -15  11  
  11  16   4  
  16 -11   4  
 -17   0  11  
 -17  -2  10  
  15  11   7  
  11 -16   4  
  13 -15   3  
  -9 -18   2  
  11  14   9  
   2 -18   9  
  -2  12  16  
   0  20   1  
   7  19   0  
  -9  17   5  
  -9  18   1  
  14  13   6  
 -17   3  10  
  -7 -15  11  
   4  18   8  
 -18   8   4  
  15  12   6  
 -13  14   6  
  18  -2   8  
  -1  -2  20  
 -18  -9   1  
 -13  -1  15  
 -17   5   9  
   7  17   8  
 -15  -1  13  
  15 -13   4  
  17   3  10  
  -8  -2  18  
  11 -14   9  
   3 -10  17  
  17  -3  10  
  20  -1   3  
  -3  12  16  
 -16   6  10  
   8 -12  14  
  -9 -16   8  
  20   1   0  
  20   2   1  
  16  10   6  
 -15  -5  12  
 -18   2   8  
  -5  17   9  
 -12   6  15  
  13   6  14  
   5  15  12  
   3  -8  18  
 -18   1   9  
  14  -8  12  
   6  10  16  
  -4   5  19  
  11   9  14  
 -12  15   5  
   3   1  20  
 -15  -9  10  
   6  14  13  
  10   6  16  
  18  -8   2  
  -7 -16  10  
  13  -8  13  
   2 -15  13  
 -11  16   5  
  -5  11  16  
  14  12   8  
 -11 -12  12  
  16  10   7  
  -2   1  20  
   0  11  17  
  17   9   6  
   0  12  16  
 -19  -6   3  
 -10  14  10  
   8  18   3  
  10 -10  14  
  19  -5   4  
 -15   7  11  
  15  12   5  
  -3  19   5  
 -16   8   9  
  -9  17   6  
  -8 -18   2  
  -2  -9  18  
  14  -9  11  
   9   2  18  
   6  16  10  
   5  16  11  
   6 -18   7  
   0  15  13  
   4  -8  18  
 -15  13   4  
  13  -2  15  
   0   3  20  
  13  13   8  
  18   6   7  
  18   4   8  
   2  12  16  
  -2  18   8  
  -5  -4  19  
   4  10  17  
   0 -20   1  
  11 -17   0  
   3 -14  14  
   0  20   0  
   7   8  17  
  16  -4  11  
   3 -19   6  
 -10  16   7  
  12  -5  15  
 -20  -2   1  
   1  12  16  
  15 -10   9  
  10  16   6  
 -13   0  15  
   5  17   9  
   2  14  14  
  12   0  16  
  17  -2  10  
   5 -16  11  
   4  19   4  
   6 -17   9  
  14   6  13  
 -19  -3   6  
 -11  -8  15  
  -4 -11  16  
   4  17  10  
  -1  -3  20  
  -9   2  18  
   9 -17   5  
  17 -10   4  
   8  12  14  
   4 -11  16  
  14  -3  14  
  -4 -15  13  
  -6  -7  18  
  18  -6   7  
  -9   8  16  
   4   4  19  
 -14  14   3  
 -15  10   9  
 -11 -16   5  
   8  -7  17  
  10 -17   3  
  19  -4   5  
  19  -6   1  
 -20   1   2  
 -19   5   3  
   0   2  20  
 -13  13   8  
 -18   8   3  
   4 -19   5  
  14  -1  14  
   5   4  19  
  12 -12  11  
  15   0  13  
 -18   8   2  
   2  20   2  
 -12   3  16  
  12 -15   5  
   4   5  19  
  -2 -18   9  
  10   7  16  
  13 -15   4  
   3  16  12  
  -6 -10  16  
  -4  14  14  
   0  20   2  
  -8   7  17  
 -18   7   6  
   7   6  18  
 -13  -9  12  
   3   8  18  
   3 -20   1  
  10  17   4  
   2 -16  12  
  -2  -8  18  
  13 -14   6  
   1   9  18  
 -18  -2   8  
 -17  -5   9  
  13   8  13  
  14   8  12  
  -9  13  12  
  -6 -15  12  
  -6  -1  19  
   2  13  15  
  -1   6  19  
  -9  12  13  
 -12  -3  16  
   6   9  17  
   9   6  17  
   7  18   5  
  12  16   3  
   8 -18   4  
   0   1  20  
 -16  11   4  
 -18  -8   2  
  -8  11  15  
  14   0  14  
   9  10  15  
  20   2   0  
  14  -4  14  
  -2  16  12  
  -2  20   2  
   0  19   7  
   0 -17  11  
  14  11   9  
 -13   2  15  
   8 -18   3  
  -4   8  18  
  -2 -12  16  
   0   6  19  
  20   1   3  
 -19  -2   6  
  12   1  16  
 -14 -14   1  
   9 -14  11  
   6  -1  19  
  11  -5  16  
  19   3   5  
   9   8  16  
   2   8  18  
   1   1  20  
 -16   9   8  
   5 -19   4  
