  25 -44  17  
 -40 -27  23  
 -37  31  23  
 -42 -26  21  
 -14   9  51  
 -40  35   5  
 -43  27  17  
  16  50   9  
 -10 -36  38  
  50 -13  14  
  -6  31  43  
 -19  50   4  
  10 -47  23  
  23 -47  11  
  45   0  29  
  33  14  40  
  38 -37   7  
 -36  -5  39  
  49   7  20  
  34 -33  25  
  13  35  38  
 -51  -2  16  
 -22  -2  49  
 -50  11  16  
 -43  -2  32  
  -3 -53   7  
 -53  -3   5  
 -45  26  12  
  -5   6  53  
  21 -49   2  
  41  19  29  
  32  25  35  
  -4 -42  33  
   0  13  52  
 -33  36  22  
  21  49   4  
  -3 -16  51  
  11 -42  31  
  11  -6  52  
  47  10  23  
 -26  20  42  
  13 -50  14  
   4 -43  32  
  21  10  48  
  14 -43  29  
  -2  51  16  
   9  44  29  
 -33  33  26  
 -12 -14  50  
 -26 -32  34  
 -18 -24  44  
 -19  11  49  
  -4 -48  23  
  47 -23  11  
 -44 -16  26  
 -37  18  34  
  34 -41   6  
   5  25  47  
 -50 -16  10  
 -34 -37  19  
 -53   7   2  
  25  40  25  
 -30 -41  17  
  13 -14  50  
  44 -29   8  
 -10  51  13  
  39 -11  35  
  24  39  28  
   7  46  26  
  11 -49  18  
   5  -7  53  
 -24  30  37  
  14  46  23  
  47  24   9  
  -5 -52  11  
 -31 -12  42  
 -14  29  43  
 -25 -46  10  
  14 -49  16  
  27  -5  46  
  18 -44  25  
 -29  34  29  
 -33 -36  22  
  36  23  32  
 -44 -30   5  
  50  17  10  
 -14 -46  24  
 -40 -35   6  
 -17  -9  50  
  -3 -47  25  
   9 -44  29  
   4 -46  27  
 -28  40  22  
 -12  10  51  
 -28  13  44  
  17  16  48  
   0  32  43  
   9 -16  50  
  -7  44  30  
  34 -39  13  
  -2  13  52  
  22  13  47  
  -7  -2  53  
 -43   6  31  
 -30 -17  41  
 -45 -16  24  
  42  33   1  
 -20  46  18  
  27  -6  46  
 -13  50  13  
  38  -8  37  
 -35 -23  33  
 -16  51   2  
 -15  51   6  
 -10 -29  44  
  -7 -47  25  
 -21  39  30  
 -51 -12  11  
  51  14   7  
   7 -53   4  
 -46  24  13  
  -9  51  13  
  -4  42  33  
   4 -49  21  
   8   3  53  
  29  41  18  
  13 -28  44  
 -26  26  39  
 -39 -21  30  
  35 -37  16  
 -12  18  49  
  -7  51  15  
 -51  -6  15  
 -42 -21  26  
   0  42  33  
 -31 -18  40  
 -39 -34  14  
 -30  42  15  
  30  40  19  
 -18 -44  25  
  22   1  49  
  31 -41  14  
  33 -40  14  
  -8  26  46  
   9 -50  17  
 -51 -14   9  
 -45 -25  14  
  49  19  10  
  43 -29  13  
   2  48  23  
   6 -53   0  
  52  10   7  
  41 -24  25  
  15  47  21  
  22 -48   7  
 -10 -40  34  
  -8  24  47  
  17 -14  49  
  27  46   5  
 -45  17  23  
 -35  23  33  
 -46 -11  25  
  -9   9  52  
  42   7  32  
  46 -14  24  
   5 -23  48  
  20  12  48  
  24  43  21  
  51   9  13  
  19  -4  50  
 -26 -34  32  
 -12  52   5  
 -41 -31  14  
 -49  14  16  
  24  48   0  
  40  15  32  
  47 -14  21  
  15 -15  49  
  52  -4  13  
 -31  30  32  
  15 -48  18  
   5  51  15  
 -16 -15  49  
 -47 -23  12  
 -40  20  29  
   1 -33  42  
   4 -30  44  
 -29 -32  32  
 -37  37  11  
 -14 -42  30  
  28  35  29  
 -37  38   5  
  -6 -21  49  
 -22 -47  12  
  -7  51  14  
  52  13   1  
  50 -17   7  
 -12  15  50  
  18 -50   4  
 -35  16  37  
  53  -6   5  
  38  12  36  
  13 -52   2  
  51  15   6  
  32  30  31  
 -27  35  30  
  10  35  39  
 -28 -45   6  
   2  48  24  
  30  34  28  
 -30  41  17  
  22 -29  39  
 -28 -45   7  
  27 -45  10  
 -10  35  39  
 -46  22  17  
  10  38  36  
  -6  52  11  
 -10 -19  49  
  41  34   6  
 -43  28  15  
  33 -32  27  
  -3 -30  44  
  35  25  32  
 -25  -7  47  
  10 -50  17  
  10 -29  44  
  34 -30  28  
  36 -20  34  
   9  32  42  
  32  13  41  
 -18 -18  47  
 -19   3  50  
 -24 -44  18  
  -3   7  53  
   0 -53   7  
  14   7  51  
 -38 -22  31  
 -44  25  17  
   0 -19  50  
  34  41   6  
 -41   5  34  
  48  -5  23  
  42  21  26  
 -15  11  50  
 -11  45  27  
  -3 -33  42  
  -3  48  24  
   9 -51  14  
 -50 -18   4  
 -52 -13   3  
 -32 -20  38  
   6  53   1  
   5 -41  34  
  -9 -40  34  
  36  37  14  
 -12  41  32  
 -34 -37  18  
 -27 -45  11  
 -38 -27  26  
 -30  44   3  
  20 -41  28  
 -29  37  26  
 -12   0  52  
 -16 -48  17  
  52  12   5  
  10  -8  52  
 -47  18  18  
 -13 -26  45  
 -48 -24   2  
  11 -12  51  
 -44 -29  10  
  41  34   3  
 -17 -44  25  
  21  42  26  
 -46   3  27  
  19  48  14  
 -20  48  13  
 -52   1  12  
  13 -47  22  
  34 -14  39  
  35  27  30  
 -30 -23  38  
  21  22  44  
  33  34  25  
  16  22  46  
  37 -32  22  
 -27   6  46  
 -45 -12  26  
 -20 -21  45  
  45  24  16  
  49  -4  21  
  23  36  32  
  34  34  23  
  23  27  40  
  36  11  38  
  -7 -51  15  
 -35  36  19  
  50 -14  12  
  20  46  19  
