 -19   6  14  
 -16  -5  18  
 -15  15  12  
  10   4  22  
  -9  -9  21  
 -19  -2  15  
  14 -12  16  
 -13  -9  19  
 -23   6   6  
  14  -1  20  
   3 -19  15  
   8 -12  20  
   7  19  14  
   5  -7  23  
 -15  -4  19  
  19   8  13  
   2  22  11  
 -21 -10   8  
  -8  13  19  
   9 -23   1  
  18   5  16  
  19  -7  14  
  -7  12  20  
  -6 -23   5  
   9  20  11  
 -22  -5   9  
   5 -13  20  
  20 -10  10  
  -5  13  20  
   4 -23   7  
  17 -12  13  
 -10  22   5  
 -20  -2  14  
 -22  10   5  
 -14   1  20  
  -2   5  24  
   9  15  17  
   4   2  24  
  22 -11   1  
  13 -14  15  
  -5   6  23  
  22  11   1  
  18 -12  12  
 -16  17   8  
  -9 -16  16  
 -14  18   9  
  24   3   5  
 -14 -13  15  
  16   4  18  
  19  -4  15  
  20   2  14  
  10  -4  22  
  14  -9  18  
  -2 -24   3  
  18  -3  16  
  23   6   5  
   3  21  12  
 -14 -20   2  
  23  -3   8  
 -18  -9  14  
  -1 -14  20  
  10  22   4  
 -15 -13  14  
  14  16  12  
  13   1  21  
  19  15   3  
   3  24   5  
  10  13  18  
 -20  13   5  
  21   6  11  
 -18  12  11  
  -2  24   4  
  21  -9   9  
   4   1  24  
  -3  15  19  
  -9 -18  14  
  -8 -22   8  
 -18 -16   4  
 -11  -2  22  
   4   0  24  
   7  16  17  
  -6 -13  20  
 -22   8   7  
  16   9  16  
 -13  -8  19  
 -22   2  11  
 -13  10  18  
  12 -21   5  
   1   4  24  
   7 -23   5  
   2 -11  22  
   0  -5  24  
  -3   8  23  
   7  -4  23  
  15  -5  19  
   2  -4  24  
  17 -15   9  
  23   7   5  
  21   3  12  
  19  12  10  
  -2 -24   4  
   4  17  17  
 -18  16   3  
 -24   4   1  
  -7 -21  11  
  17  16   7  
 -16 -17   8  
 -19  13   8  
   0  24   4  
 -15   9  17  
 -13  14  15  
  23  -9   0  
  -6 -21  11  
   7  -8  22  
   0  -4  24  
   0  -8  23  
  24  -3   3  
  12  20   8  
 -20  -4  14  
  14   7  19  
  -2 -22  11  
 -14  15  13  
  10 -21   7  
   0  20  14  
 -18 -16   3  
   1  22  11  
 -21  -4  12  
 -11   7  21  
  -1  14  20  
 -19  15   3  
  23  -8   3  
  -6  14  19  
   9  16  16  
  -4  24   2  
  -2  24   5  
  -7 -19  14  
  10  21   8  
 -12   7  20  
 -21   7  10  
  21  12   5  
   6  23   6  
  16   8  17  
 -23  -5   7  
  -5  12  21  
  16 -18   3  
 -23   1   8  
  -8 -23   4  
  16  -3  18  
 -11 -22   1  
  -4   0  24  
  13  10  18  
   4  21  12  
  11  11  19  
  12  21   4  
 -12 -18  11  
  23   5   6  
  22  -9   6  
 -18  10  13  
  12 -20   7  
 -16  15  11  
 -12  18  11  
  20   8  12  
   9  23   0  
 -12  -7  20  
  10 -10  20  
 -22   4  10  
  -4  21  12  
  16 -13  13  
   9 -19  13  
 -17 -15   9  
  -2   8  23  
 -18  11  12  
  -1 -11  22  
  23  -7   5  
  17 -14  11  
 -18   5  16  
  -2  -8  23  
  12 -10  19  
  10   7  21  
 -21  -6  11  
   5  24   3  
  -9 -17  15  
   2 -24   3  
 -18  -7  15  
 -12 -17  13  
  -5  18  16  
 -23   8   2  
   0  22  11  
   1   9  23  
  11  21   6  
   6  23   5  
   7   4  23  
 -12 -21   3  
  14 -19   7  
  23   8   1  
  -1  23   9  
  -6 -14  19  
  -1 -20  14  
 -24  -5   1  
 -11  -7  21  
  -8 -10  21  
  24  -4   3  
  19 -14   7  
   5  16  18  
  10  22   3  
 -23  -6   5  
  18  13  10  
  -3 -18  16  
 -22  -3  10  
  -4   1  24  
 -13 -13  16  
  17   4  17  
 -20  -3  14  
  -7 -22   8  
 -19  15   4  
   8  10  21  
 -14  16  12  
  24   5   3  
 -15   2  19  
  22 -10   4  
  20  14   1  
  19  13   8  
 -18 -14   9  
   5  15  19  
 -24  -1   5  
 -13 -19   8  
  -5 -10  22  
 -23   7   4  
  -3   2  24  
   2   5  24  
  20  13   6  
   2  12  21  
  19   3  15  
   8   2  23  
 -14  19   6  
  -3 -12  21  
 -16 -18   3  
  -9  -1  23  
  23  -1   8  
  21  -5  12  
  10  20  10  
  -2  23   8  
  -5  20  13  
 -11 -14  17  
  12  21   5  
 -19  -3  15  
 -21  -9   9  
 -18  -3  16  
  -4 -21  12  
 -14   7  19  
 -19 -12  10  
  11  -2  22  
   0 -22  11  
  24   3   3  
 -14   3  20  
 -12 -13  17  
  -2 -19  15  
  21  -2  12  
 -22  -7   8  
  -5   9  22  
  11 -19  11  
   1  11  22  
 -14  20   1  
 -16 -13  13  
 -16  14  12  
  24  -3   5  
 -13  -6  20  
  13 -20   6  
 -10 -22   3  
  24   0   5  
 -16  -3  18  
  21  -7  10  
  -3  16  18  
  23  -4   8  
 -12 -11  18  
  18  -9  14  
 -14  20   3  
   4  -3  24  
   3  14  20  
  -8  23   4  
 -16   8  17  
  24  -5   0  
 -10  21   8  
   0 -20  14  
  20   7  12  
   5 -16  18  
   9  21   9  
 -24   4   3  
 -12  11  18  
  16 -14  12  
  -6   9  22  
 -11 -22   2  
 -18 -15   7  
  -7  10  21  
  -4   8  23  
   8 -20  12  
  12  -8  20  
 -15  -5  19  
 -15  -3  19  
  14  -2  20  
