  61 -59  22  
 -53 -69   8  
 -18 -33  79  
 -46 -49  56  
  79  30  23  
  82   8  29  
  12 -82  28  
  -1 -75  45  
  26 -37  75  
 -26  -7  83  
  52   3  70  
 -80   2  36  
 -76 -38  20  
 -63  36  49  
  37  44  66  
  73 -30  38  
 -20  44  73  
 -65 -56  16  
  82  17  25  
  76  23  37  
 -45 -11  74  
 -30  32  76  
   1  80  35  
 -74   5  46  
  39 -47  63  
  47  -2  74  
  72   8  49  
  74   0  47  
  75  26  37  
 -29 -75  34  
  30  69  45  
  12  11  86  
  14  63  59  
  55   4  68  
  -3  16  86  
  61 -36  51  
  15  30  81  
  48  64  36  
 -27   9  83  
 -52 -70   5  
 -67 -53  20  
 -42 -38  67  
  36  51  61  
 -85  13  16  
 -73 -47  11  
  83  -8  26  
 -34 -40  70  
  58  65   7  
   8  -7  87  
 -71 -31  41  
  82 -29   8  
 -51  12  70  
  83   8  27  
 -62  53  31  
 -69 -28  46  
  15 -24  83  
  65  52  27  
 -47  62  40  
 -78   1  40  
 -76  43   4  
  31  73  37  
 -82   7  30  
 -75 -45   2  
 -21  56  64  
  -3   8  87  
  52  61  35  
 -69 -39  37  
  64 -30  52  
  -6  15  86  
  64  40  44  
 -59 -17  62  
  74 -46   9  
  14  72  48  
  52  37  60  
 -17  65  56  
  23 -46  71  
 -20  84  15  
  43  38  66  
  40  27  73  
 -86   1  16  
  11  62  61  
 -60 -15  62  
 -74  39  26  
  29 -74  37  
 -80 -11  34  
 -27  76  34  
 -65  47  35  
 -47  69  26  
 -49 -62  38  
 -64  55  24  
  27 -70  45  
 -12 -84  22  
 -46  10  74  
 -82  -7  29  
 -49 -55  47  
 -78 -23  32  
  53  58  38  
 -63 -55  26  
  -5  80  35  
  53  67  20  
   1 -82  31  
 -28 -78  28  
  39  70  35  
 -44  46  60  
 -80  35   4  
  63 -52  31  
 -82 -28  12  
  42 -29  71  
   2 -77  42  
  57 -60  28  
   1  81  33  
  41  71  31  
  76  -9  42  
  61 -38  50  
 -65  33  48  
 -45 -13  74  
 -29 -82  11  
 -32  55  60  
  27 -73  40  
  49  62  37  
  -3  -7  87  
 -15 -69  52  
  80  -2  36  
  48 -35  64  
  19 -33  79  
  -2  73  48  
  -1 -10  87  
  11 -77  40  
 -39  56  55  
  71 -50   9  
 -83   6  27  
 -82 -25  18  
  12  86  11  
  64 -51  31  
  -6  64  59  
 -67 -54  15  
  82  19  24  
 -14  14  85  
  78 -13  38  
 -80   1  36  
  76  35  25  
 -58  24  61  
  64 -26  54  
  29  60  57  
  20  84  13  
  52  52  47  
 -59 -64   9  
  39 -78   9  
  35  51  62  
 -80 -31  16  
  -7  76  43  
 -27   0  83  
  64  20  56  
 -72 -49   9  
  -9  75  44  
  40 -67  40  
  48 -59  43  
 -58 -41  51  
  85   1  21  
 -48 -31  66  
 -72  35  35  
 -38  62  49  
 -15 -54  67  
  41  31  71  
   3  21  85  
  42 -76   9  
   6  87   8  
  51  21  68  
 -35  71  37  
   9 -57  66  
  42  27  72  
 -74 -31  35  
 -63  60  10  
 -30   3  82  
  46  48  57  
  50  -4  72  
 -81  19  27  
  40  50  60  
 -12  43  75  
  40  48  61  
  85 -19   7  
 -71  24  45  
 -76  39  20  
 -23 -73  42  
 -78 -40   1  
 -39  64  45  
  54   3  69  
  43  12  75  
  32 -64  50  
 -16  60  62  
   4 -48  73  
  34  53  61  
  70 -52   8  
   6  81  33  
   1 -84  24  
  83 -10  25  
 -60  -1  64  
  57 -27  61  
  51   6  71  
  72 -10  49  
  86  12  12  
 -14  24  83  
 -50  25  67  
 -48 -42  60  
   8  34  80  
  -8 -64  59  
  65 -37  45  
 -12  40  77  
 -71 -49  15  
  -7 -81  33  
 -13  38  78  
  42 -73  24  
  84  15  20  
  26 -83   7  
  33   1  81  
  24   6  84  
 -59  31  57  
 -52  19  68  
  79   8  37  
 -62 -36  50  
 -44  75   8  
 -59  59  26  
  20  19  83  
  85 -18   9  
  60  42  48  
 -83   8  27  
 -19 -63  58  
  25  13  83  
 -40 -51  59  
  18 -85   9  
  58 -65   7  
 -10 -58  65  
 -46  74   7  
 -37  49  62  
 -21  13  84  
  37 -78  15  
   9  87   3  
 -38  64  46  
  14  52  69  
 -39 -69  37  
 -62 -51  35  
  67 -20  53  
  59  19  62  
 -76 -42  11  
  -6 -46  74  
  87   1   9  
 -38  21  76  
 -34  20  78  
  54 -48  49  
 -58 -38  53  
 -85  20   4  
 -77  11  40  
 -25   3  84  
  80  35   5  
   5 -85  21  
  -9  74  46  
   5 -55  68  
 -51  16  69  
 -21 -26  81  
  -5 -15  86  
  19 -84  14  
 -66 -24  52  
  78  35  19  
  31 -79  22  
 -76 -30  32  
   2 -69  54  
  -4 -39  78  
  20 -79  32  
   7 -87   7  
 -60 -21  60  
 -87  -9   4  
 -29  75  34  
 -82 -31   2  
 -83   3  28  
  17 -55  66  
  60  63  10  
 -59 -18  62  
  71 -46  23  
   0  47  74  
  59 -44  47  
 -74   9  46  
  12 -65  57  
 -30  82   1  
  -2  -9  87  
  62 -60  16  
  78 -39   3  
 -49   7  72  
  46  -7  74  
 -86  -3  16  
  23 -64  55  
  85  19   8  
 -81  33   4  
  68  -9  54  
  86  17   1  
 -55 -68   2  
 -38  70  36  
  37 -31  73  
   6 -52  70  
  80  -1  35  
  59  44  47  
