   9 -16  23  
  14 -22  14  
  28   7   6  
  24 -15   8  
  14 -10  24  
 -23 -18   3  
 -18   8  22  
 -29  -2   4  
  16   9  23  
   6   0  29  
   5  16  24  
  -8 -19  21  
   6 -21  20  
  21  18  10  
   1  24  17  
  20  13  17  
 -18  20  12  
  16  25   0  
   8 -26  12  
  25 -11  11  
  -9 -19  21  
 -11 -23  15  
  25  -8  13  
  -3 -27  12  
   6  -6  28  
 -19  20  11  
  25 -16   0  
 -26 -10  10  
  29   4   0  
 -21  12  17  
  -1 -25  16  
 -10  26   9  
  14 -20  17  
  11  15  23  
   7  26  12  
  11  13  24  
  16  -7  24  
 -29   1   5  
 -28  -9   1  
 -14  17  20  
 -21  -1  21  
 -21   1  21  
 -11   9  26  
   8   3  28  
   0  -9  28  
 -27   8   8  
  29  -5   4  
  19   8  21  
  13 -24  11  
   4 -29   2  
  23   5  18  
 -11  16  22  
  -9   4  28  
  23 -13  13  
 -24  14  10  
  -6  -8  28  
 -16  -1  25  
  19  20  10  
  -3  17  24  
  23  15  11  
  -6  -6  28  
 -26   8  12  
   1  -4  29  
  -5 -29   1  
   5 -29   0  
  19 -17  15  
  23 -18   3  
  21  10  18  
 -12 -24  12  
   7  -9  27  
 -27 -12   3  
 -23  18   3  
 -24 -10  14  
  11  23  15  
   1 -27  12  
  19 -12  19  
  20 -19  10  
  -9  25  13  
  16  -1  25  
   8 -25  14  
   4 -21  20  
  14  19  18  
  -4   0  29  
  18  22   7  
   8  19  21  
  29   5   1  
  16   0  25  
  -6  12  26  
 -15 -16  20  
   5  27  11  
  25   4  15  
  26 -13   5  
  -7   5  28  
 -23  10  16  
 -19 -10  20  
  28  -9   1  
   9 -27   7  
  10 -25  12  
   7 -26  12  
  -7 -25  14  
 -20  20   9  
 -10  23  16  
 -11   3  27  
 -10 -20  19  
  -9  13  25  
 -17  20  14  
  -4 -15  25  
  12  14  23  
   8  28   3  
  25  -9  13  
  17  24   3  
 -16   2  25  
  -4 -11  27  
  -3  27  12  
   9  25  13  
  18   4  23  
 -22  10  17  
  21 -20   6  
  -5 -16  24  
  -6  -7  28  
 -23  12  14  
  -5  29   3  
  13  -4  26  
  22  -5  19  
 -10 -28   1  
 -14 -26   1  
   9  16  23  
  12  26   6  
  24  13  11  
  20 -18  12  
  19 -21   8  
  27  -5  11  
 -14   8  25  
 -22  14  14  
  28  -2   9  
 -29  -4   2  
 -22   6  19  
  10  28   1  
   3  26  14  
  23  -3  18  
  22 -18   8  
   4  29   4  
  -9 -11  26  
  23   3  18  
   2  29   5  
  20 -21   6  
 -14   1  26  
   1 -16  25  
   6   8  28  
 -16  22  12  
 -21  10  18  
   9 -25  13  
  14  18  19  
  -5 -29   3  
  -5  11  27  
 -13  -4  26  
   9 -27   8  
 -27  12   1  
  26   1  14  
   6 -24  16  
  19 -20  10  
 -23  -5  18  
  17   3  24  
 -10  21  18  
  -5 -23  18  
   4  -3  29  
   1  29   6  
  26   8  11  
 -24 -16   7  
 -13  25   8  
   4 -24  17  
  21 -20   4  
   1 -24  17  
   6  -2  29  
 -19 -17  15  
  -7 -14  25  
   2  17  24  
 -17  24   2  
 -25   0  16  
  24   0  17  
  24  -9  15  
 -21  -8  19  
  17 -23   8  
  17   0  24  
   6  -7  28  
  11 -13  24  
  16 -15  20  
  -3  29   3  
  19 -16  16  
   6 -13  26  
  14 -24  10  
  25  -2  16  
 -12 -27   2  
 -16 -24   5  
 -26 -10   9  
  20 -13  17  
  -5  -2  29  
  28  -4   8  
 -17  23   8  
  19  -5  22  
  -9  28   3  
 -19  22   6  
  -8  28   4  
  23 -16   9  
  27   9   8  
 -29   2   5  
  16  20  15  
  26  11   8  
   3  28   9  
  20 -20   9  
 -18  -7  22  
 -28  -7   7  
  20   4  21  
 -26  -1  14  
 -26  -6  13  
  17  24   2  
   1  29   4  
   4  24  17  
  25  12  10  
  27  -9   8  
 -12  -3  27  
  12 -24  12  
  -6  13  26  
  -2 -25  16  
  29   4   3  
 -22 -18   8  
 -17 -23   8  
  28   9   2  
 -26  13   6  
  11  20  19  
   6 -27  10  
 -28  -9   4  
   3   3  29  
   9   0  28  
  27  -8   8  
 -17 -12  21  
   2  -6  29  
 -15   9  24  
   2  -9  28  
  24  16   6  
 -16 -23   9  
 -11  11  25  
  21  17  12  
  -5 -26  13  
 -17 -19  15  
 -27  11   3  
 -22   0  20  
 -27   6  10  
  18  20  12  
  -7  28   5  
  22 -19   5  
 -24 -17   2  
  -9 -26  11  
  10  23  16  
 -27  12   3  
  26   0  14  
   7  28   7  
  26  13   6  
 -17   8  23  
   8   8  27  
 -26  -9  11  
   2  -4  29  
  -5 -21  20  
  -4  18  23  
  14 -25   6  
 -16 -20  15  
 -21  -9  19  
  26  14   0  
   9 -21  19  
  -1   4  29  
 -10 -17  22  
 -21  20   5  
  25 -12  10  
  28   2   9  
  15 -25   4  
  26 -11   8  
   4  13  26  
  12 -25  10  
 -25  -3  15  
  24  17   0  
  -6   7  28  
   4 -22  19  
  -8 -24  15  
  -4  20  21  
  -9 -28   2  
  -1 -29   4  
  -4   1  29  
  -8  24  15  
  11 -20  19  
  -9  -8  27  
 -17  13  20  
 -24   0  17  
 -24  12  12  
 -13   8  25  
 -28   6   8  
 -25  15   3  
   1 -10  28  
 -14  -2  26  
 -29  -1   5  
 -16  17  18  
