 -74 -100  76  
 -71  85  95  
  77 -93  82  
  93 -91  66  
  81 -76  95  
  66  83 100  
  72 -95  84  
 -95 -95  57  
 -83 -80  90  
 -97  76  78  
  69  88  94  
  85 -74  93  
 100 -37 100  
  72  82  97  
  84  96  71  
  90 -87  75  
 -93  86  73  
 100  68  82  
 -54  99  93  
  53 -94  98  
 -97  44 100  
 -62  92  95  
 -76 -89  87  
 -60 -91  97  
 -98  62  89  
  92 -73  87  
 -87 -79  87  
  88  83  82  
  97  80  74  
 -91 -83  78  
  74 -93  85  
 -74 -96  81  
  91 -84  77  
 -91 -78  83  
 -63  91  95  
 -87  79  87  
  86 -73  93  
 -58  99  90  
  91  58  98  
  92  65  93  
  99 -81  70  
  54  99  93  
 -92  89  70  
  92  96  60  
 -60  94  94  
 -88 -92  71  
 -82 -96  73  
 -87  73  92  
  83  94  75  
  62  98  89  
  88  69  94  
  97  48  98  
 -98  41 100  
  80  89  84  
 -94 -52  99  
  80  73  98  
  82 -78  92  
  97  50  97  
 -57 -98  92  
 -99  86  64  
  89 -61  98  
  87 -67  96  
  76 -85  91  
  84  85  84  
  73 -90  89  
 -76 -88  88  
  93  96  59  
  99  65  85  
 -86 -64  99  
  96  52  97  
  93  59  96  
  89 -92  70  
  89 -98  62  
 -94 -79  79  
 -82 -72  97  
 -90  81  82  
 -72 -83  96  
 -87 -61 100  
  91  89  72  
  81 -97  73  
  50 100  94  
  95  59  94  
 -93  52 100  
  84 -85  84  
 -83 -96  72  
 -96  96  54  
  89  79  85  
  82 -91  79  
 -67 -97  86  
  98  69  83  
  93  82  77  
 -88  84  81  
  96  69  86  
  99 -98  44  
 -86  66  98  
  97 -75  79  
  59  99  90  
  93 -89  69  
 -100  58  89  
  86 -74  92  
  82 -85  86  
  84  75  93  
  95  94  59  
 -97 -98  48  
 -74  96  81  
 -80  85  88  
 -93  98  56  
 -39  99 100  
 -100  60  88  
 -72 -100  78  
 -70 -91  90  
  61  87 100  
  91 -98  59  
  84 -94  74  
  69  98  83  
 -83  93  76  
 -52 -94  99  
 -95 -86  70  
 -94  89  67  
 -98 -91  59  
 100 -42  98  
  77 -98  76  
  98  74  79  
 -89 -93  69  
 -86 -88  79  
  66 -98  86  
  81 100  69  
 -78 -75  98  
 -80  78  94  
 -93  82  77  
  85 -72  94  
  75 -99  77  
 -100  53  92  
  92  60  96  
 -77  86  89  
  75  94  83  
 100  84  65  
 -92 -87  73  
  74  96  81  
  87 -81  85  
  99  92  55  
 -50  99  95  
 -75  94  83  
 -93 -95  60  
  91 -79  82  
 -79  89  85  
  90 -72  90  
 100 100  36  
  91 -72  89  
 -93  99  53  
 -92  98  57  
 -96  97  52  
  67 -84  99  
 -79 -77  96  
 -99 -68  83  
 -92 -76  84  
 -88 -74  90  
 -62  98  89  
 -72  82  97  
 -90  68  93  
  78  74  99  
  99  93  54  
  71 -98  82  
 -99  98  43  
 100 -91  55  
 -84 -83  86  
  92 -62  95  
 -83  89  81  
 -84 -88  81  
 -87  84  82  
 -79  99  73  
 -76 -98  77  
 -50 -95  99  
 -60  89  99  
 -84  82  87  
  67  94  89  
  83  67 100  
  76  85  91  
 -89  69  93  
 -95  72  84  
  98 -95  52  
  90  91  70  
 -94  86  71  
 -96 -93  59  
 -93 -90  68  
  97 -67  86  
 -99  43  98  
  75  92  85  
  83  93  76  
  66 -93  91  
 -99 -82  69  
  57  98  92  
 -89  93  69  
 -89 -81  83  
  95 -97  54  
  83  85  85  
 -77 -96  79  
 -93 -51 100  
 -90  91  70  
  80 -83  90  
  78  82  92  
  89  62  98  
  73  86  93  
 -100  81  69  
 -94  97  56  
 -82  95  75  
  95 -71  85  
  93 -82  77  
  76  87  89  
  99  50  95  
  97  96  52  
  92  94  63  
  99 -89  60  
  86 -84  83  
 -59  91  98  
 -98  91  58  
 -98  57  92  
  98 -58  91  
  78 -92  82  
  55  91 100  
 -95 -96  55  
 -100 -71  79  
 -65 -88  97  
 -85  76  91  
  73 -80  98  
  97 -74  80  
  70  92  89  
  88 -98  63  
  71 100  79  
  76 -77  98  
 -52 -98  95  
 -84  74  94  
 -99  95  50  
  75 -89  88  
  55  97  94  
  86  83  84  
 -99 -85  65  
 -93 -57  97  
 -89  83  81  
  88  80  85  
  85 -88  80  
  94  76  82  
  93  99  54  
 -71  84  96  
 -48 -96  99  
  82  95  75  
  91  77  84  
  96 -52  97  
  89 -87  76  
  52  93 100  
 -77 -75  99  
 -97  50  97  
 -91  77  84  
  92  57  98  
  86 -79  88  
 -94  80  78  
 -54  98  94  
 -63  89  97  
 -61 -98  89  
  76  99  76  
 -89 -69  93  
 -96  63  90  
  98  96  50  
 -68 -89  94  
 100 -53  92  
 -92  73  87  
  92 -96  60  
 -98 -98  46  
  80 -88  85  
 -92 -75  85  
 -66 -98  86  
 -98 -72  81  
  99  52  94  
  68 -84  98  
  65  90  95  
  93 -86  73  
  60 -100  88  
  58 -90  99  
 -93 -73  86  
 -65  93  92  
  91  76  85  
 -80 -78  94  
 -88 -65  97  
  90 -60  98  
 -85 -71  95  
 -70 -94  87  
 -83  68  99  
  81  94  77  
 -75  86  91  
 -88 -99  61  
  94 -92  63  
 -93 -86  73  
 -69  87  95  
 100  89  58  
 -91 -58  98  
  99  68  83  
  55  96  95  
 -75  91  86  
 -98  89  61  
  62  94  93  
