 -46 -54  23  
 -64 -32  20  
  -2 -66  35  
  32  64  21  
 -54 -45  25  
  43  57  22  
 -56 -34  35  
  40 -47  42  
 -31 -56  38  
  39 -26  58  
  25 -13  69  
 -22  41  58  
 -40  37  51  
   7  -1  74  
   9   1  74  
   5 -30  68  
  50 -46  31  
 -13  45  58  
 -34  63  20  
   7  36  65  
 -57 -23  42  
 -40   2  63  
 -24  56  43  
 -25 -33  62  
 -49  38  41  
  17  61  39  
  -1 -41  62  
 -34 -64  18  
 -64  33  20  
  45  36  47  
  10  71  20  
  20  64  33  
 -43 -54  28  
  -4 -56  49  
  -3 -52  53  
   2 -65  36  
 -55 -38  33  
  68  29   9  
  48  25  51  
   4  28  69  
 -42 -13  60  
 -53  29  44  
   9 -72  16  
 -29 -15  67  
 -29  11  68  
 -17 -47  55  
 -36 -49  43  
  59  14  43  
  11 -47  57  
  44 -60   5  
 -32  66  14  
 -57 -33  35  
  43  26  55  
 -26  40  57  
  16  73   1  
 -70  -1  25  
 -25 -31  63  
  49  53  19  
 -19  41  59  
  12  14  72  
  65  24  28  
  16  52  51  
 -63   8  39  
   4  36  65  
  30  65  20  
  19  67  27  
  -2  66  34  
  26  16  68  
 -43  15  59  
  69 -27   9  
 -68  14  27  
  24  59  39  
 -17  72   9  
   5  45  59  
  67  -2  33  
 -45  48  35  
  62 -41   1  
  41 -25  57  
  33 -57  35  
 -66  26  23  
  43 -11  60  
 -30   5  68  
 -30  66  17  
  27  64  27  
  57 -46  13  
 -49  32  46  
  19  70  17  
  40  44  45  
 -59  39  23  
  55 -40  30  
  31 -66  15  
  20  31  65  
  72 -18   7  
   4 -36  65  
  71  21   7  
  35  15  64  
 -31  41  54  
   9 -40  62  
 -32  26  62  
 -47  39  43  
   6 -45  59  
 -32  67   3  
  63 -39   6  
  14  47  56  
  61 -16  40  
  13  -8  73  
 -30   6  68  
 -59 -44  11  
  13 -73   5  
 -40  31  55  
  22   7  71  
  58 -10  46  
  50  -6  55  
  72  19   6  
 -45 -58  14  
 -51 -30  45  
 -69  -5  27  
 -66  34   6  
 -15  55  48  
  23 -62  34  
  50  55   0  
  64  32  20  
   6  74   6  
  61  42   6  
  31 -16  66  
 -20  25  67  
 -23  57  42  
 -27  41  56  
 -64  31  22  
 -20  33  64  
  53 -18  49  
  54   4  51  
 -41  49  38  
 -72  19   5  
 -26 -28  64  
 -59 -42  17  
 -18  -4  72  
 -66  -8  34  
 -35 -35  56  
  60  32  30  
  43  51  33  
  54  21  47  
  -7  55  50  
  21 -65  30  
   7 -70  24  
 -71   9  20  
 -65   8  35  
 -34  58  32  
  51 -48  25  
  54 -44  26  
  20  65  31  
 -57  48   2  
 -21  62  36  
 -25 -65  26  
 -49 -55  11  
  38  22  60  
  12 -63  38  
   5 -32  67  
  65 -35   8  
  27  29  63  
  14  14  72  
 -38  -1  64  
 -13  32  66  
 -18  52  50  
 -20 -66  28  
  49   2  56  
  48 -57   2  
 -32   8  67  
  50 -44  33  
  42 -28  55  
  34  49  45  
 -17 -34  64  
  73   0  16  
 -18  40  60  
 -34 -66   6  
  54  12  50  
 -44  60   5  
  20 -55  46  
 -41 -55  29  
  18  66  29  
  56  10  48  
 -64 -10  37  
  41  58  22  
  66  11  33  
  66  -3  34  
  -8 -35  65  
 -63 -39   9  
 -26  66  22  
 -68 -28  11  
 -70   5  25  
 -37  58  29  
  10  55  49  
  58  16  44  
  -2  26  70  
 -19  61  38  
 -39  -5  63  
 -74   9   1  
 -74   6   8  
  31  56  38  
  16  65  33  
  45  51  30  
  32 -63  23  
  46 -43  40  
 -56 -49   1  
  18  60  40  
 -64  -2  38  
  65  -4  36  
   0  20  72  
  13 -58  45  
 -50  54  10  
 -43 -52  32  
  20  36  62  
  29 -53  44  
  34  66   8  
  71  -5  22  
 -32  -5  67  
 -20 -25  67  
  39 -56  30  
  74  -2   6  
  21  47  54  
  -1 -49  56  
  -8 -73  11  
   0 -70  26  
 -63  33  23  
  -4  60  44  
  -3  -9  74  
 -17  63  36  
  42  61  10  
 -48 -51  25  
 -15 -59  43  
 -72  -6  18  
  56 -48   9  
 -32   6  67  
  56 -46  18  
  48 -43  37  
   6  59  45  
 -65  33  16  
  46  55  21  
 -66 -18  29  
  44 -45  40  
  60  44   5  
 -66 -30  18  
  40  63   2  
  13 -41  61  
  42   6  61  
   4  70  25  
 -55 -15  48  
  13  -9  73  
  48  24  52  
  54  24  45  
  43  60   9  
   9  70  24  
 -27 -31  62  
  67   3  32  
  15  -3  73  
  19   6  72  
 -31  33  59  
  29  68   8  
 -28  67  17  
 -40   0  63  
  54 -13  50  
  -4 -25  70  
  -7  74   7  
 -39  30  56  
  32  63  24  
 -13  -4  73  
 -27 -69   5  
  65  35  11  
  26 -66  22  
 -57   2  48  
  55  34  37  
 -20  59  41  
  57  26  40  
  46 -20  55  
  57  48   5  
  14 -73   6  
  20  12  71  
  31   8  67  
  43  59  16  
  27 -46  52  
 -69  25  14  
  -8 -67  32  
  30 -50  46  
  44 -55  24  
  53 -49  19  
  73 -13   6  
 -42  37  49  
 -72  13  13  
  42 -20  58  
  33 -66  11  
 -39  33  54  
  15 -29  67  
 -66 -16  31  
 -32 -14  66  
  -1  10  74  
 -49  51  24  
 -66 -30  17  
   4 -40  63  
 -67 -18  27  
  -6 -28  69  
