  45 -18  83  
 -29 -89  21  
 -18 -84  43  
 -95  13   5  
  12  95   9  
  68  34  59  
 -19  80  50  
 -46  84   8  
   2  80  53  
  77  15  55  
 -78  -1  56  
 -31  12  90  
 -96  -4   2  
  90  33   7  
  70  54  37  
  35  47  76  
 -93  24   2  
  53  26  76  
 -56 -78   6  
 -93  -9  21  
 -79  10  54  
  74  61   1  
 -92 -25  10  
 -50  72  39  
   1  -5  96  
 -18  93  16  
 -92   6  27  
 -45  77  36  
 -43  18  84  
  51 -72  38  
 -26 -87  31  
  13 -38  87  
  51  38  72  
 -49 -56  61  
 -49  50  66  
  60  67  34  
  -5  19  94  
 -32  10  90  
  50  -2  82  
  -6 -82  50  
  84  35  30  
  -5  33  90  
  22 -36  86  
  16  74  59  
 -46  42  73  
 -33 -72  54  
 -94   5  18  
  60 -43  61  
 -69  52  42  
 -71  50  41  
 -19 -31  89  
  53 -44  67  
  93  13  21  
 -45 -25  81  
 -44   9  85  
  59 -53  54  
  95  12   4  
  15  49  81  
  54 -61  51  
 -36 -72  52  
  43  74  44  
  25 -89  26  
 -26 -57  73  
  22 -11  93  
 -85 -23  38  
 -26 -85  36  
 -79 -39  38  
  31 -55  72  
 -73   4  62  
 -20  13  93  
  89 -19  31  
 -24  55  75  
 -87  27  31  
 -13  94  15  
  80  50  19  
 -87  -1  40  
 -78  52  20  
  88  23  30  
  31  27  87  
  18 -62  71  
 -86 -20  38  
  51  81   5  
 -67  10  68  
 -94 -14  12  
  -9 -84  46  
 -12 -47  83  
  75 -39  45  
  75  60   3  
   3 -27  92  
 -30 -89  19  
  55 -52  59  
 -27  24  89  
 -34  59  68  
 -37 -12  88  
  45  36  77  
 -63  69  22  
 -65  36  61  
  -5  53  80  
  43  13  85  
   1 -78  56  
   5  24  93  
  -3   6  96  
  23 -91  21  
 -80  33  41  
  50  -3  82  
  15  26  91  
 -26  89  24  
 -68 -57  37  
  51  41  70  
  41  78  38  
  68 -36  57  
  87 -38  14  
  56 -40  67  
 -46 -39  75  
 -74  51  34  
 -29 -52  75  
  45  22  82  
 -21 -87  35  
 -77 -44  37  
 -92  22  16  
  88 -19  33  
  54 -55  57  
  48  22  80  
 -95  -5  13  
 -83 -28  39  
  35  27  85  
  24 -63  68  
 -78 -23  51  
  20 -87  35  
  85 -15  42  
  33  32  84  
  27  69  61  
 -61  74   4  
 -70 -65   9  
   9 -55  78  
   6  40  87  
  90 -23  24  
 -38 -45  76  
 -92  -6  27  
  26 -89  24  
 -94   9  16  
   4  74  61  
  66 -69  12  
  32  70  57  
 -24 -52  77  
  50  66  49  
  32  63  65  
  50  37  73  
  13 -91  27  
 -57  22  74  
 -34 -84  31  
   9  95   9  
 -55 -59  52  
  17  56  76  
 -76  57  14  
 -61   1  74  
 -15  84  44  
  46 -76  36  
 -20 -74  58  
 -82 -37  34  
  72  18  61  
  45 -49  69  
 -63 -51  51  
  43  38  77  
 -87  36  18  
  89  23  28  
  55  41  67  
   0  56  78  
   7  27  92  
  15 -18  93  
  33 -48  76  
  24  26  89  
 -91  -7  30  
 -18  92  20  
 -76 -58  10  
 -27   0  92  
  52 -80  12  
 -88 -25  29  
  77   5  57  
  14 -62  72  
 -70  54  37  
 -86  40  16  
 -55  52  59  
  34  -1  90  
 -74  -6  61  
 -87   1  40  
  94   7  19  
 -64  56  45  
 -33 -82  38  
   9 -44  85  
  23  66  66  
  28  22  89  
 -10  43  85  
 -19 -93  15  
 -65  58  40  
  46 -27  80  
   9  93  21  
  41 -70  51  
  21  88  32  
  22  11  93  
 -40 -27  83  
  94 -16  12  
  62  63  37  
  14 -93  18  
  -3 -96   6  
  -2  80  53  
 -35 -53  72  
  -3 -67  69  
  82  48  12  
 -12  56  77  
  26 -73  57  
 -12  84  45  
 -76  56  18  
 -55 -77  15  
  28  -3  92  
  -8  35  89  
  -4  95  13  
 -91 -29   8  
 -40 -87   7  
  15  66  68  
 -61   8  74  
 -44  41  75  
 -74  17  59  
 -56  -1  78  
  47 -83   9  
 -80 -50  19  
 -34  74  51  
 -92  22  17  
  15  92  22  
 -60 -64  39  
  -1 -60  75  
 -29 -80  44  
 -90  -6  33  
  40  82  30  
  41  87   0  
 -45 -83  18  
  95  14   1  
  92   8  27  
 -19  -5  94  
 -29 -91   7  
  53 -79  14  
  76  48  33  
 -21  50  79  
 -26  57  73  
  20 -44  83  
 -89 -34  13  
  40  75  45  
  53  72  35  
 -77 -22  53  
  93 -21   9  
  13  88  36  
 -20 -55  76  
  68  12  67  
 -62  13  72  
  73  14  61  
  90  17  29  
 -63  10  72  
   4  44  85  
 -87  28  30  
 -49 -37  74  
   2  85  45  
 -41  61  62  
 -70 -53  39  
 -94 -18   8  
   4  24  93  
   0  82  50  
 -42  86   7  
  63  69  22  
  45  25  81  
 -57 -76  13  
  -3 -92  27  
 -77  53  21  
 -60  -3  75  
  89  23  27  
 -15  49  81  
  38 -39  79  
 -50 -76  30  
  91  -7  29  
  41 -10  86  
 -23  60  71  
  40  55  68  
 -95   5  12  
 -67 -52  45  
  78 -24  51  
  39 -34  81  
  21 -41  84  
 -62  69  25  
 -91 -14  28  
 -79  51  19  
 -84  20  42  
 -12  88  36  
 -14  19  93  
 -62  15  72  
 -91  29   8  
 -11  90  32  
  48 -48  68  
   1 -68  68  
  42 -86   8  
 -59 -72  23  
  52 -35  73  
