 -87 -11  63  
 -65  26  82  
 -85 -14  65  
  47  96  16  
  68  82  17  
  97 -27  39  
  92  56   6  
 -56  80  46  
 -97  30  37  
 -71  40  71  
 -94 -29  44  
  26  85  61  
 -65  69  52  
  90 -10  59  
 -27  62  84  
 -69  70  45  
   6 -49  96  
 -24 -38  98  
  43  62  77  
 -61   3  89  
 -45  14  97  
  67 -30  79  
 -64 -50  71  
  58  -7  91  
  72 -75  30  
 -75  24  74  
 -26 -83  64  
   2 -89  61  
 -79 -41  61  
 -78 -29  69  
  48 -56  79  
 -44 -60  78  
  42 -98  17  
 -62 -35  81  
 -34 -68  77  
 -44  89  42  
  40 -64  77  
  -8  54  93  
  15 -38 100  
  59  90   6  
 -40  -4 100  
 -22  81  68  
 -20  89  58  
  81 -63  33  
  49 -91  31  
 -47  97   3  
  79  34  65  
  58  33  85  
 -74 -58  53  
 -88 -60  18  
 -64  18  85  
 -74  61  50  
  -8 -61  89  
 -43 -73  67  
 -78  20  72  
  39 -87  51  
 -77  64  40  
  91   0  58  
  98 -37  26  
  85  21  63  
 -100  29  28  
 -83 -67  16  
  85  66   8  
   2  51  95  
 -70 -76  31  
  51 -63  71  
 -26  60  86  
 -99  17  39  
  -3  90  60  
 -83 -68  10  
  42  75  65  
  53  33  88  
  45 -92  35  
  31 -84  60  
 -71  36  73  
 -82 -59  38  
  10  73  79  
 -73  78  16  
 -66  59  62  
  69 -75  36  
 -57 -76  51  
  16 -80  71  
 -24 -72  77  
  53   7  94  
 -65 -68  53  
 -58  13  90  
 -65 -30  81  
  53  93  16  
 -56 -92   7  
  41 -23  97  
 -64 -36  79  
  49  91  32  
 -94  22  48  
  35  26  99  
 -10  80  72  
 -13  85  65  
 -72  55  59  
 -95   3  51  
  50 -11  95  
 -96 -31  38  
  74 -39  68  
 -34  84  59  
 -81  53  48  
 -85  21  63  
  78   3  75  
 -88  17  60  
 -47 -94  24  
 -98 -13  44  
 -18  69  81  
 -27  53  90  
  40 -78  63  
 -75  -8  77  
  70 -78  26  
 -97 -43  20  
  43   7  99  
  85 -66   6  
 -60  76  48  
  36  27  98  
  78 -74  11  
 -35 -48  90  
 -90  42  42  
  91  35  47  
   7  71  81  
  68  60  59  
  48 -81  53  
  44 -10  98  
  53  88  33  
  81 -18  69  
 -79 -59  44  
 -75  58  52  
  -4 -98  45  
 -97  40  26  
  44 -89  42  
  93  23  50  
  93   7  54  
  39  99  18  
  67  84  11  
  71 -51  63  
  39 -23  98  
  51 -36  88  
  38  40  93  
 -85  65  15  
  45 -97  14  
 -38  90  46  
  73  58  55  
 -60 -60  67  
 -95  47  22  
 -96  47  14  
  60  87  22  
  39  18  99  
  61  33  83  
  66 -83  21  
 -30  98  34  
 -80  56  46  
 -90  59   6  
   8 -71  81  
  83  51  47  
 -45 -43  88  
 -55  20  91  
 -45  97  16  
   3 -95  51  
  34  22 100  
  51 -78  55  
  98 -14  43  
 -34 -51  89  
  15 -72  79  
 -15 -91  56  
 -100  38  16  
 -46 -36  91  
 -17  99  40  
  44  33  93  
  41 -65  76  
  62 -51  72  
 -45 -67  72  
  97 -41  23  
  89 -47  39  
 -55 -44  82  
  16 -42  98  
 -42  35  93  
  56 -80  46  
 -15 100  38  
  20 -83  66  
  64 -87   0  
 -95  40  32  
 -85  25  62  
 -93 -52  19  
  49  73  63  
 -15 -72  79  
 -88 -37  51  
  56  91  14  
  80  48  54  
 -72 -76  27  
  58 -52  75  
  24  92  51  
 -92  52  22  
 -55 -90  24  
  81 -10  71  
  92  57   2  
 -88  41  47  
  40  -5 100  
 -67 -28  80  
 -83 -68  14  
  37 -81  61  
  36 -76  68  
 -100  40   6  
 -46 -96  18  
  -7  93  54  
 -73 -67  43  
  99 -17  39  
  84  22  64  
 -79 -49  55  
 -91 -12  57  
 -21 -89  57  
  58 -43  80  
 -100   3  41  
  95  -3  51  
  84  62  28  
 -70 -22  79  
 -95 -51   3  
  21  42  97  
 -88  19  60  
 -66 -79  33  
  31  96  39  
  35 -55  86  
 -56 -44  81  
  62  54  70  
  82  -3  70  
   5 -92  56  
  16 -85  65  
 -82 -70   3  
   7  81  71  
  79  72  15  
 -65  29  81  
  15 -99  40  
 -13 -97  46  
  61 -84  30  
  87  39  51  
 -35 -79  65  
 -49 -96   9  
 -69   6  83  
  87  24  59  
  73  77  19  
  35  98  28  
 -47  87  44  
 -49 -89  36  
  44 -94  30  
  53   3  94  
 -40   6 100  
  33 -39  95  
  26  71  77  
 -42 -63  77  
 -70  65  50  
 -58  37  83  
 -94 -31  43  
  43  37  92  
  61  19  87  
 -33  84  59  
  16  70  81  
 -40  69  73  
  60  51  74  
 -66 -52  68  
  97  42  21  
  51  92  25  
  77 -58  49  
 -85  65  13  
 -75   0  78  
  69  83   8  
  21  89  57  
  35 -92  45  
  85 -35  57  
  62 -37  80  
 -100  40   4  
  84 -29  61  
  -1 -49  96  
  68 -73  41  
 -64  78  38  
 -80  26  68  
  75  72  29  
  -5  89  61  
  58  15  90  
  86 -62  21  
  87  52  38  
  43  42  90  
  88  51  37  
 -28 -90  53  
  49  76  59  
   7  73  79  
  11 -50  95  
  -4  45  98  
  69  79  26  
 -56  24  89  
 -34  99  26  
 -76 -55  54  
  50 -83  48  
  64  71  50  
  30  94  44  
  17 -98  42  
  75 -56  54  
 -82  51  48  
  73  45  66  
