  58  60  28  
  88  -2   4  
  80 -17  32  
  85  11  20  
 -79 -28  26  
  82 -16  28  
  59 -60  26  
 -68  25  50  
  49  17  71  
  76  22  38  
  42 -55  54  
 -74   4  47  
   1 -72  51  
  73 -48  12  
  -4 -19  86  
 -39 -52  59  
  14  79  36  
  61 -61  17  
 -20 -71  48  
  85  -3  23  
  57  35  57  
  79 -25  29  
  87  -4  14  
  47  44  60  
  57 -42  52  
  19  86   2  
 -42 -15  76  
 -43  34  69  
  -4  75  46  
  71 -37  37  
   4  37  80  
 -59  52  39  
  42 -14  76  
 -29 -83   1  
  86  -8  16  
  74   2  48  
  83  27  13  
  70  -1  53  
  70 -51  16  
  33  54  61  
  85  23   0  
 -75 -39  25  
 -74  47  10  
 -56 -53  42  
 -71  26  45  
  48  73   9  
 -48  23  70  
 -72 -34  37  
 -34  39  71  
  81 -32  12  
 -14  85  17  
  -5  19  86  
  85 -20  10  
  67  47  33  
 -30  79  24  
  74  19  44  
 -81  22  26  
  30 -68  47  
  25  46  71  
  75  -4  46  
 -72  37  35  
 -44 -75  15  
 -82  24  21  
 -58  42  51  
   7 -85  21  
 -40 -22  75  
 -22 -26  81  
 -52 -70  13  
 -80  35  12  
 -69 -45  31  
 -24 -22  82  
 -41 -74  25  
 -12  61  62  
  -5  63  61  
 -24 -83  17  
  28 -52  65  
 -27  78  30  
  60  56  32  
  16  82  27  
  -7  63  61  
  53 -50  49  
 -50 -37  62  
  87  14   0  
  79  39   4  
  80  18  32  
 -40  55  56  
 -54 -66  22  
  20  76  40  
 -56 -63  25  
  27  64  54  
   3 -87  13  
  85  16  17  
  49 -65  33  
 -36  80   7  
  21  68  52  
 -33 -53  62  
  -5  22  85  
   5 -39  79  
 -72  -9  50  
 -49 -54  49  
  83 -17  23  
  82  -7  31  
 -83 -12  26  
 -22 -47  71  
  40 -78   5  
  64  -7  60  
 -68 -47  30  
 -23  64  56  
 -52 -34  62  
  70 -53   2  
  51  54  47  
  44  76   5  
  51 -45  56  
 -68 -31  46  
 -28  81  21  
   1 -82  32  
  34   2  81  
 -81  26  22  
  83 -11  27  
  52  49  51  
  58  55  37  
  18 -86   8  
  47  54  51  
  -6   2  88  
 -49  -7  73  
  66  53  24  
  19  74  44  
  66 -53  24  
  44  15  75  
 -17  41  76  
  60 -59  26  
  37  58  55  
  76 -35  28  
  80  -8  36  
  70   3  53  
 -19  76  40  
  -9 -84  24  
  14 -50  71  
  16  41  76  
   3  18  86  
 -73 -37  33  
  52  71   2  
 -40  28  73  
 -55 -40  56  
  82  23  23  
  44  68  35  
  23  18  83  
   5 -64  60  
  18 -49  71  
 -52  42  57  
 -34  28  76  
 -40  54  57  
  12  70  52  
 -66  34  47  
 -82 -27  18  
  40  -7  78  
  13 -54  68  
  71  46  25  
  10 -55  68  
  87 -10   7  
  11  77  41  
  52  31  64  
 -79  29  25  
  47 -66  34  
  13 -85  19  
  24  62  58  
 -50 -45  57  
   7  87  12  
 -63  61   4  
   6 -60  64  
  48  69  26  
  25 -62  57  
  66 -57  12  
   4 -65  59  
  33 -51  64  
  53  69  14  
 -85 -23   1  
  59 -65   6  
  19 -11  85  
  49 -18  71  
  11 -43  76  
  66 -32  49  
 -83 -21  20  
  31 -34  75  
  73 -12  48  
  -9  33  81  
  23 -84  14  
   0 -58  66  
  -7 -31  82  
 -18 -50  70  
 -48 -68  29  
  87  12   7  
 -78 -26  32  
 -52  -6  71  
  62  42  46  
  54 -61  33  
 -87  -6  12  
  29  80  23  
 -15 -33  80  
  67  -1  57  
 -29 -46  69  
 -45  47  59  
 -24  81  24  
  23 -34  78  
  77 -39  16  
 -68  49  27  
  73 -17  46  
   3  87  12  
   8 -17  86  
  25  71  46  
 -40  57  54  
 -24  43  73  
  73  49   6  
 -41  25  74  
 -55  65  22  
  -1  79  39  
 -21  84  17  
 -20 -58  63  
  21  57  64  
  57  59  32  
  82 -32   4  
 -10  74  47  
  18  66  55  
  30 -70  44  
 -28  80  24  
  35 -67  45  
 -66 -57  13  
  18  86   4  
  54  41  56  
  52  70  11  
 -58  63  20  
 -30 -73  39  
   0  84  26  
  55  32  61  
  46  69  30  
  38 -52  60  
 -70  16  51  
  40  16  77  
 -76 -42  15  
 -76 -35  28  
 -57   6  67  
 -77  40  14  
 -28  60  58  
  38 -75  26  
   1 -53  70  
  29  34  76  
 -75  32  33  
 -77   2  43  
 -12  52  70  
 -29  53  64  
  49 -73   1  
 -65 -23  55  
  29 -18  81  
 -43  45  62  
  70  49  21  
  36 -41  69  
   3  22  85  
  81  10  33  
 -14 -60  63  
 -39 -71  35  
 -79  39   1  
  67 -47  33  
 -23  60  60  
  21 -48  71  
 -69  -1  55  
  79  15  36  
 -67   7  57  
  -4 -44  76  
  27 -83  11  
  21 -83  21  
 -11   5  87  
 -82 -12  29  
  -5  17  86  
  11  45  75  
 -43  16  75  
  22   6  85  
  16  76  41  
  -4  22  85  
 -57  49  46  
   7  54  69  
   1  87  13  
 -35  11  80  
  17 -49  71  
 -63 -25  56  
  13  87   0  
 -67 -12  56  
   9 -71  51  
 -40  48  62  
  23  60  60  
 -38 -19  77  
 -79 -17  35  
 -40  16  77  
 -45 -46  60  
  62 -52  34  
 -67   5  57  
 -25 -20  82  
  12 -59  64  
  79  11  37  
 -41  44  64  
  56  47  49  
