  13   4   7  
  -5  -4  14  
   8   2  13  
  -4  -1  15  
  13  -8   0  
   8  10   9  
   4   7  13  
 -13  -8   3  
  14  -2   6  
  -7  -1  14  
   7   7  12  
  -2 -15   3  
  11   1  11  
  -1  10  12  
 -14   2   6  
 -15   0   3  
 -14  -5   4  
   6 -14   1  
  13  -3   8  
  14   4   6  
   8   6  12  
 -14  -4   6  
  12   6   8  
 -15  -4   2  
   3   8  13  
   8  13   3  
 -10  11   5  
 -15  -3   2  
   5  11  10  
 -12  -1  10  
  -1 -15   4  
   8  11   7  
   6  12   8  
   3 -15   2  
  -6  -2  14  
  15   0   3  
  -2  15   3  
  14   6   3  
  12  -2  10  
 -13   7   5  
 -15  -2   4  
  13   8   3  
  -6  12   8  
 -12 -10   1  
  -8   0  13  
 -12   9   3  
   8 -12   6  
  -4 -13   7  
  -1  14   7  
  -6  14   4  
   6  14   3  
  -9   9   9  
   5  14   5  
 -12   3   9  
  11 -11   1  
 -14   3   6  
  -5  10  11  
  -3  -9  12  
   2 -12  10  
  -6 -11   9  
  -9  10   8  
   0  13   8  
  -2 -10  12  
 -12   9   4  
  -2   2  15  
   4 -11  10  
  -7 -13   4  
   3  15   2  
   9   8  10  
  -7  13   4  
  10  12   2  
  15   2   4  
  10 -12   1  
  10 -11   4  
  -1   6  14  
   0  11  11  
  -6 -12   8  
 -12  10   2  
   4  -5  14  
 -11  -8   7  
 -10 -10   6  
  -8 -13   3  
  10   0  12  
   6 -14   3  
   3  15   1  
  -5 -13   7  
   7  -8  11  
 -11  -1  11  
   4   0  15  
   5   4  14  
   1  -6  14  
  -4   6  14  
 -14   5   5  
   9   9   9  
  -5   4  14  
  -2  -2  15  
   1 -15   3  
  11  -1  11  
   0  10  12  
  -6 -14   4  
 -10   5  11  
   8 -11   7  
  11  11   1  
  -1  11  11  
   4  15   2  
  -8  12   6  
 -12  -8   6  
  -1  15   4  
   6 -11   9  
  -7   0  14  
  10   6  10  
  12   4   9  
   5  -4  14  
  12   8   6  
   9   4  12  
  -4  15   2  
   4   1  15  
   0  -7  14  
  -5  11  10  
 -15  -2   3  
  14  -5   4  
  14  -7   1  
 -12  -4   9  
 -15   3   1  
  13   8   2  
   5   8  12  
  -8   2  13  
   4   5  14  
  10  -2  12  
  15  -4   2  
  -8  12   5  
   5  -5  14  
  -1   8  13  
   8  -9  10  
  14  -3   6  
  15  -3   3  
  -9   4  12  
   0  15   3  
 -10 -11   5  
   4 -15   2  
  -7  11   8  
 -15   2   2  
  -2 -11  11  
  -8  13   1  
  -6  14   2  
   5 -13   7  
  -2  -8  13  
  14   0   7  
  14   6   1  
 -11   7   8  
 -12   8   6  
   1  15   4  
  13   1   8  
  12   2  10  
  -6   8  12  
   3  -9  12  
  -6  13   6  
  -5 -14   4  
  10   1  12  
 -11   0  11  
 -15   2   4  
  -5 -10  11  
   4  15   1  
 -11  -5  10  
   8  -2  13  
 -12   6   8  
  11   6   9  
   3   0  15  
  -2 -12  10  
  -6 -14   3  
 -15   1   4  
  -1   4  15  
   0 -15   4  
  -8  -7  11  
   9 -12   3  
  12   7   7  
   1 -11  11  
   1 -12  10  
  13   6   6  
 -15   4   1  
  -8  13   3  
 -10  -8   9  
  15  -2   2  
  11   8   7  
   4  13   7  
 -13   0   8  
   2 -11  11  
   6 -14   2  
 -11 -11   2  
  -3   0  15  
   6  -1  14  
  -6  -4  14  
  -1  -3  15  
  11  10   5  
   0   8  13  
  -4  10  11  
  13   7   5  
   6   8  12  
  -2 -15   4  
  -9 -11   6  
 -11 -11   1  
 -12  -3   9  
 -14   6   3  
  14  -6   4  
 -10   0  12  
  14   1   7  
   2  15   3  
   8  13   1  
   0  12  10  
  10  12   0  
  14  -5   5  
  15  -2   3  
  15   3   0  
  -9  -6  11  
   0 -15   3  
 -10  -5  11  
  12  -8   6  
  10 -12   0  
   1  12  10  
   2 -14   6  
   4 -10  11  
  -3 -12   9  
  -8  10   9  
  12  10   1  
  11   4  10  
 -11  -9   6  
  14   6   2  
   8   9  10  
   3  -1  15  
 -13   6   6  
  -7 -12   7  
   3 -15   3  
   7  13   4  
  -1  12  10  
 -14   4   6  
  -6  -8  12  
   2  12  10  
  11  11   2  
   4  12   9  
   4   6  14  
   6   1  14  
   3  -3  15  
  -7   7  12  
   4  -6  14  
  -4 -10  11  
  -3 -14   6  
   5  -8  12  
   5  12   8  
  11   7   8  
 -12  -5   8  
 -10  -6  10  
  -6 -13   6  
  -5  14   5  
   8   0  13  
 -11 -10   5  
 -11   2  11  
 -15   4   2  
 -10   4  11  
  11   2  11  
 -15   2   3  
 -11   1  11  
   8 -13   2  
   6 -12   8  
  13   3   8  
 -10  -1  12  
  -1  14   6  
  15  -3   0  
  -4  11  10  
  14  -4   5  
 -12  -7   7  
   9  12   4  
  -9   3  12  
  -3   9  12  
   4  -9  12  
   6   4  14  
 -14  -1   6  
 -12   8   5  
   2   4  15  
  11  10   4  
 -13  -8   2  
  -4 -14   5  
   9  10   8  
  -9 -12   3  
   1   6  14  
  14   6   4  
   7  13   5  
   7 -11   8  
   0 -10  12  
   4 -15   0  
 -14   4   5  
   5 -10  11  
  -6 -10  10  
  11 -11   0  
   7   1  14  
 -10   2  12  
  -9  12   3  
   6  -8  12  
  12 -10   2  
   0  15   4  
   7  -5  13  
