  22  24  40  
 -37 -16  32  
 -33 -38  11  
  -4 -31  41  
  12 -50   1  
  51   0   7  
  -2   8  51  
  21  44  17  
  43 -23  17  
 -34 -20  33  
 -20  46  12  
 -38 -32  13  
  46   6  22  
 -23  -1  46  
  -3 -41  31  
  -4 -48  18  
  -9  44  25  
 -45 -10  23  
   3  48  19  
  -9  49  13  
  26 -35  27  
 -37 -22  28  
  37   1  36  
  39 -32  10  
  30  19  37  
  48 -17   7  
   5   5  51  
  47  14  16  
  28  33  28  
  22 -40  24  
  43  28   0  
 -21  11  46  
 -44  18  20  
 -47 -21   3  
  47 -17  12  
 -16 -25  42  
  24 -29  35  
  -7  -2  51  
 -39   0  34  
 -38 -27  22  
 -33  -5  39  
 -37  33  13  
 -43  28   3  
 -30 -33  26  
 -36  18  32  
 -11  29  41  
  37  23  27  
 -31   6  41  
 -25  44  10  
  38 -34   7  
  16  25  42  
  29 -24  35  
 -32 -35  20  
 -40 -29  15  
 -37 -29  21  
  -7  43  27  
  45  -3  25  
  47 -19   9  
 -16  49   3  
  29   6  42  
 -26 -19  40  
   7 -27  43  
  49  12  10  
  46 -12  20  
 -13  17  47  
 -41   1  31  
 -28  35  25  
  15  48  10  
   5 -18  48  
  26 -25  37  
  40   4  32  
  -2  43  28  
 -27 -13  42  
 -41  25  19  
 -44  -6  26  
 -32  13  38  
  -2  27  44  
  -1  21  47  
 -49  16   1  
 -28  43   6  
   4  46  23  
  -8  50   9  
   3  15  49  
   9  46  21  
  44  23  13  
  18 -48   4  
 -15  31  38  
 -47  -5  21  
 -13 -50   3  
 -41  -6  31  
 -31  27  31  
  32  40   6  
 -10  42  28  
  37 -36   3  
  15  49   2  
  50  -9   9  
  -4  43  28  
 -48  -9  16  
   6 -46  22  
 -13 -48  14  
 -47  18  12  
 -23   3  46  
 -15 -31  38  
 -17  45  19  
  18  11  47  
  16 -44  21  
  25  31  33  
 -11  45  23  
   6  46  22  
 -36 -31  20  
 -19  37  30  
  33  36  16  
 -17 -26  41  
  49   7  14  
 -19  -8  47  
 -26 -29  34  
  50 -12   1  
  -6 -29  42  
  -7  35  37  
  -7 -32  40  
 -10  47  18  
 -47  16  13  
  19  21  43  
  50   4  12  
 -14 -32  38  
  48  13  13  
  51   7   4  
 -14 -12  48  
  16  21  44  
  13 -22  45  
  20  42  22  
 -17 -21  44  
 -30  20  37  
  41 -31   4  
  27  22  38  
   9   9  50  
   7  29  42  
  -1  -5  51  
  33 -35  19  
 -51   2   6  
  48 -13  14  
   4 -49  15  
  30  42   1  
  11  32  39  
 -31 -41   1  
  40  32   2  
 -11 -45  22  
  49  16   3  
 -19 -48   1  
  12 -36  35  
 -51   5   1  
  17  29  39  
  35 -12  36  
   4 -50  11  
  15 -35  35  
 -16 -13  47  
 -32  14  38  
  40 -22  24  
 -11 -38  33  
 -15 -38  31  
  25  13  43  
  28   3  43  
  18 -44  20  
 -30  16  39  
  47  -6  20  
 -37 -30  19  
 -37  20  30  
  -1 -39  34  
  -6 -49  14  
 -10  48  16  
 -28  30  31  
 -50 -10   6  
 -22 -39  25  
  -7  22  46  
 -21  -1  47  
   2  50  12  
 -37  -2  36  
  11  -5  50  
 -13   0  50  
  43  28   4  
  30  26  33  
  49 -10  13  
  -9   9  50  
 -32  40   2  
  45  23  11  
  -9 -30  41  
 -41 -27  16  
  34  39   0  
  42 -25  17  
  51  -3   7  
 -45  15  20  
   8  14  49  
  49 -15   4  
  51   7   3  
  18  48   7  
   1  -6  51  
 -27  10  43  
 -45  22  11  
 -34  38   7  
  13 -45  22  
  49  15   5  
 -21 -42  21  
 -41  11  29  
 -24 -20  41  
 -50 -13   1  
 -30  37  20  
 -21  41  23  
  38 -34   8  
  16 -17  46  
  14 -16  47  
 -42 -13  27  
 -50  -9   8  
 -13 -10  49  
  45  15  20  
  23  30  35  
  24 -17  42  
  -5  51   3  
  11 -49  12  
 -21 -13  45  
   9  28  42  
   7 -50  11  
 -51  -2   5  
   2 -18  48  
 -47 -21   2  
 -41  30   7  
  31 -13  39  
 -33 -33  22  
  11 -50   5  
  38  31  16  
 -13 -38  32  
  49  15   3  
  43   1  28  
   6  32  40  
 -39 -13  31  
  30 -26  33  
  -3 -46  23  
  14 -49   8  
  31  18  37  
 -46   8  22  
 -19  48   2  
  22 -37  28  
  12  46  20  
   6  51   2  
  48   3  19  
  38 -33  12  
  50  -6  10  
  25  45   1  
  -7  42  29  
   6  45  24  
 -36 -25  27  
  20  47   6  
 -30  21  36  
 -39 -28  19  
 -41  28  14  
  36  -6  36  
 -49  10  13  
 -22 -44  16  
  44   2  27  
  27  34  28  
  19 -46  13  
  27 -44   0  
 -16  34  35  
  15  22  44  
  19 -48   0  
 -28 -27  34  
  45   1  25  
  41  29  11  
 -34  15  36  
  14  12  48  
  31 -35  21  
   0 -34  39  
  32 -11  39  
  24  29  35  
 -22  18  43  
 -43  20  20  
   0  31  41  
 -35 -15  35  
 -32  -2  40  
  48   1  19  
  22 -22  41  
  43  11  26  
 -36  -6  36  
 -47  20   6  
 -36 -12  35  
   0 -47  21  
  33  26  30  
  40  -3  32  
 -30 -37  19  
 -31 -41   2  
 -35 -37   8  
 -13  23  44  
  31  34  23  
  19 -47  10  
  35 -15  35  
 -38   0  35  
   2 -30  42  
  15  46  17  
  47  17  13  
 -25 -24  38  
  23 -39  25  
