 -37  33   9  
  44 -22  11  
  -7 -50   4  
  41 -11  27  
  31 -40   0  
   3  43  26  
 -16  48   1  
   2  40  31  
  10  38  32  
  -7 -20  46  
  -3  23  45  
   2 -19  47  
  22  40  22  
 -26  37  22  
 -25   9  43  
  11 -39  30  
 -44  -8  23  
   0 -33  38  
  16   1  48  
  -9  37  33  
 -11 -27  41  
 -34 -24  29  
  26  40  16  
  36  34  10  
 -49 -11   6  
  46  12  17  
  40 -21  23  
 -14  29  39  
  49  -7   9  
  42   5  28  
 -40  -8  30  
 -36 -20  29  
 -25 -28  34  
 -19  -2  47  
 -40   1  31  
   7  11  49  
  21  24  39  
   6  45  22  
  -1  50   8  
  32 -10  38  
  24  37  25  
 -24 -43  11  
 -10 -35  35  
  18  47   3  
 -46 -19   9  
  26  42  11  
 -22 -29  35  
  47   5  18  
 -17  37  30  
  15  37  31  
 -35   4  36  
 -32   8  38  
  39  17  27  
  -6 -37  34  
  40  31   0  
  48  -6  14  
 -17  20  43  
  27  42   8  
  43 -26   7  
 -36 -31  17  
  15 -35  33  
  20  46   7  
  31 -25  31  
  -4 -38  33  
  48 -12   9  
 -50  -4   5  
 -22 -30  34  
 -15  48   2  
 -45   2  23  
 -23   9  44  
 -35 -18  32  
   8  50   3  
  29 -41   3  
  35   4  36  
  -6  50   3  
  37  25  24  
 -50   1   6  
 -37  34   1  
  -5 -34  37  
  31 -38  12  
  25  42  12  
 -10   5  49  
  40  18  25  
  36  35   6  
 -31 -38  13  
  21  46   1  
 -44  -2  25  
  39  31   7  
  -4 -45  23  
 -42 -22  18  
  30  38  14  
  39  12  30  
  12   1  49  
 -19 -12  45  
   7 -26  43  
  -7 -46  19  
 -49  -7  11  
  33  32  21  
 -22 -18  42  
   5  -4  50  
 -46 -11  18  
  46 -20   5  
 -49   2  11  
   7 -48  14  
  41 -22  19  
  18 -11  46  
  12  17  46  
  -5  47  18  
 -31  -3  40  
  19 -41  22  
 -48 -11  12  
 -19  13  45  
  25 -41  15  
  11  -3  49  
 -15  45  18  
  16  47   8  
  47  -4  18  
 -40  -7  30  
  29  34  23  
 -48  12  10  
  30 -14  38  
  38  32   8  
 -35  15  33  
  -8  43  25  
  -3  11  49  
 -15  32  36  
 -49 -13   2  
  -8 -49   9  
   0   6  50  
  22  15  43  
  15  44  20  
 -22  44  11  
  35 -16  33  
   3 -50   7  
   0  50   7  
  34 -26  27  
  26 -43   7  
 -19  34  32  
 -34   5  37  
  15 -17  45  
 -35  24  27  
 -16  42  23  
  46  13  17  
 -47 -18   5  
 -30  37  17  
 -26  43   5  
 -34  33  18  
  14  16  46  
  50   8   0  
 -22  35  29  
 -11  20  45  
 -38 -29  16  
 -25 -33  29  
 -18 -34  33  
  30  22  34  
 -13 -48   8  
  23 -21  40  
 -44 -24   4  
  -5  33  38  
 -36  20  29  
 -43  14  23  
  18 -35  32  
 -32  -3  39  
   4  -6  50  
  14  -6  48  
  49  12   3  
  26  -6  43  
  33  21  32  
  -5 -32  39  
 -10   6  49  
   1  -8  50  
   2  49  12  
 -10  28  41  
  11 -27  41  
  48   6  15  
  34 -37   5  
  -3  34  37  
 -14  37  31  
 -29  33  25  
  19 -13  45  
  14  24  42  
   5   2  50  
  34 -11  36  
 -23  22  39  
 -36  15  32  
   7 -50   5  
  32  22  32  
 -29  -3  41  
  40 -20  23  
 -27 -17  39  
  46 -18  11  
  16  19  44  
  31 -36  17  
  30  32  25  
  33   6  38  
 -36 -32  15  
   3 -39  32  
  34 -32  19  
  15  -2  48  
 -18  47   5  
   6  10  49  
  20 -45  11  
 -16 -42  23  
  47   1  19  
  -7   0  50  
  10 -35  35  
   0 -25  44  
  48 -13   9  
 -11 -20  45  
 -38 -32  10  
   9 -13  48  
   6  24  44  
  26   6  43  
  28 -15  39  
  37  -7  34  
  42  -7  27  
 -20  39  25  
  43  17  20  
  -1  13  49  
 -22  18  42  
  -4  20  46  
 -22 -43  14  
 -18 -14  45  
 -11  15  47  
 -21 -24  39  
  49  11   6  
  33 -25  29  
  23  -9  44  
   9  19  46  
 -14  41  26  
  24  27  35  
  -8 -41  28  
 -34 -31  21  
 -43 -18  20  
   3 -50   5  
  50  -1   6  
  18   4  47  
 -48   0  16  
  12  42  25  
 -45 -21   8  
 -26  42  10  
  23  43  13  
  12  30  39  
  33 -17  34  
  35 -36   7  
  -4  49  11  
  41  14  26  
  37   2  34  
 -48  -2  15  
  33 -32  21  
 -20   7  46  
  24  44   4  
  33  12  36  
 -30 -36  19  
 -50   6   6  
 -43  -1  26  
   2  15  48  
  -4  43  26  
  10 -36  34  
  34  13  35  
  39 -15  28  
 -21 -46   4  
 -15  -3  48  
   7 -49  11  
  23  36  27  
  49   1  13  
 -31 -15  37  
  -1  33  38  
  10 -48  13  
 -34 -35  13  
 -27  18  39  
  41 -29   6  
  29 -41   4  
   8  45  21  
  34 -37   1  
  43   6  26  
  -5 -11  49  
  15  11  47  
 -35 -35  10  
 -25  43   9  
 -46  20   6  
  50   6   4  
  44   6  24  
  14 -31  37  
  -5 -35  36  
   7  50   4  
 -28  42   2  
  26  37  22  
 -48  14   6  
  16  39  28  
  26  43   6  
  32  35  17  
  -3   8  50  
  -3  18  47  
  -4  38  33  
   8  38  32  
 -18  19  43  
  30  27  30  
  13  35  34  
   8 -28  41  
