 -20  30  31  
   0  34  33  
  -1  40  26  
 -45   2  15  
  22 -42   5  
  11 -43  17  
 -29  -8  37  
   6  28  38  
 -32  11  33  
 -14  45   4  
  14  43  15  
 -19 -11  42  
 -12  -4  46  
   7  16  44  
  16  33  30  
  -7 -30  36  
   7   1  47  
   6 -29  37  
  31  32  16  
  25  31  26  
 -12 -46   2  
  -8  12  45  
  40  22  13  
  45  10  12  
  16 -38  24  
  -9 -28  37  
 -38  10  27  
 -14 -28  36  
  24  41   0  
  37  26  15  
 -24  34  23  
   4 -47   3  
  31  35   7  
 -43  19   7  
 -36 -24  19  
 -34  33   1  
 -41  15  19  
  20 -25  35  
   5  47   0  
  -5  10  46  
  14  -5  45  
  22  42   1  
  -7 -25  40  
 -42   2  22  
  20  22  37  
 -18 -24  37  
  11  32  33  
  45 -12   8  
  22  42   3  
 -22   1  42  
  12  35  30  
  29 -27  26  
 -23 -36  21  
 -32 -24  26  
 -27   2  39  
  -3 -11  46  
  -3 -47   4  
  45  15   0  
  -1 -32  35  
 -17 -10  43  
   8 -34  32  
 -14 -41  20  
 -37 -19  23  
  41 -21  12  
   4  47   3  
 -46   0  11  
  28 -30  24  
  -1  43  20  
  38  23  17  
   4 -44  18  
  38 -25  13  
 -47   3   4  
   0 -30  37  
  44 -16   8  
 -25 -39  10  
 -16  28  35  
  19  27  34  
 -14 -33  31  
  32 -34   8  
 -24 -39  13  
  45  13   9  
  44 -17   4  
 -44  11  14  
  -5  20  43  
  -5   4  47  
 -40  14  21  
 -14 -20  41  
  33   1  34  
 -44  13  12  
 -40 -15  21  
   5  -1  47  
  44 -18   2  
 -20  42   9  
  28  37  10  
  10  42  20  
  24 -15  38  
 -35 -15  28  
 -41  14  19  
  17 -44   4  
  26  -6  39  
   9 -35  31  
  35 -24  21  
  36 -19  24  
 -46  11   6  
 -33 -12  32  
  12 -31  34  
 -32  26  24  
 -32 -12  33  
 -18  -1  44  
  24 -41   1  
  26 -34  21  
  20 -18  39  
 -24  27  31  
  35 -12  30  
  28  27  27  
  30  -9  36  
 -22 -25  34  
 -24 -41   2  
 -15 -43  14  
 -39   9  26  
   5   3  47  
 -20 -41  14  
  -1 -40  26  
 -23  17  38  
 -15 -42  16  
 -35 -29  14  
 -39   7  26  
 -33 -31  15  
  22  20  37  
  44 -16   9  
 -34  -4  33  
   4   3  47  
  -6  -2  47  
 -38  16  24  
  34   8  32  
  10 -44  15  
   0  46  11  
 -11   2  46  
   2 -37  30  
  -7  26  39  
  -4 -46  12  
 -32 -20  29  
   9  44  16  
 -27  18  35  
  39  21  17  
 -18  28  34  
  38  10  27  
  36 -13  28  
 -46   6  10  
 -16 -33  30  
  37 -27  12  
  -4 -24  41  
  14  22  40  
 -15 -45   2  
  18  43  10  
 -47  -2   8  
 -35 -23  22  
  23 -12  40  
   5  22  42  
  11 -46   5  
 -46  -8   8  
   9 -24  40  
  24  36  20  
 -30   0  37  
  20  -2  43  
 -31  -3  36  
  40  13  22  
 -25 -26  31  
  40  14  21  
  45   2  15  
  29 -36  11  
  33  19  28  
 -43  17  10  
  29  11  36  
 -27  28  27  
  39  24  12  
  35 -23  22  
  16  24  38  
   6  23  41  
  -3   4  47  
  41  23   5  
   8  39  26  
  -1 -44  18  
  46  -8  10  
  -5 -14  45  
 -44 -11  14  
  30 -33  16  
  31 -29  21  
  45  12   9  
  19  33  28  
  25  40   3  
 -45 -12   8  
 -43 -10  17  
  36  14  28  
 -13  13  44  
  39  14  23  
  17  19  40  
  14  28  36  
  36  30   8  
  19  38  21  
 -19 -38  21  
 -18   1  44  
  26  15  37  
 -43 -20   1  
  40  25   7  
  45  15   5  
 -26 -26  30  
 -12  46   3  
  -6  47   5  
  -2   8  47  
 -30  21  30  
 -26 -35  19  
 -16 -39  22  
  36  31   0  
 -22 -33  26  
   1  37  30  
   0  33  34  
 -22  -4  42  
  18  -4  44  
 -23  12  40  
  -5  -2  47  
  13  43  15  
 -27 -10  38  
   3  36  31  
 -10  25  39  
  38 -11  26  
  42 -14  17  
  33  26  22  
   6  47   5  
  19  34  27  
 -21 -19  38  
 -29  36  10  
  34  30  14  
 -21  41  12  
 -10  -6  46  
 -13 -43  16  
 -47   2   6  
  28  28  26  
  47   4   6  
  -8  23  41  
  -8  18  43  
 -17  30  33  
 -10  -8  46  
  12  21  41  
 -16  42  15  
  18  30  32  
 -36  -1  31  
  46  -8   9  
  34 -26  21  
 -42  -2  22  
 -10  37  28  
   9  46   8  
  45  -4  14  
  26   7  39  
 -42  19  12  
  19   8  43  
 -35 -32   2  
  28 -24  30  
  28 -14  36  
  37  21  21  
   5  10  46  
 -38 -27   8  
 -18   4  44  
 -30 -33  17  
  -3  17  44  
  47  -5   2  
  28  25  29  
 -38  18  22  
 -46  -2  11  
   9 -37  28  
  -6  10  46  
 -23  40  12  
 -39 -23  14  
  34  25  22  
 -41  -6  23  
 -40  15  21  
 -33  26  22  
 -42 -13  18  
  11  45  11  
 -24  41   2  
 -40   7  25  
  -4 -44  17  
 -28  11  37  
 -40 -14  22  
  42   1  22  
  40 -25   4  
 -28  -4  38  
  -7 -36  30  
  19 -43   7  
  27  -1  39  
 -12 -35  30  
  31 -36   3  
  27  26  29  
 -35 -31   9  
  41 -18  16  
  -1  44  18  
  46 -11   3  
  -4 -33  34  
  -6  14  45  
 -15   1  45  
