  21  -2  17  
  -9 -24   8  
  10  16  19  
  -9 -21  14  
   9  -4  25  
  21  10  14  
   6   2  26  
   2 -10  25  
 -22   6  14  
 -11 -24   5  
   1   3  27  
   9   5  25  
 -15 -12  19  
 -26   4   6  
  19 -10  16  
  -4 -26   5  
   8  26   1  
   2 -26   6  
  24 -11   6  
 -18  -6  19  
 -25  -7   7  
  26  -1   8  
  21  16   5  
  -2 -21  17  
   3  17  21  
  -1  23  14  
  23   0  14  
  20  15  10  
 -10  14  21  
  -4  20  18  
  -6   2  26  
   6 -21  16  
 -22  -3  15  
  21  13  11  
 -16  21   5  
  -3  24  12  
  -6  25   9  
 -24   5  11  
 -24  10   8  
  12  24   1  
  -1 -23  14  
  26   4   6  
  13   6  23  
 -23  10  10  
  18  19   7  
   0  -3  27  
 -12 -19  15  
  20 -17   6  
  -4  -7  26  
  20  10  15  
 -19  -9  17  
 -22 -15   4  
  -3  23  14  
  -5   9  25  
 -14   9  21  
  19  -7  18  
   2 -27   0  
  -1 -27   3  
  19   6  18  
   8 -21  15  
  25  10   3  
 -25   8   6  
 -12  12  21  
  -8  24  10  
   3  18  20  
   7  25   7  
  -6 -21  16  
 -23  12   8  
 -25  10   3  
 -18  -2  20  
  16   9  20  
 -15   8  21  
   5 -23  13  
  22  13   8  
 -20  15  10  
 -11  24   5  
   0 -12  24  
  -8  12  23  
  -9  16  20  
 -11 -11  22  
 -26   6   4  
  -3  19  19  
  -4 -10  25  
  20  -9  16  
 -23  -2  14  
   7  18  19  
 -15 -20  10  
   0  18  20  
   0 -22  16  
 -14 -16  17  
 -18  -3  20  
  -8   7  25  
   5 -22  15  
   6 -25   8  
  -7  -2  26  
  -4  10  25  
   9  25   6  
 -25  -6   9  
  -1  24  12  
  16  15  16  
 -10  -8  24  
  12   8  23  
  17  -6  20  
 -21   0  17  
  22  16   1  
  25   3  10  
 -13  20  13  
 -18 -16  12  
  18   3  20  
 -13  18  15  
 -16  -8  20  
  -7 -24  10  
  15  22   3  
  24   4  12  
  -4   9  25  
  -7  12  23  
  -9   8  24  
 -12  21  12  
  20 -15  10  
  -4  14  23  
  -5  24  11  
  16   8  20  
 -12 -10  22  
  -2  18  20  
 -23   3  14  
  -7 -18  19  
  -5  13  23  
  22  -9  13  
  14   2  23  
 -20  13  13  
   2 -21  17  
   6  16  21  
  -7 -22  14  
  -5  23  13  
 -10  24   8  
  -8 -24  10  
  23  14   1  
 -21 -13  11  
  -3  26   7  
  15  -5  22  
 -21 -14  10  
 -27   3   1  
 -14 -13  19  
   6   8  25  
 -21  -3  17  
  18  11  17  
   1 -19  19  
   7 -14  22  
 -19  18   7  
  24  -1  12  
   4  12  24  
   0 -14  23  
 -15  12  19  
  19   0  19  
  -7  -8  25  
  16  22   1  
  14 -14  18  
   5 -21  16  
  -6   5  26  
  18  14  14  
 -18 -20   4  
   5 -15  22  
 -12   0  24  
  14  20  12  
  17 -21   2  
  26  -3   7  
   8   9  24  
  12 -10  22  
 -21  -2  17  
  25   2  10  
  11  13  21  
  12   2  24  
  16 -15  16  
  -5  16  21  
 -25   6   8  
  -1  17  21  
 -18  20   4  
 -22  10  12  
  14  22   6  
 -17  16  14  
  26   3   6  
   0 -27   2  
  16 -14  17  
  -2  -2  27  
  14  23   1  
   8  -9  24  
  -9  21  14  
  25 -10   1  
   6 -26   5  
  12  -8  23  
  26   2   7  
  26   5   6  
 -23  -4  14  
  11  23   9  
 -20  14  12  
  22  -3  15  
  17  -2  21  
 -27   0   2  
   1  -2  27  
  22   9  13  
   8  23  12  
  20  16   9  
  17   0  21  
  16  21   6  
 -17 -18  11  
  -2  25  10  
  -6 -25   8  
 -17  21   2  
 -12   2  24  
 -17 -12  17  
  26   7   0  
  13  15  18  
  -6 -24  11  
   9 -14  21  
  -9  23  11  
  18  -2  20  
 -23   6  13  
 -25   0  10  
  14 -21   9  
  -6 -11  24  
  19  19   1  
 -10  -7  24  
  22  11  11  
  25  -7   8  
  10  12  22  
  -6  -4  26  
 -13 -22   9  
 -20  -2  18  
 -26  -6   3  
   3   6  26  
  11 -17  18  
  25  -4  10  
 -20   0  18  
   9 -11  23  
 -11  19  16  
 -11 -24   6  
   8 -24   9  
 -14  -1  23  
  -9  20  16  
  13 -23   5  
   6 -23  13  
 -11  23   9  
  16 -20   9  
   4  18  20  
  21  -8  15  
   0  16  22  
 -22  15   5  
 -17   2  21  
  22   7  14  
  -9   5  25  
 -22  -1  16  
  21 -17   0  
  -2 -14  23  
  16  20   8  
 -23  -6  13  
   0  22  16  
  -6 -23  13  
 -25  -9   4  
   1 -17  21  
   1  27   0  
  26   2   6  
   8  26   0  
  -7 -19  18  
   7  17  20  
   7  26   0  
 -18 -20   1  
 -14  -7  22  
   3  14  23  
  -6  11  24  
  14  10  21  
 -19  13  14  
 -15  -8  21  
  -4  26   7  
  24 -12   3  
  24   9   8  
 -18  15  13  
  -6 -25   9  
 -25   9   6  
 -14 -23   2  
   3  -2  27  
  15 -22   3  
   6  13  23  
 -16  20   8  
   1 -18  20  
   1   0  27  
 -20  12  14  
  20  -3  18  
   8  -7  25  
 -16  18  12  
  24 -11   5  
   3  10  25  
 -27   2   3  
 -15  18  13  
  -5 -15  22  
   7  26   4  
   7  -3  26  
   8 -16  20  
  27   1   2  
  27  -1   1  
   6  11  24  
