  77 -98  57  
 -69 -80  87  
 -96 -95  23  
  -9 -97  96  
  85 -44  98  
 -100  52  78  
 -38 -98  88  
  88  63  84  
  30 -96  93  
 -51 -90  90  
 -94 -84  54  
 -79 -81  77  
  89  59  86  
  91 -21 100  
  54 -79  98  
  87  35 100  
  81  99  49  
  78  57  97  
 -79 -74  84  
 -99 -87  38  
 -86 -91  55  
  98  75  60  
 -65 -67 100  
  11 -100  93  
 -98  74  61  
 -67 -97  70  
 -13 -97  96  
 -99 -58  75  
  98  11  95  
 -98 -66  69  
  55 -77  99  
 -79 -72  86  
  80  94  60  
  93  63  78  
  27  97  93  
 -71  73  92  
  81 -74  82  
  73 -96  65  
  76 -56  99  
 -55 -84  93  
  97 -67  70  
  95  39  91  
 -68 -99  66  
  50  98  82  
  88  44  95  
  98 -46  84  
  99  33  89  
 -92 -16 100  
 -98 -88  38  
  38  88  98  
 -88 -99  35  
 -97  85  46  
  80 -48 100  
 -52  92  87  
  72 -85  80  
 -93 -52  86  
  81 -69  86  
  94  95  31  
  39 -95  91  
 -21 -99  92  
  96 -39  90  
 -77 -81  79  
  88  96  42  
 -95  99   3  
 -95 -85  50  
 -98 -42  86  
 -98  13  95  
  84 -77  76  
 -92  71  73  
 -88  64  83  
 -94 -60  80  
 -95 -71  69  
 -31 -93  96  
 -44  83 100  
 -88  87  59  
 -51  93  87  
  93 -92  40  
 -91  50  89  
  66 -84  86  
  93  95  33  
 -83  91  60  
  65 100  67  
 -97 -45  86  
 -76  76  85  
 -63 -96  75  
 -97  56  79  
 -76  95  63  
  95 -83  54  
  42  84 100  
 -71 -95  69  
  65 -69  99  
  60 -72 100  
 -99 -93  16  
 -57 -74 100  
 -53  97  81  
  30 -94  95  
  77 -77  83  
  98 -91  30  
 -73  86  78  
 -72 -94  69  
 -98 -89  36  
  -3 -97  97  
  93 -90  45  
  77  55  99  
  69 -81  86  
 -58  83  92  
 -90  60  84  
 -93  41  92  
 -18 -100  92  
 -100 -93  12  
 -64  84  87  
  95 -70  70  
 -79 -98  54  
 -68  82  86  
  97 -64  73  
  14 -98  95  
  96 -97  10  
  89  95  42  
  47  98  83  
  52  95  84  
  30 -100  89  
  93 -98  23  
 -94  22  97  
 -64  81  90  
  98  83  48  
 -48  85  96  
  93 -99  18  
  96 -93  30  
 -51  80  99  
 -77 -99  55  
  89  84  62  
 -100 -67  65  
  91  49  90  
  30  98  91  
 -76 -97  60  
  96  51  83  
  99 -52  79  
  82 -53  96  
  12 -95  98  
 -69  63 100  
  64  88  83  
 -96  42  88  
 -83 -84  69  
 -100  79  50  
  99 -35  88  
  77  70  89  
  65  69  99  
  86 -76  75  
  33 -95  93  
  79 -78  80  
  95 -45  88  
  88 -42  96  
  66  93  76  
 -86 -42  98  
 -95   1  99  
 -95  60  78  
  99 -95   2  
  44 100  83  
  87 -87  60  
 -31  97  92  
 -94 -27  96  
 -69  71  95  
  70 -100  62  
 -98   9  95  
  10 -93 100  
 -62 -90  83  
 -99 -12  94  
 -75  99  58  
  95  73  66  
 -99 -54  78  
 -92  94  38  
 -97  59  77  
  80 -100  48  
 -93  47  89  
 100  88  31  
  90 -36  97  
 -90  45  93  
 -83 -98  47  
  67  82  87  
  43  99  84  
  95  64  75  
  93  11 100  
 -99 -94   8  
 -99 -13  94  
  90 -100  26  
  84 -42 100  
 -62 -97  74  
 -44 -86  97  
  75  87  75  
 -97  13  96  
 -96 -88  42  
 -85  81  71  
  51  89  91  
  99  56  76  
  78 -83  76  
 -96 -40  89  
 -45 -96  87  
 -87  85  63  
  88  97  40  
 -83  80  74  
  94 -53  84  
 -64  80  91  
  86 -95  49  
  57 -84  92  
  70  72  93  
  98  95  14  
  67 -80  89  
  90 -98  33  
  72  83  82  
 -91 -92  45  
 -88 -43  96  
  68  75  92  
 -90  98  33  
   1  98  96  
  88 -97  40  
  33  99  89  
 -100 -37  86  
 -47 -99  82  
   9 -96  97  
 -56 -90  87  
 -83  67  86  
 -79 -77  81  
  87 -82  67  
 -95  94  31  
  59  83  92  
  73 -69  93  
  45 -95  88  
 -97  97   2  
   9 -97  96  
 -79 -54  98  
  76 -93  66  
  97  96  12  
 -77  60  96  
  42 -87  97  
  85  81  71  
  66  97  71  
  88 -37  98  
  12 -97  96  
 -70 -77  89  
 -76 100  55  
 -85  75  77  
 -88  45  95  
 -84  64  87  
 -89 -73  74  
  97 -55  80  
  95  71  69  
 -58 -93  82  
  12 -98  95  
 -97 -11  96  
  85 -86  64  
  79 -67  90  
 -70 -96  68  
 -82 -92  60  
  76 -91  69  
 -81 -72  84  
  88  83  64  
  97 -42  87  
 -27  94  96  
  23 -94  97  
 -73 -100  59  
 -97 -18  95  
  97   3  97  
  95 -62  77  
   4  97  97  
  22  93  98  
  94  47  88  
 -82 -60  92  
 -87 -67  82  
 -100 -56  75  
  82  45 100  
  30  89 100  
 -42  97  87  
  55  94  83  
  80  85  72  
 -47  95  87  
  67  65 100  
 -79 100  50  
  11  98  95  
 -91 -75  70  
  96 -68  70  
  91 -91  47  
  95 -78  60  
  99 -21  92  
  97 -97   0  
  84  91  59  
  91 -92  45  
 -99  13  94  
  96  71  67  
 -74  61  98  
 -98  93  23  
  60  85  89  
   3 -96  98  
  94 -77  63  
  70  68  96  
  95 -47  87  
  88  81  67  
  94 -68  73  
 -74 -57 100  
 -97 -80  55  
  70 -62 100  
