   3  32  16  
 -25   2  26  
  27 -22   9  
 -16  30  12  
  15  -6  32  
 -13 -28  19  
 -19  27  14  
 -34  -7  10  
   0   0  36  
  -3  16  32  
  20  -2  30  
 -30 -18   9  
  25  24   9  
  32   5  16  
 -25  22  14  
 -13  -6  33  
  34 -10   6  
 -20  13  27  
 -23 -28   1  
   8 -16  31  
 -18 -31   3  
 -17  29  13  
 -26   9  23  
 -17   7  31  
  12  30  16  
  -2 -36   3  
   8 -32  15  
   9  -8  34  
 -14  28  18  
  17  29  13  
   4 -34  11  
   8  29  20  
   3  27  24  
  21  29   0  
  26  -2  25  
  12  -9  33  
  28  23   1  
 -14  19  27  
 -21  26  13  
  21  27  11  
 -30  12  16  
  20   3  30  
 -27 -24   2  
 -19  13  28  
  35   1   8  
 -15 -11  31  
  -5   8  35  
 -11  22  26  
  -2 -34  12  
  -7  30  19  
  27 -21  11  
  -9 -21  28  
 -15 -20  26  
  14 -22  25  
  33 -11  10  
   8   0  35  
   4  18  31  
 -24 -27   1  
  29 -21   2  
   7  10  34  
  10  32  13  
  27 -24   0  
  23 -28   1  
  31 -18   4  
  27  24   3  
 -12  33   8  
  30  18   9  
 -17   6  31  
  -2  25  26  
   6 -10  34  
  30  11  17  
 -25 -10  24  
 -10 -23  26  
  21 -22  19  
 -15  17  28  
 -20  19  23  
  27  14  19  
 -10  31  15  
  36   3   1  
  -2 -14  33  
  28  -5  22  
 -32  -2  16  
  -6  -6  35  
  29  19  10  
  25  19  18  
  -9  27  22  
   1   4  36  
  17 -32   1  
 -32 -17   1  
  18  -4  31  
 -21   9  28  
  23  23  15  
 -26   7  24  
   3  -2  36  
  29  10  19  
 -29 -20   7  
 -15  10  31  
   4 -36   0  
 -16 -31   8  
 -14  32   9  
 -29 -10  19  
 -27 -23   5  
  28  19  13  
  30  20   1  
  -8 -17  31  
 -12 -33   8  
 -32  17   1  
  17 -18  26  
  -3 -12  34  
   3 -24  27  
  31  13  13  
  -9  28  21  
  -1  31  18  
  18  -8  30  
  24   9  25  
 -23 -27   7  
  26   3  25  
  23  10  26  
  29 -10  19  
  30  -1  20  
 -22  27   9  
  -9  29  19  
   8  32  14  
 -21  27  12  
  -5   6  35  
 -23 -26  10  
  27  20  13  
  14  32   8  
  -6  35   7  
  25 -20  16  
  21 -15  25  
  -8  -8  34  
  28  10  20  
  32  -1  16  
  26 -14  21  
  27  -9  22  
 -20  23  19  
  19  21  22  
  27   3  24  
  23  -6  27  
 -30 -19   7  
 -14 -27  19  
 -14  -5  33  
  10 -34   6  
  -8  30  18  
  15   0  33  
  31  17   6  
  35   5   8  
  15 -29  15  
  12  22  26  
   0  17  32  
  35   7   3  
 -33   9  12  
  16  29  14  
  33  12   9  
  30 -20   1  
  10  29  19  
 -18  30   8  
 -33 -14   4  
 -16  19  26  
  30  16  12  
  36  -1   4  
 -23  14  24  
  -6  34  11  
   2  34  11  
 -14 -31  12  
  19  23  20  
   5 -10  34  
  26   1  25  
 -22   5  28  
 -35  -9   2  
  27 -23   6  
   7  24  26  
 -23  19  20  
 -25 -14  22  
  10  33  10  
  17 -24  21  
  15  15  29  
 -18 -20  24  
 -26 -25   2  
 -19 -26  16  
   8  12  33  
  23 -25  12  
  31  17   7  
   5  -7  35  
 -24 -26   7  
  25 -25   6  
   4  32  16  
  -8  34   8  
  -7 -23  27  
  20 -26  15  
 -27 -12  21  
  -2   0  36  
  33  12   8  
  16   4  32  
  12  34   0  
 -30  -7  19  
 -10 -13  32  
  20  -1  30  
  -8  21  28  
 -10 -10  33  
 -25  16  20  
 -16  14  29  
   9  35   2  
  -8 -31  16  
  22   6  28  
 -30   2  20  
  11 -22  26  
  10  17  30  
 -24 -14  23  
  28   0  23  
  -9 -28  21  
  15 -13  30  
  -3  -3  36  
  12  34   3  
   7  13  33  
  19 -12  28  
   1   1  36  
   1 -20  30  
 -34  11   2  
  14  25  22  
 -13  -5  33  
  27 -14  19  
  -9  25  24  
   6 -26  24  
 -24 -12  24  
   5 -19  30  
  20 -17  25  
 -31 -18   2  
   0 -33  14  
  36  -2   0  
   6  22  28  
   6  32  15  
  24   1  27  
  -9 -35   1  
 -23 -17  22  
 -21 -11  27  
 -34   3  11  
  27  -3  24  
  35  -8   0  
 -22  24  15  
 -36  -2   1  
  34  10   5  
  -8  28  21  
 -35   7   3  
 -30  19   7  
 -30 -14  14  
  30   8  18  
   6  35   5  
  33  14   3  
  29  20   7  
   1  23  28  
  35   3   7  
  18  31   4  
 -15  -8  32  
 -29   1  21  
  23  26   9  
   9  -1  35  
  -1 -25  26  
  14 -32   8  
   0 -34  12  
 -24  12  24  
  27  -5  23  
 -16  32   2  
   1  21  29  
 -25 -25   6  
   8 -35   3  
  25 -26   1  
 -14  33   1  
  34   6  11  
  12 -25  23  
  23 -23  16  
  -8 -29  20  
  18  29  11  
  28 -19  13  
  21  13  26  
 -13 -33   5  
  -2 -30  20  
 -23  25  12  
   1 -23  28  
  28   4  22  
  14  22  25  
  23 -10  26  
  12  -7  33  
  32 -17   1  
  12  19  28  
 -29   5  21  
 -29   0  21  
  19  29   9  
 -27 -13  20  
  31   2  18  
  14  21  26  
  26  25   0  
  24 -21  17  
  -5  34  10  
  -9  33  12  
 -32  12  12  
 -11   3  34  
 -27 -21  11  
   1  36   1  
