  35 -61  62  
 -11  -7  93  
  29 -82  36  
   3 -55  76  
  66  -5  67  
 -78   6  52  
 -47 -16  80  
 -89 -16  26  
  91 -13  20  
  41 -15  83  
 -44  49  67  
  42   3  84  
  71  36  50  
 -76   7  55  
 -63  68  17  
  38  79  34  
 -20 -41  82  
 -73  47  36  
  78 -12  51  
  19   6  92  
 -82  24  39  
 -73  12  58  
 -20  82  41  
  68  27  59  
 -21 -39  83  
 -74   2  58  
 -50  78  16  
  60  61  39  
 -69  38  51  
 -91 -24   3  
 -37 -69  52  
 -26 -31  85  
  52  40  67  
  -2  -1  94  
   0 -12  93  
  10  83  43  
 -15 -12  92  
 -12  93   1  
 -55  28  71  
 -75 -49  29  
 -52  67  40  
  65 -30  61  
  88 -32  10  
  76 -15  53  
  61  37  61  
  84   5  42  
  38 -50  70  
  31 -57  68  
  29 -74  50  
 -16  87  32  
 -64 -68  10  
  48  13  80  
  33 -79  39  
  15 -93   3  
  59 -50  53  
 -31  75  47  
   3 -70  63  
 -34  45  75  
  83  28  34  
  83  40  19  
 -18  85  36  
  46 -59  57  
 -79  -1  51  
  -4 -13  93  
  85 -10  39  
 -64  47  50  
  13   6  93  
  67  49  44  
 -59 -71  18  
   9 -22  91  
  -5  93  11  
 -39 -11  85  
  62 -68  18  
 -91 -23   6  
   1   3  94  
 -24 -37  83  
 -28 -69  57  
 -12 -54  76  
 -53  32  71  
  87  -3  36  
  22 -77  49  
  51  75  25  
 -55 -68  34  
 -63  70   1  
  50  23  76  
 -48  65  48  
  -6 -55  76  
 -61  10  71  
 -60  36  63  
  73 -40  44  
  42 -79  29  
 -10  32  88  
 -87   6  35  
  24  89  18  
  66  63  22  
  88  33   3  
 -11  45  82  
  -6  23  91  
 -55 -19  74  
  93  11   6  
  16  53  76  
  62  67  22  
  84  39  16  
 -83  -1  44  
  73   2  59  
  48 -71  39  
 -42 -62  57  
  28 -86  26  
  25 -73  54  
  70  57  27  
  10 -81  47  
 -19  24  89  
  92 -13  13  
  92 -20   1  
 -45 -48  67  
 -80  45  20  
 -90  -5  26  
 -76 -33  44  
  67  64  16  
 -46   3  82  
  -6 -35  87  
  27 -75  50  
 -32 -87  16  
 -88 -32   7  
  83  44   2  
 -85 -39   9  
  13 -58  73  
  12  31  88  
 -11 -77  53  
 -93   7  11  
  -5  14  93  
  72 -33  51  
   8 -93   9  
  59  67  29  
  49 -18  78  
  37 -86   7  
  -5  90  26  
 -58 -72  18  
 -19 -88  27  
  20 -13  91  
 -32 -20  86  
  36  -4  87  
  46  68  46  
  18  51  77  
  -7  93  13  
  -7  72  60  
 -48  -1  81  
 -82  22  40  
  15  76  53  
 -60  72   7  
  43  75  37  
 -38  72  47  
 -15 -47  80  
 -94  -3   3  
 -50  50  62  
  43  83  10  
   5 -94   1  
  -9 -56  75  
 -23  49  77  
  56  63  42  
 -73  49  33  
  88 -13  30  
 -66  19  64  
  51 -79   3  
 -14  35  86  
 -73  58  12  
 -48 -81   3  
 -29  71  54  
  21  26  88  
 -87  -5  35  
  38 -45  73  
  -6 -93  14  
  12  -7  93  
 -20 -26  88  
 -79  -8  50  
 -87  33  12  
  34 -11  87  
 -59 -68  27  
  56 -51  56  
 -83  10  43  
 -81 -35  32  
  32 -10  88  
 -89   7  30  
  68  -2  65  
 -83 -31  32  
  89 -29   7  
  27 -87  23  
  83   1  44  
  24 -79  45  
 -17 -90  21  
  31 -83  32  
 -77  -8  53  
  18 -92   9  
 -65  16  66  
  44 -38  74  
 -46 -80  17  
 -76 -47  29  
 -14 -85  37  
  84  30  29  
  92   0  19  
 -36  40  77  
  20 -77  50  
  47  -7  81  
  52  26  74  
  79  49  15  
  15 -56  74  
 -88  30  15  
 -86  22  31  
 -44 -13  82  
  44 -75  36  
 -40 -76  38  
 -32 -51  72  
  11 -63  69  
  58  74   4  
  76  21  51  
 -25 -85  31  
 -25 -89  17  
 -60  42  59  
  -7  27  90  
 -19  91  13  
  15 -57  73  
  12 -53  77  
 -89   0  31  
  30  89   3  
  91 -23   8  
  80  37  33  
 -10  84  41  
 -42   3  84  
  66  62  26  
   9  39  85  
  32 -62  63  
  -5 -93  12  
   5  94   1  
  57 -69  28  
  58  56  48  
  -8 -93  10  
  -4  92  19  
  84   8  41  
 -35  60  63  
  51  13  78  
  56 -53  54  
 -38 -45  73  
  51  70  36  
  -2 -44  83  
  20 -76  52  
  94  -4   5  
  51 -50  61  
 -85  10  39  
 -38  82  25  
  58 -10  73  
 -32 -65  60  
 -61 -56  45  
 -60 -42  59  
  30  76  46  
 -42 -78  32  
  22 -42  81  
 -25 -25  87  
 -41  76  37  
 -51  50  61  
 -70  15  61  
   2 -94   4  
 -22 -44  80  
 -20 -65  65  
 -11  83  43  
 -53  75  19  
 -69  40  50  
  71 -48  39  
  44  79  25  
  47 -55  60  
 -37  77  39  
  65  58  35  
 -48 -47  66  
  64  16  67  
  26 -27  86  
 -80 -29  40  
  -1  77  54  
 -50  79   8  
   8 -93  12  
 -53  37  68  
 -93  11   6  
  52  62  48  
  31  73  50  
  16  91  17  
  33 -32  82  
  34  40  78  
   9  11  93  
 -10  28  89  
  70 -21  59  
  50  49  63  
  51 -14  78  
  43 -24  80  
 -13  -3  93  
 -37 -14  85  
  76   3  55  
 -32  48  74  
 -12 -90  25  
 -41  80  28  
  33  -2  88  
  31 -41  79  
 -52 -76  20  
