  -9   6  14  
   5  -9  14  
  -2  10  14  
   7   0  16  
  -7   5  15  
   4  17   0  
 -15   9   1  
  -6   3  16  
 -12  12   4  
  11  13   5  
 -10  14   3  
 -14   7   8  
  17  -1   5  
  17  -2   3  
   4   3  17  
  16  -1   7  
  -3  17   1  
  13 -12   0  
  14 -10   3  
   8  14   7  
  12 -10   8  
  15   5   7  
  15  -5   7  
  15  -3   8  
  -9 -10  11  
  -9   0  15  
  -1 -17   3  
  -6  -4  16  
  13  -8   9  
   9  15   0  
   7  12  11  
   3 -16   6  
 -11 -10   9  
 -17   5   1  
  -9   8  13  
   9  -9  12  
  -2  -7  16  
   1  16   7  
   5  15   7  
  -5  -1  17  
   3 -17   3  
  -7   0  16  
   0  17   4  
 -17   3   4  
  13  -7   9  
 -15   8   3  
 -17   4   1  
 -13  -9   8  
  -1 -17   5  
  14   2  10  
  13 -11   3  
  -4  -3  17  
 -15  -7   6  
   4 -17   2  
  14  -5   9  
  -5 -15   8  
   6  -7  15  
   8 -14   7  
   5  12  12  
 -13   3  11  
   6   7  15  
   1  -4  17  
   6  12  11  
 -13  10   6  
   3 -17   2  
 -15  -7   5  
 -17  -3   3  
  -2   4  17  
   8  12  10  
   4   2  17  
  12   4  12  
  -8  -5  15  
   8  15   4  
   3   3  17  
  13   4  11  
 -17   2   3  
   2  10  14  
   7  13   9  
  -6  11  12  
  12  11   6  
   9   6  14  
  10   8  12  
  -5  -5  16  
  -2  16   7  
   8  -4  15  
   5 -16   5  
 -16   7   1  
  -3   0  17  
   0  15   9  
  15   3   9  
  11 -13   4  
  10   9  11  
  -7  -5  15  
   2   3  17  
  10 -11   9  
  11 -11   8  
  -2  -9  15  
 -12   4  12  
  -7  -3  16  
  11   9  10  
 -11 -11   8  
   6  13  10  
 -13  -4  11  
  -1 -13  12  
 -15  -1   9  
   1  17   5  
  -1 -16   7  
 -17   1   4  
 -15   1   9  
   1   5  17  
  -9  -5  14  
  14 -10   4  
   5   9  14  
   2  -7  16  
   0  -3  17  
   0  -5  17  
  11   4  13  
 -11  13   3  
  13   1  12  
   8   3  15  
   7 -13   9  
   6 -13  10  
 -11  -8  11  
  16  -6   3  
  -9  -8  13  
  -8 -15   4  
   4 -17   1  
 -14 -10   2  
  -6   4  16  
   9  15   2  
  15   2   9  
  13  -3  11  
   1 -17   4  
 -11  -3  13  
  16  -3   6  
  17  -4   2  
 -12  -6  11  
 -13  11   3  
  -3   7  16  
   7  -3  16  
  -5 -11  13  
   4  13  11  
 -14  -3  10  
  -8  12  10  
   9  15   1  
  17   3   0  
   8  13   9  
  10  14   2  
  -7  -6  15  
  10  -8  12  
 -12 -13   1  
  17   3   3  
   8  -5  15  
 -15   2   9  
 -17  -3   1  
  -6   7  15  
 -17   0   4  
   1   4  17  
  -6  14   9  
  -5  15   7  
  17  -4   0  
   7  11  12  
  16  -7   0  
  -2  -4  17  
   7 -14   8  
  14  -2  10  
   0   7  16  
  -9  -7  13  
  -9 -12   9  
  15  -9   2  
  -7 -16   2  
  11 -10   9  
  -3  17   2  
   9   7  13  
 -17  -4   2  
 -11  -7  12  
  15  -5   8  
  11   7  12  
   9  14   5  
   7  -5  15  
   9 -12   9  
 -16   5   5  
   4   0  17  
  -5   1  17  
   3   8  15  
   4 -16   6  
   8   9  13  
  15  -1   9  
 -16   3   6  
 -15   7   5  
  10  10  10  
   7   9  13  
  13   7   9  
   4 -15   8  
  10  -9  11  
  17   2   4  
   3  11  13  
   5 -17   1  
 -14  -9   5  
  -7  -1  16  
 -16  -4   6  
  -9  -3  15  
   4   6  16  
  16  -3   7  
  -6 -16   3  
  -3  14  10  
   4 -10  14  
  -8 -10  12  
  -8  -7  14  
  16  -4   6  
   1  17   3  
  -9  10  11  
  -6  -3  16  
  -3  -6  16  
  -2  17   3  
  17  -3   2  
   3  17   1  
   6 -14   9  
   0  17   5  
   6 -16   3  
   5 -12  12  
   7  15   6  
 -15  -5   8  
   3   1  17  
   7 -16   3  
  -6 -13  10  
   9 -15   0  
 -10   2  14  
  14   4  10  
   0 -13  12  
  12   6  11  
   7 -15   5  
  14  -9   6  
 -12  -7  11  
   1 -15   9  
 -12 -12   5  
   8 -13   9  
  -3 -17   4  
   7 -16   1  
   1  13  12  
  12  -7  11  
   6  14   9  
 -14   2  10  
  17   0   3  
   0  12  13  
   3  15   9  
 -10 -13   6  
   4  -3  17  
   5   5  16  
   0  17   3  
 -10   9  11  
   6   9  14  
   0  13  12  
   3   4  17  
 -15   8   5  
   2 -10  14  
   8   4  15  
  15  -8   4  
  16  -5   5  
   9  10  11  
   1  12  13  
  -9  15   3  
  16   7   0  
  12   5  12  
  -1  17   4  
  10  14   4  
  14   6   9  
   1 -17   3  
 -17  -2   3  
  11  -9  10  
  -1  16   7  
  -2   9  15  
  -9 -15   1  
   5 -17   0  
  -1  12  13  
  -7 -15   5  
  -8  13   9  
   5 -15   7  
  14  -3  10  
  -7 -16   3  
  -9  13   8  
  -3  -1  17  
 -16  -5   5  
  -1 -12  13  
  17  -2   4  
 -17  -3   4  
 -13  -5  11  
  11  10   9  
  -4   0  17  
   3   7  16  
  -7   8  14  
 -11   3  13  
 -10  -6  13  
 -10  -3  14  
   1 -12  13  
 -16  -7   1  
 -14  10   3  
 -13   9   7  
  -2 -10  14  
  -5 -12  12  
