  78 -80  87  
 -71  78  94  
  78 -63 100  
 -42  97  94  
 -85  78  82  
  90 -69  85  
  96  96  39  
 -100 100   4  
  90 -78  76  
 -65  97  80  
 -84  87  73  
 -77 -83  85  
 -43  95  96  
  98 -60  83  
 -84  81  80  
 -94  88  59  
  88  66  89  
  47 100  88  
  95  76  72  
  40  96  96  
  99  95  35  
 -39 100  92  
  95  42  96  
 -96 -35  98  
  75  77  92  
  89 -63  90  
 -97 -93  44  
  91  93  55  
 -96  66  80  
 -42 -93  98  
 -67  76  99  
  76 -68  98  
 -88  97  53  
 -95 -96  43  
  95 -97  40  
  94  89  57  
  62  80  99  
  90 -48  98  
 -73 -80  91  
 -80  85  80  
  82  76  87  
 -82  87  76  
  99 -95  35  
  69 -81  93  
  78  80  87  
  92  46  97  
 -79 -83  83  
  81 -82  82  
 -31  99  96  
 -83 -64  95  
 -20  99  99  
 -96 -85  60  
 -89  90  63  
 -75 -78  91  
  66  94  83  
  90  48  98  
 -72  88  84  
  92 -67  84  
 -99 -95  35  
 -17 -99 100  
 -58  84  98  
  95  54  90  
 -90  93  57  
 -98 -59  83  
 -98 -70  74  
  65 -82  95  
 -95 -97  39  
  86 -72  86  
  94 -100  35  
  60 -80 100  
 -90  63  89  
 -94 -69  80  
 -72 -86  86  
 -37  93 100  
  94 -46  95  
 -63  85  94  
  96  63  83  
 -93 -90  57  
 -61 -79 100  
 -100  91  41  
 -87  91  65  
 -54  87  98  
 -46 -94  95  
  91 -81  72  
 -66 -85  92  
 -64  78  99  
  84 -58  98  
 -39 -96  96  
  87 -92  63  
  80 -69  94  
 -70 -89  85  
  94  51  93  
  98 100  22  
 -93 100  37  
 -72  70 100  
  91 -100  41  
 -99  99  19  
 -84 -80  81  
  59 -95  87  
  98  61  82  
 -76  91  77  
 -67  98  77  
 100  90  44  
 -93  44  97  
  90  83  71  
  89 -65  89  
  71 -90  83  
 -76 -93  75  
  35 -98  96  
  95  77  71  
 -74 -81  89  
  97 -24 100  
 -95  63  84  
 -100  71  71  
  64  82  96  
  98 -28  98  
  87 -51  99  
 -86 -99  53  
 -96 -100  29  
  96 -42  95  
  83 -56 100  
 -84 -67  92  
  92 -70  82  
  38 -96  97  
  51 -100  86  
 -95 -71  77  
 -35  98  96  
 -40  93  99  
  42 -95  96  
  58 -87  95  
  80 -100  60  
 -96 -32  99  
 -85 -75  85  
 -96 -58  86  
  58 -85  97  
 -75  90  79  
  76  77  91  
 -93 -100  38  
 -96  95  42  
  94  85  63  
  94  38  99  
  81  97  64  
  54 -100  84  
  67 -85  91  
  81 -71  92  
 -99  76  67  
  97  83  61  
  49  96  92  
  59  94  88  
  99 100  15  
 -92  66  85  
 -84 -93  66  
  54 -95  90  
 -53 -85 100  
 -68  95  80  
  94 -95  47  
 -98  24  99  
 -91 -46  98  
  95  88  57  
  95 -31 100  
 -79 100  61  
 -93  89  59  
 -95  83  64  
  79 -61 100  
  89 -62  91  
 100 -24  97  
 -92 -52  94  
 -99 -26  98  
  99  44  91  
 -19 100  98  
 -75 -88  82  
 -66 -87  90  
 -81  90  73  
  92  66  85  
 -85  55  99  
  68  95  80  
 -98  56  85  
  73 100  69  
  80  91  73  
  50 -88  99  
 -100 -98  22  
 -65  80  97  
 -87 -84  73  
 -100  90  44  
 -99 -55  85  
 -79  83  83  
 -90 -46  99  
 -92 -56  92  
 -82 -99  59  
 -69  90  85  
  73 -100  69  
 -82 -83  80  
  74 -99  69  
  77 -87  81  
  77  66  99  
 -95 -93  48  
 -91 -59  91  
  58 -100  82  
 -86  71  87  
  95 -87  58  
 -86 -76  83  
  98  96  34  
  68 -81  94  
 -98 -34  96  
 100  94  35  
 100  96  28  
 -78  81  86  
  91  71  82  
  73  68 100  
 -95 -93  49  
 -66 -77  99  
  81  73  90  
 -91 -65  87  
  91 -72  81  
 -88  71  85  
 -99  39  93  
 -67 -91  85  
  99  74  69  
  71  99  72  
   6 -100 100  
  99  65  77  
 -76  95  72  
   5 -100 100  
 -91  74  79  
 -79  98  65  
  97  92  46  
 -45  92  98  
 -14  99 100  
  13 -99 100  
 -98 -99  24  
 -94  44  96  
  96  97  37  
 -57  86  97  
  80  97  65  
 -47  92  97  
  94  52  92  
 -50 -87 100  
  93  99  39  
 -67  91  85  
 -46 -89 100  
 -39 -94  98  
  80  74  90  
  75 -84  86  
  74  94  76  
 100 -68  73  
 -89  91  62  
  90  85  69  
 -31 -96  99  
 -73 -74  96  
  78  82  85  
 -71 -88  85  
  92 -42  99  
  96  69  78  
 -85  93  64  
  97 100  24  
 -25  99  98  
 100  40  92  
  90 -99  46  
  86 -95  60  
  96  49  92  
  95 100  31  
  86 -51 100  
  93  91  56  
 -25 -97 100  
 -99 -77  66  
 -99  31  96  
  59 -90  92  
  84 -89  71  
  77  79  89  
 -90  56  94  
  89  72  83  
 -96 -47  93  
  99 -85  55  
  95  82  65  
 -57 -85  98  
  91  87  65  
 -79  97  66  
 -98  81  62  
 -52 -96  90  
  96 -86  59  
 -95 -43  96  
  86 -81  78  
 -91  88  63  
  99 -42  92  
  89 -85  70  
  97 -81  64  
 -91  59  91  
 -47  94  95  
  91  78  75  
 -83  87  75  
 -96  52  90  
 -86  67  90  
 -48 -98  90  
  61 -79 100  
 -87 -71  86  
 -80  97  65  
  96  48  92  
 -82  95  65  
  96 -43  95  
 -71 -92  81  
