 -65  10  19  
  38  47  32  
  -4 -59  35  
  49   4  48  
 -60  33   5  
  68   6   1  
  13 -62  26  
  23  64   8  
 -63  -3  27  
 -36 -58   4  
  37  51  27  
 -52  22  39  
 -58  30  20  
  63 -27   0  
   5 -44  52  
 -46 -41  30  
  33  43  42  
  35 -53  26  
  29 -62   2  
 -55   7  40  
 -36 -58   7  
 -50  44  17  
 -50  -3  47  
 -60  24  22  
  32 -54  28  
 -38  56  11  
   5  38  57  
 -15 -57  35  
  52  13  43  
  40 -45  33  
 -25 -60  21  
 -34 -45  39  
  47 -45  22  
  47  23  44  
   1 -22  65  
  -6  66  17  
  58 -28  24  
 -25  11  63  
  10  33  59  
  24  20  61  
 -36 -38  44  
  56 -35  18  
 -29  59  20  
  60 -33   4  
 -22 -61  22  
  35  59   0  
 -14  40  54  
  46  50   9  
 -19  15  64  
  65  22   0  
 -28  55  30  
 -39 -55  11  
   9  46  50  
  22 -54  36  
  -4  13  67  
  14 -65  16  
  41  44  33  
  -8  36  58  
  47 -39  31  
  -5  14  67  
  44  43  30  
 -31  48  38  
  44 -42  32  
 -18  61  26  
  66  18   4  
 -13 -58  34  
 -38  -3  57  
 -61 -14  28  
 -38 -52  23  
 -41  42  35  
  42 -54   2  
  27  42  47  
  38  57   3  
  67  -5  13  
  18  30  59  
 -31 -26  55  
  40  -9  55  
 -21 -46  46  
  65  14  17  
 -37 -57  10  
  61 -29  12  
 -63  23  13  
  67   0  14  
  -2  55  41  
  -9 -68   4  
 -31 -39  47  
  48   0  49  
  66  14  12  
  -2  29  62  
 -53 -42  11  
  16 -19  64  
  21 -33  56  
  16 -22  63  
  61   3  31  
   0  31  61  
 -50  27  38  
  49 -44  18  
  55  40   8  
  38 -24  52  
 -42  18  51  
 -52  -6  44  
  48 -47  14  
  68   6   7  
  67  13   5  
 -59  -9  34  
 -55   8  40  
 -49 -29  38  
 -32  50  34  
  -2  39  56  
 -10  33  59  
 -52 -44   8  
   5 -52  44  
  17  -9  66  
  -7  -1  68  
 -59  -2  35  
 -13  -5  67  
  -5  18  66  
  63  12  24  
  57  29  25  
 -47  31  39  
 -14  16  65  
 -15  52  42  
  42 -42  34  
   2   8  68  
 -31  41  45  
  45 -49  17  
   6  63  26  
  59 -10  33  
 -26 -40  49  
  58 -28  23  
   7  51  45  
 -30 -28  55  
  35   3  59  
 -61 -24  20  
  47 -20  46  
 -45 -51   8  
  59   1  35  
  58  -6  36  
 -18  43  50  
  55  27  31  
 -11 -66  14  
 -25  43  47  
 -19  39  53  
 -24 -55  33  
  66  -7  16  
  41   8  54  
 -68   9   4  
 -30  49  37  
 -28  33  53  
 -23 -59  26  
 -63   9  26  
 -17   8  66  
  16 -40  53  
   5   4  68  
  11 -14  66  
  -6 -24  64  
  38   3  57  
   3  21  65  
  50   3  47  
   0  18  66  
  22 -62  19  
 -54  28  32  
 -49  47   8  
   7  52  44  
 -35 -44  39  
 -43  -4  53  
 -17  62  23  
 -48  34  35  
  28  62   6  
 -29 -15  60  
 -55   6  40  
 -65  19  10  
   7   7  68  
  57  15  35  
  66 -17   4  
  -1  15  67  
 -55 -26  31  
  41  26  48  
   2  -6  68  
 -29   0  62  
   1  29  62  
   5  57  38  
 -30  13  60  
 -33 -33  50  
  27  46  43  
  53 -27  34  
 -24  30  57  
  31 -41  45  
  67  -3  15  
 -37  45  36  
 -54  42   5  
  54  42   2  
  29 -37  50  
 -42   0  54  
 -18 -30  59  
 -54   5  42  
  18  38  54  
 -38  56   9  
  12  15  66  
 -36 -58   5  
 -44 -21  48  
 -59 -30  18  
 -25  61  19  
 -29  61  12  
  45 -21  47  
  33 -47  37  
  65  18  11  
 -28  59  20  
  -4  48  49  
 -35  58  11  
   3 -39  56  
 -10  53  42  
  21  62  20  
 -18 -56  35  
  -8  11  67  
  35 -52  28  
  23  43  48  
  54 -41   9  
  19  35  56  
 -10  41  54  
 -50  43  18  
  33  15  58  
  14  59  32  
   9 -35  58  
  31 -19  58  
 -65 -11  19  
 -33 -45  40  
  48  35  34  
  67 -13   8  
  32  55  26  
 -49  35  33  
 -62 -18  23  
  11  63  24  
 -34 -56  20  
 -34  47  36  
 -38 -27  50  
 -45  41  31  
  50 -46  10  
 -58 -36   7  
 -24 -46  45  
 -51 -22  40  
 -67  15   3  
 -45  -6  51  
   7  62  28  
 -31  55  27  
 -44  21  48  
 -63  26   7  
 -43  25  47  
 -66  18   6  
 -56  39   5  
 -19  27  60  
  -2  57  38  
  40 -26  49  
  -5 -14  67  
  -8  45  51  
 -34  27  53  
  66  13  13  
   4 -60  33  
 -59  -7  34  
  13 -47  48  
 -27  38  50  
  54 -42   4  
 -13  47  48  
   7  66  17  
  22  29  58  
  56 -33  22  
 -24  63  12  
 -44 -50  17  
  -9  68   4  
  65   6  21  
  22 -11  64  
   0  33  60  
   1  62  29  
 -57 -17  34  
  43 -47  25  
 -18  -4  66  
  46  40  31  
  58 -35  11  
 -26   6  63  
 -44  49  18  
  26 -13  62  
 -55  20  36  
   3 -67  13  
  26  -5  63  
  59   6  34  
 -18 -42  51  
 -13 -67   5  
  68   9   2  
 -61  29  11  
  31  61   4  
 -32  53  29  
  57  32  20  
   8 -34  59  
  -6 -68   2  
  -3 -18  66  
 -56  39   6  
  15 -67   0  
 -34  12  58  
 -41  -3  55  
 -20  -6  65  
