  16 -18   9  
  15 -18  10  
  20   4  15  
   9 -20  13  
 -15  20   6  
 -11 -19  13  
  17   7  18  
  -6  15  20  
  -7   6  24  
  -7   4  24  
  -8 -18  16  
   6  11  22  
  13  16  15  
  19  16   6  
  14 -19   9  
  18  18   2  
  24   3   8  
  16   9  18  
 -20   8  14  
  19  -3  17  
  16 -19   5  
  10  -8  22  
  -2  -4  25  
   2  16  20  
   4 -25   2  
  12 -12  19  
  -9   1  24  
  23  11   3  
  10 -16  17  
 -20 -10  12  
  -5  14  21  
 -17   5  18  
  20   0  16  
   3  -5  25  
 -21 -14   2  
 -18 -17   5  
 -25  -3   4  
 -25  -5   3  
 -11  21   9  
  12   4  22  
  17 -18   6  
  25  -5   1  
 -21 -11   9  
 -15  18  10  
 -16  20   2  
  21  12   8  
   0 -22  13  
   3  11  23  
  -6  13  21  
  17   3  19  
 -23  -7   9  
  19  -9  14  
 -18  18   1  
   2  14  21  
  -2  14  21  
   9  22   9  
  10   3  23  
 -19   8  15  
 -25   1   6  
  -8  24   4  
   4 -12  22  
  -3  -2  25  
  22 -13   1  
  13  13  18  
  21  14   3  
   7   4  24  
   1   9  24  
 -10  20  12  
 -11   2  23  
  -4  -1  25  
 -19 -17   2  
 -15  -8  19  
  20 -14   8  
  20  -4  15  
  10 -14  19  
  -8  -3  24  
 -10  15  18  
 -21   5  14  
   3  13  22  
  13 -20   9  
  10 -19  14  
  -3 -25   2  
 -16 -20   1  
   9  13  20  
  23  -1  11  
  15  -8  19  
 -14 -20   8  
   1 -21  14  
 -16 -13  15  
  -7 -22  11  
  17  -7  18  
  -4 -15  20  
  15  -5  20  
 -19   0  17  
  23  -2  11  
 -17  17   8  
 -12 -21   8  
   2  20  16  
   7  24   5  
  16  14  14  
 -11 -10  21  
  -6  18  17  
  -1 -22  13  
  11   0  23  
 -17  10  16  
 -25   6   1  
 -21 -14   3  
   0 -11  23  
  -3 -23  11  
  22 -10   8  
  -2  -8  24  
   7 -23   8  
   1 -18  18  
   5  23  10  
   1  21  14  
  -6  25   1  
   0  -5  25  
   7  -5  24  
 -14  16  14  
 -17   8  17  
 -10 -15  18  
  -6 -21  13  
  14  15  15  
   3  18  18  
 -13 -18  13  
   3 -11  23  
  16  -8  18  
 -13 -20   9  
   6  25   0  
  17  19   0  
 -19   6  16  
 -13 -16  15  
 -15 -16  13  
  24   4   8  
 -12  19  12  
   8   0  24  
   6  24   7  
 -11  -6  22  
 -14  15  15  
 -23   7   8  
  19  -6  16  
  14 -16  14  
  -7  -9  23  
  11  23   3  
  17 -10  16  
   2  25   3  
  -7  14  20  
  18 -11  14  
  19  12  12  
  14  21   4  
  11   3  23  
 -18  -9  16  
  15  12  17  
  22  10   8  
 -22   2  13  
 -20   2  16  
   7 -23   9  
  14  -3  21  
   3 -25   5  
 -16  -9  18  
  -6   1  25  
 -10  19  14  
  11   7  22  
  25   1   4  
 -14 -16  14  
  22   2  13  
 -21  11   9  
   8  20  14  
  17 -18   5  
  14 -18  11  
  -2  -9  24  
 -18 -16   8  
 -23  -4  10  
  -5  22  12  
 -16 -18   8  
  21  11   9  
 -13   3  22  
  -1 -14  21  
 -18  14  11  
  21 -14   4  
  -6  17  18  
   6  24   6  
  10  20  12  
 -12 -10  20  
 -22  -7  11  
 -22  -9   9  
 -25  -4   3  
 -21   2  14  
  15   6  20  
  -3  25   3  
  19 -10  14  
   1  16  20  
 -14 -19  10  
   5  -7  24  
   6 -18  17  
  15  15  14  
  -2 -11  23  
 -21   4  14  
 -14  21   4  
  13 -13  18  
  13  22   3  
  25  -5   3  
  23  -8   7  
  13 -22   0  
 -22 -13   3  
 -14  -8  20  
   0  -8  24  
   0  22  13  
   5   2  25  
  10 -21  10  
   1 -22  13  
 -14   1  21  
 -23   7   9  
 -20  13   9  
  17 -19   2  
   9  24   1  
   5  25   1  
 -21 -13   6  
 -15  17  12  
  -3 -13  22  
   1  14  21  
   9  14  19  
  -5  -3  25  
 -14  19   9  
  -9  23   7  
   9 -24   0  
 -20 -14   8  
 -11   6  22  
 -20 -13   9  
   8 -24   3  
  11  -6  22  
  -8 -23   7  
  18  -2  18  
  25   0   5  
  -4   1  25  
  17 -13  14  
 -16  -8  18  
 -14 -13  17  
  20  16   2  
  25  -4   1  
  -2 -22  13  
   9 -22   9  
  -3 -18  18  
 -19   9  14  
  18  18   3  
   6  17  18  
   2  -3  25  
 -20 -12  10  
  13   1  22  
  23 -10   3  
  20  10  12  
 -23   3  11  
  -2 -16  20  
  -5  17  18  
 -14 -21   5  
  -2 -23  11  
  -4 -22  12  
  24  -9   1  
  20 -15   4  
 -23  -2  11  
 -18 -14  11  
 -21  -9  11  
  -4  25   3  
 -23  -1  11  
 -18   2  18  
 -12   8  21  
  13   0  22  
  23   4  10  
   4  25   1  
 -24   8   2  
  17 -12  15  
 -14  10  19  
  20 -15   5  
 -25  -4   4  
 -23  -9   7  
  18 -13  13  
 -15 -20   6  
  -2  25   5  
  17   2  19  
 -16 -10  17  
 -14 -10  19  
 -21  -4  14  
 -20  -8  14  
  -5  24   7  
 -10  23   3  
  17  12  15  
 -13  14  17  
  14  13  17  
   5 -16  19  
 -16  -6  19  
  14  -8  20  
  11 -22   7  
   5 -20  15  
   3 -25   2  
   9 -14  19  
  15  20   5  
  12  17  15  
   3   2  25  
  25  -1   6  
 -18   8  16  
