 -24  86  75  
  64  87  44  
 -39  88  66  
  79 -62  59  
  47 -68  82  
  22 -65  94  
 -98  -9  62  
 -99 -41  46  
 -84  50  63  
 -88 -54  54  
 -93 -41  57  
  79  83  20  
  -5  95  67  
  94  62  29  
  26 -97  59  
  33 -76  82  
  53 -28 100  
 -71  69  61  
  55  48  91  
 -82  55  62  
  17 -91  71  
  88  53  55  
 -74  45  78  
  67 -95   6  
  71 -92  10  
 -34 -63  92  
 -25 -56  99  
  31  99  53  
  63  25  95  
 -77 -75  45  
  95  64  21  
   2  84  81  
  84  -3  81  
  96  64  17  
 -18 -84  79  
 -85  -1  80  
  98  55  30  
 -56  92  45  
 -17 -59  99  
 -87  74  23  
 -85  11  79  
  98 -60  20  
 -74  83  35  
 100  26  54  
 100  55  24  
 -59  -8 100  
 -77 -14  86  
  12  95  66  
 -46 -53  93  
 -10 -67  95  
  72 -51  76  
 -15  79  84  
 -41 -66  87  
 -71 -72  58  
  64  49  84  
 -56 -20 100  
 -87  69  35  
 -100  -4  60  
 -68  54  78  
  61  86  49  
 -27  53 100  
  27  86  74  
 -90 -67  32  
  67  90  32  
 -94  67  17  
   9 -77  87  
 -28 -91  67  
 -57 -51  88  
  70  75  55  
  88 -47  60  
 -47 -39  99  
 -21 -81  81  
  76  71  53  
  59 -52  86  
 -85  52  60  
  94 -19  66  
  59 -94  35  
  68  94  12  
  91 -61  40  
 -64 -97   6  
 -43 -81  72  
  32  89  68  
  58 -21  99  
  33  79  79  
  60 -12  99  
 -95 -63  25  
  97  64   6  
  54 -42  94  
 -54 100  26  
  51 -58  87  
  85  75  26  
  91 -23  69  
 -38 -46 100  
  57  26  98  
 -69 -32  88  
 -28 -64  93  
 -71  21  90  
 -70 -87  34  
 -50 -87  59  
 -43 -73  80  
 -91 -73   4  
  83  73  37  
 -41  92  59  
  56  99  25  
   7  93  70  
 -69 -94   1  
 -97 -28  58  
 -69  82  46  
 -70  -4  93  
 -22 -73  88  
  23  93  66  
 -45 -73  79  
  58  50  88  
 -32  84  74  
   4  95  67  
 -50 -88  58  
 -98   2  63  
  66  48  83  
 -24  71  89  
 -88  55  53  
  97 -62  17  
  85  80   0  
 -69 -44  83  
 -77  30  82  
   8 -78  86  
  88 -76   3  
  -2  74  90  
 -62 -93  33  
 -86 -19  76  
 -100 -56  20  
 -12  63  97  
 -89 -74  14  
  78  86  11  
 -40  46  99  
  88 -67  36  
  69  -2  94  
  88 -74  19  
  49  94  48  
 -49  90  55  
 -75  78  43  
 -72  90  17  
 -97 -40  51  
 -10  80  84  
 100  41  43  
  69 -12  93  
  95  19  65  
  42 -94  55  
 -20  95  64  
  75  66  60  
 -57  73  71  
 -49 -50  93  
 -67 -16  94  
  97  35  54  
 -50  76  73  
 -61 -71  69  
 -71 -92   4  
  50  33 100  
 -70 -13  92  
  54  32  98  
 -36  90  65  
  89  72  22  
  85  -2  80  
 -63 -98   2  
 -95 -67  10  
 -87 -47  62  
 -71 -91  15  
 -98   3  63  
 -95  61  28  
 -74  90   2  
 -82  81  17  
  68  49  81  
 -96 -63  21  
   2 -80  85  
  70 -93   2  
  78  48  72  
  74 -87  22  
  24 -91  69  
 -60 -45  89  
  34 -74  83  
 -26 100  54  
  29 -97  58  
 -61  -7  99  
  55 -55  87  
 -86  33  71  
  69  91  24  
  66  56  78  
 -55  48  91  
  55  62  82  
  44  43  99  
 -73 -27  87  
 -66  80  53  
 -63 -82  54  
 -53  71  76  
 -99  38  48  
 -28 -58  97  
  60 -60  80  
  68  88  34  
  56 -35  96  
  11 -82  82  
 -80 -72  44  
 -95  44  51  
  95 -64  22  
 -83 -39  72  
  73 -84  35  
  89  37  65  
  33 -96  57  
   7 -92  71  
 -96  37  55  
 -20 -96  63  
  28  76  84  
 -69  46  82  
  57 -85  56  
  60  47  88  
  74 -90   5  
 -91  33  65  
 -98 -44  45  
 -64 -71  67  
  87  69  35  
  77  15  86  
 -95  58  34  
 -67   6  95  
 -98 -57  27  
 -11 -80  84  
  52  41  96  
  -5  63  98  
  29 -54  99  
  82 -76  33  
 -39  94  57  
  70 -68  64  
  66 -96   2  
  95 -19  65  
 -88  37  67  
  28 -83  77  
  -6 -63  98  
   8  76  88  
 -39  66  88  
 -67  64  71  
  88 -63  43  
 -89  64  39  
 -27  55  99  
 -55 -62  82  
 -92  -6  71  
  23 -92  68  
 -31 -72  86  
  44  95  51  
  42  90  61  
  90  -7  74  
  49  44  96  
  73 -74  53  
  63 -50  84  
   2 -75  89  
  41 -57  93  
 -63 -88  43  
 -28 -82  78  
 -62  -9  98  
  61 -39  91  
  97  63  14  
  84  55  59  
  60   4 100  
 -65  88  40  
 -98 -63   4  
  93 -39  58  
  33  80  78  
 -69 -38  86  
 -41  53  95  
 -77 -50  72  
 -65  38  89  
  20  97  61  
 -70  85  38  
  75   3  89  
  79  85   8  
 -56  90  48  
   9  75  89  
 -85  10  79  
  74 -77  46  
  61  99   7  
  59 -83  57  
 -92 -13  70  
 -47  86  63  
 -97 -29  58  
 -69  29  89  
 -70 -92  16  
 -65 -12  96  
  22  68  92  
 -24 -67  92  
  73  46  78  
 -54 -87  56  
  88 -29  71  
  86 -74  27  
 -50  36  99  
 -59 -85  54  
 -61 -32  94  
 -56 -98  29  
 -31 -96  58  
 -48 -80  70  
 -67  68  67  
  24  77  84  
  20 -58  99  
  82 -57  60  
  78 -38  78  
