 -59  49   1  
  -4  66  38  
 -48  56  20  
 -75 -12   9  
  26   2  72  
 -74   5  18  
  41 -64   9  
 -70 -18  25  
  54  12  53  
  20  68  29  
  56  33  40  
   5  43  63  
  62 -41  18  
  45  51  35  
  -9  50  57  
 -39 -64  16  
 -15  29  69  
 -43  29  56  
 -35  67  11  
 -36 -21  64  
 -21 -60  43  
  -1 -75  15  
  56 -11  51  
   2  53  55  
  76  -3  10  
  73  21   9  
  68  11  33  
  21 -14  72  
 -59 -45  18  
  34  64  24  
  -9  70  30  
  31  34  61  
   6 -51  57  
 -38  21  63  
 -66  18  34  
   0 -33  69  
  29  68  20  
 -67 -37   1  
 -29 -26  66  
  43  50  39  
  21 -72  16  
  39 -66   3  
  62  26  36  
 -21  34  65  
  17  74   8  
  -3 -40  65  
  37 -62  26  
 -33  59  36  
  16  12  74  
  38  62  23  
 -59  19  45  
 -69  33   2  
  41  22  61  
 -40 -43  49  
 -19  45  59  
 -55 -10  52  
 -29 -63  32  
  17  64  38  
  62  41  18  
  33 -56  40  
  32 -15  68  
 -61 -34  31  
 -23  37  63  
  56 -52   0  
  51  56   9  
  33  55  42  
 -54  38  39  
 -46 -44  42  
  46  12  60  
  67 -12  35  
 -34  49  48  
 -54 -51  19  
 -54 -21  50  
  37  46  49  
 -39 -10  65  
  49 -26  53  
 -38  37  55  
  35 -41  54  
 -55  44  30  
  42  59  24  
  -2 -29  71  
 -23 -43  59  
  74  -6  19  
   1 -33  69  
  76  10   0  
  57  34  38  
 -73 -22   5  
 -76  -3   9  
  39 -11  65  
 -46 -49  37  
 -43  -6  63  
 -32  65  25  
   5  73  23  
  73  -4  22  
  34 -65  22  
 -47  60   5  
  33 -28  63  
 -15   5  75  
 -15 -54  52  
 -42  -4  64  
  -4  51  57  
  63   6  43  
 -35  43  53  
  67  21  30  
 -64 -38  18  
 -33  42  55  
 -72 -12  23  
  17 -69  28  
 -52  49  28  
 -27  70  15  
 -31  16  68  
   0 -76   8  
  -4 -71  28  
  12  -7  75  
  71  29   0  
  24  69  22  
 -71  28   6  
  -5 -60  47  
 -38  56  36  
  14 -75   8  
 -34 -67  15  
  68  24  26  
  20 -27  69  
   0 -73  23  
  64 -42   3  
  -8  66  38  
   9  29  70  
  22 -14  72  
 -23 -73   3  
  63 -37  23  
  76  -5   7  
   6  71  28  
 -52 -38  41  
  51  55  15  
  15 -44  61  
 -24 -42  59  
  14  44  61  
 -55  53   2  
  19  73  14  
 -33  23  65  
  24 -20  70  
  21  22  70  
  10  24  72  
   9  71  27  
  -5 -28  71  
 -58  -4  50  
 -19 -68  30  
 -14 -49  57  
  44  24  58  
  22 -36  64  
 -39  38  54  
  36 -34  58  
 -37  49  46  
 -47 -40  45  
 -56 -22  47  
 -31  67  20  
 -52  48  29  
 -51  37  43  
  15 -51  55  
   1  75  14  
 -21  36  64  
  72  16  21  
 -17  63  40  
  69 -10  31  
 -35 -67  11  
 -53 -29  47  
 -32  69   8  
  52 -51  23  
 -26 -23  68  
 -49 -21  55  
  21 -50  54  
 -41 -49  42  
 -73  23   5  
  22 -69  24  
 -69 -25  21  
  -8  22  73  
  52 -11  55  
  34 -61  31  
  31 -55  43  
  -6  75  14  
 -51  11  56  
  24  45  57  
  58  49  11  
  17  66  35  
  11 -12  75  
 -26 -70  17  
  63 -43   0  
   1  64  42  
   4  15  75  
 -14  51  55  
 -34  59  35  
 -11 -54  53  
  56  44  28  
 -15 -24  71  
 -51  57   3  
 -59  46  16  
 -47 -54  27  
  59 -19  45  
 -61  27  37  
 -31 -63  30  
 -19 -47  57  
 -23  52  51  
  55 -23  48  
  27  46  55  
   2 -59  49  
  60 -35  32  
   5 -76   7  
  68  -4  35  
  -8  32  69  
 -39  53  39  
  31  49  50  
 -14   0  75  
 -71   8  27  
 -23 -50  53  
  44 -39  49  
  38 -36  56  
   8  -4  76  
  54 -43  33  
 -15  70  27  
  43   7  63  
 -38  65  14  
 -72 -16  21  
  40 -58  30  
 -19 -74   5  
  -6 -59  48  
 -65  36  19  
 -46  -7  61  
   2 -76   6  
 -34 -64  25  
  29 -70  10  
  -1 -74  19  
  58  47  16  
 -30 -29  64  
  31 -60  36  
 -25 -51  51  
  33  43  54  
 -24 -58  44  
   8 -38  66  
   7 -40  65  
 -40 -65   4  
  12  67  35  
  20  63  39  
 -24 -53  50  
  22  73   5  
 -41  13  63  
 -56 -24  46  
 -33 -69   3  
  75  15   2  
 -76   8   4  
 -18  73  14  
 -42  64   1  
  19  65  36  
   6  72  25  
  -4 -58  50  
  65  27  30  
  26   4  72  
 -52 -24  51  
 -76   9   5  
   6 -62  44  
  -3 -26  72  
  52   2  56  
  42 -63  11  
  23 -43  59  
 -51  -4  57  
 -54  54   4  
 -17  56  49  
 -32  59  37  
 -35 -17  66  
  30 -65  27  
 -20 -73  11  
 -25  63  36  
  43  62  13  
 -70 -29  10  
  65  38  14  
  41  52  38  
  -7  32  69  
   9   4  76  
 -71  22  18  
 -14 -75   7  
  12  65  39  
 -47 -53  29  
  14 -38  65  
 -39  66   2  
 -17 -16  73  
  11 -72  23  
  44  -6  62  
 -15 -73  18  
 -75  -4  14  
  -2 -59  49  
 -35  39  56  
  -3 -50  58  
 -45   9  61  
 -46 -35  50  
  70 -27  15  
  -1 -75  14  
 -76   3   6  
 -12 -23  72  
  20   0  74  
 -45 -35  51  
 -62  42  16  
