  45 -35  13  
   3  12  57  
  54  22   2  
  41 -40  12  
 -22 -54   7  
   0  58   9  
  -1  56  17  
  37  10  44  
  20  40  38  
   8 -31  49  
  -2  29  51  
 -14 -50  27  
  48  -5  33  
 -22 -54   6  
 -29 -44  25  
   9  48  32  
  22 -39  38  
  56 -16   3  
 -25  22  48  
 -58  -3   7  
  -4 -13  57  
  40  12  41  
 -56  16   4  
 -41  14  39  
  13 -52  23  
  29  10  50  
  15 -54  16  
 -40 -19  38  
  -6 -36  46  
  -7  58   6  
  11  56  13  
 -38 -11  43  
  42 -39  11  
  38 -36  26  
 -10  46  35  
 -33 -46  14  
 -30 -26  43  
  14 -20  53  
  45 -18  33  
  39  33  29  
  -9  17  55  
  18  35  43  
  -8 -14  56  
   4  52  27  
  -9  42  40  
 -24  -7  53  
 -49  29  13  
 -48 -33   4  
   8  55  19  
 -46 -10  35  
 -17 -55  11  
  40 -30  30  
  49 -26  18  
 -10 -55  17  
  19 -35  43  
 -38  30  33  
  -6 -41  41  
  29  46  22  
  23  32  43  
  56  15   6  
 -56 -17   2  
  48 -19  27  
 -33  28  39  
  15  54  16  
   4 -20  55  
   6  48  33  
  19 -54  12  
 -50 -24  18  
 -25 -18  50  
 -48   6  33  
 -30   2  50  
  11 -56  12  
  55  18   8  
  44  38   6  
  29 -38  34  
  55  15  13  
 -19  42  36  
 -20 -14  53  
  27 -20  48  
  -5  48  33  
  40 -43   1  
  54 -19  12  
 -15  56   6  
 -29 -49  14  
   0 -37  45  
 -36  -2  46  
  21  26  48  
 -54   1  23  
 -40 -14  40  
  17  -5  56  
 -26  33  41  
 -19  55   4  
 -22  32  44  
  48  33   3  
  -4  37  45  
  49  24  21  
  46 -28  23  
  10  20  54  
  39  34  27  
 -26 -11  51  
  54 -21   9  
 -26  37  37  
 -49  30  10  
 -15  41  39  
  38  -4  44  
  32  17  46  
 -28  19  48  
  17 -52  21  
   6 -49  31  
  34 -46  12  
 -28 -21  47  
  -4 -26  52  
 -31 -43  25  
  -2 -29  51  
  13  40  41  
  56  17   5  
 -33 -22  43  
 -18 -49  26  
  -4 -51  28  
  25 -43  31  
  -6  58   4  
   2 -41  42  
  34  37  30  
   9  -8  57  
 -33 -48   3  
 -40 -35  24  
  32  44  22  
  55  20   1  
  -9 -48  32  
  47   9  34  
 -20 -44  33  
   3  25  53  
  31  49   7  
 -41   7  41  
  16  34  45  
  38 -11  43  
  51 -27  10  
  54  13  18  
 -57  10  10  
 -21 -36  41  
  47  -1  35  
  20  21  51  
  -6  58   7  
 -34  31  36  
  50  28  12  
  22 -46  29  
   6 -47  34  
  22  -2  54  
 -53  -5  24  
  14  36  44  
 -46 -36   4  
   2  37  45  
   5 -28  51  
   3  37  45  
  47  14  32  
  46  29  22  
   7 -55  18  
  45   9  36  
 -23   0  54  
 -48 -33   1  
 -54  19  11  
  11 -52  25  
  58   6   6  
 -17  55   9  
 -38  44   4  
 -29 -51   3  
  43 -40   0  
  53 -24   4  
  26  47  23  
 -37  45   1  
 -27 -47  22  
  14 -57   1  
 -29  51   2  
   6  49  31  
  37  40  21  
 -42 -33  24  
  15 -20  53  
  23  37  39  
  41   6  41  
  35  47   2  
  50  -1  30  
 -13  40  41  
 -11 -55  17  
 -45  -2  37  
 -50  24  19  
  52 -15  22  
  -2   7  58  
 -16  43  36  
 -39  37  23  
 -56 -17   3  
  45  37   7  
  40 -35  24  
 -40  30  30  
  34  43  20  
  27  45  26  
 -40   6  42  
  11  45  36  
  26 -49  19  
  -7   4  58  
 -48 -18  28  
 -46 -36   5  
 -32  49   5  
  58   8   1  
 -55 -16  11  
 -13 -56  12  
  11  12  56  
  12  -2  57  
 -53   0  25  
  -6  33  48  
  27  11  51  
  -5  55  20  
  18 -54  13  
  35 -43  19  
   9 -10  57  
  46 -18  31  
   0  17  56  
 -36 -46   5  
 -40  41  11  
  13 -54  19  
  40 -38  20  
  36   2  46  
  55 -14  14  
 -40  26  34  
 -29 -51   2  
  57   4  13  
  34  -6  47  
  -1 -42  41  
  57   5  11  
  -6 -58   5  
 -20 -54  10  
  28 -36  37  
  44   5  38  
 -10 -35  46  
 -56   6  15  
 -11  25  52  
  38  31  32  
 -51  21  19  
   8 -47  34  
  26  34  40  
 -50  -9  29  
 -57   2  14  
 -46 -20  30  
  -2   9  58  
 -15  56   8  
   4  47  35  
  26  51  11  
  39  38  21  
 -54   7  22  
  -4  46  36  
  11 -57   5  
  57  10  10  
 -47  35   4  
 -27  32  41  
  41 -41   7  
 -14 -30  48  
   9  14  56  
  39   6  43  
  50  11  28  
 -36 -35  30  
 -12  47  33  
 -48  27  19  
 -14 -42  38  
  44  12  37  
 -13 -49  29  
   0  58   6  
   6 -41  41  
  47  17  30  
 -32  39  30  
 -55  19   6  
  37 -19  41  
  42 -41   1  
  22 -54   1  
 -15  26  50  
 -35 -33  33  
 -26  -6  52  
  52 -12  24  
  55 -19   8  
  54  20  10  
 -33 -36  32  
 -12  53  22  
 -57  -1  12  
  35 -19  43  
  54 -17  15  
  21 -31  45  
 -30 -41  29  
 -23  -9  53  
  10 -37  44  
   1  30  50  
   8 -26  52  
  19  35  43  
 -26 -18  49  
  38 -44   5  
  40  26  34  
  35  10  46  
  23 -45  29  
  50   5  30  
  20 -38  40  
  48  -1  33  
 -39 -27  34  
 -36 -34  31  
