  85  53  84  
 -94 -73  53  
  40 -97  78  
 -53 -85  84  
 -60 -88  75  
 -39 -96  79  
  66 -78  81  
  38 -82  94  
  37 -80  96  
 -60 -85  79  
 100 -30  78  
  91  92  15  
 -51 -82  88  
  70  97  52  
  79 -99  31  
  85  62  77  
 -69 -85  71  
 -77  85  62  
  82  41  93  
 -88  66  70  
 -24  93  88  
 -30 -98  81  
  82  99  23  
  84 -45  89  
 -52 -94  74  
 -93  72  56  
  99  84  13  
 -85  98  15  
 -62  67  93  
 100  71  45  
 -85  15  98  
 -99 -65  55  
 -12  98  85  
  56  97  67  
 -77 -66  82  
  82 -47  90  
  96  45  76  
  86 -49  85  
  96  72  51  
  84  97  24  
   6  90  94  
  66 -82  77  
 -99 -20  83  
 -48 -77  94  
 -32  98  80  
  88  71  65  
  73 100  41  
  15 -88  95  
 -67 -100  51  
  99  42  74  
 -28  90  90  
  80 -40  95  
  42  93  81  
 -94 -74  52  
  84 -83  56  
 -89 -90  32  
 -66 -68  90  
  49  86  85  
  30  81  98  
 -55  85  82  
  42 -73 100  
   2 -98  86  
 -93 -88  24  
 -88  50  82  
  93  73  55  
 -45 -71 100  
  86  58  79  
  93 -73  55  
 -91  73  59  
  18  92  91  
  79 -53  89  
  98  40  76  
  82  38  94  
 -70 -69  86  
 -96  88   8  
 -15  87  96  
 -94  21  88  
  67 -74  84  
  88  68  68  
  36  85  92  
 -85  99   3  
  23 -82  99  
  86 -43  88  
  74 -87  63  
 -84  43  90  
  65 -100  53  
  92 -25  89  
  24 -83  98  
 -95  64  63  
  -9  94  90  
  94  -7  90  
  92  56  74  
  53  91  77  
  95 -89   7  
 -88 -94  20  
  55 -71  95  
  93  58  71  
  93   8  91  
  74 -97  47  
  73 -94  54  
 -83  68  74  
 -16 -86  97  
  91 -22  91  
 -37 -75 100  
  68 -86  71  
 -44 -73  99  
 -78  52  91  
 -92  81  45  
 -100 -65  53  
 -94  60  68  
  39  82  94  
  80  92  46  
 -25  88  93  
 -43 -73  99  
 -32  79  99  
  88 -74  62  
 -87  22  95  
  93  88  26  
  82 -62  80  
 -97  87  10  
 -89 -53  79  
 -46 100  70  
  88 -59  76  
 -87  39  89  
 -88 -31  91  
  17  96  87  
 -92  46  80  
 -49 -81  90  
  80  98  32  
  62  66  94  
  44  87  87  
  94 -82  39  
  29 -89  91  
 -85  49  86  
  93  76  51  
 100  24  80  
  98 -82  27  
 -87  54  81  
  98 -36  78  
 -89 -64  71  
  90  91  26  
  61 -95  65  
  96  80  38  
 -74 -98  44  
 -88 -96   5  
 -81 -98  29  
 -91 -62  70  
  88  79  55  
 -79 -99  31  
 -86   2  98  
  86  94  28  
 -97  61  62  
  21 -94  88  
 -91  -9  93  
 -73  77  76  
 -36  96  81  
  87  97   3  
 -89  90  31  
 -41 -85  90  
  88  76  59  
 -83 -87  51  
 -78 -52  91  
 -64  82  79  
 -87   7  97  
 -54  67  98  
  83 -99  18  
 -92 -90  22  
 -43 -72 100  
  92  11  92  
  87 -97   1  
  81 -70  75  
 -79 -89  53  
 -59 -75  89  
 -14 -85  98  
  86 -96  19  
  63 -60  97  
  75  53  93  
  61  61  98  
  85  31  94  
 -78 -73  75  
 -83  98  23  
 -64 -98  58  
 -84 -81  58  
 -79 -78  69  
  78 -73  75  
 -46 -86  87  
 -31  85  94  
  87 -37  90  
 -66 -95  60  
 -84  99  14  
 -74  97  46  
  65 -69  90  
 -21 -90  92  
 -16  93  90  
 -91  55  76  
  90 -90  29  
  98  86   4  
  97  87   3  
 -45 -87  86  
 -53 -98  68  
 -85 -92  36  
  84  99  15  
 -37  98  78  
  99 -70  48  
 -95  65  62  
 -66  99  54  
  75 -37 100  
  74 -88  62  
 -88 -45  85  
 -38  95  81  
  83 -49  88  
 -44 -77  96  
  84 -71  70  
  94  90  10  
  73  77  76  
  76  74  76  
  72  57  93  
 -80 -74  72  
  73  55  93  
 -69 -98  51  
 -84  97  24  
  79  39  96  
  49  89  82  
  87 -64  73  
 -82  87  52  
 -90  67  67  
 -83  73  69  
 -63 -98  59  
  24  85  96  
 -96 -88   9  
  41 -100  73  
  28 -83  97  
  99 -48  70  
  33 -94  84  
 -100 -54  64  
  74  89  60  
  36 -83  94  
  25 -86  95  
  92 -32  87  
  66 -68  90  
  87 -89  40  
 -15 -88  95  
 -21 -94  88  
  30 -83  96  
  71 -90  62  
 -97 -27  83  
  94  81  41  
  91  71  61  
  86 -97  16  
  54 -98  67  
  71 -100  45  
  67 -81  77  
 -98 -52  69  
 -50  91  79  
  97 -27  83  
  81 -60  83  
  60 -65  96  
 -90 -71  62  
 -84  27  96  
  74  80  72  
 -80  67  78  
  93  31  86  
 -100 -83  12  
  98 -64  58  
  97 -33  81  
  61  85  78  
  68  55  97  
  65  82  78  
 -50 -78  92  
 -99 -85   8  
 -64 -81  80  
 -95 -77  46  
  70 -86  69  
  77  62  85  
   9 -91  93  
  73  94  54  
  34 -91  87  
 -62  87  75  
 -88   6  96  
   2 -100  84  
  99  51  68  
  61 -62  97  
 -80 -48  91  
  24  96  85  
 -68 -99  51  
 -57 -66  97  
  75 -68  82  
 -87  57  79  
 -68 -53  98  
 -21  85  97  
  87 -93  29  
  96  51  72  
 -80  91  49  
 -95  88  18  
  85 -16  98  
 -92   9  92  
 -82  66  77  
  76  72  78  
  94 -74  52  
  91 -89  29  
