  29  16  26  
 -41   3   8  
  -8 -20  36  
 -19  37   6  
 -28  -2  31  
  -3 -20  37  
 -26 -14  30  
   7  33  25  
  26   7  32  
   1  -8  41  
   0  37  20  
 -27 -29  14  
  28 -28  14  
  -5  23  35  
   5  37  19  
  40  13   4  
  14 -39   7  
  36   7  20  
 -30   2  29  
 -18 -35  14  
 -33  26   4  
  11 -38  14  
  15  -2  39  
  41  -8   2  
  18 -28  26  
 -23 -20  29  
   9  41   3  
   5  40  12  
  36  16  15  
  -8 -35  22  
 -33   4  26  
 -24 -17  30  
 -25  15  30  
 -37 -11  17  
  27  17  27  
  25  30  16  
 -26 -11  31  
 -39   5  15  
 -32 -27   2  
 -11  40   8  
 -12 -33  23  
  28 -31   3  
 -29  14  27  
   0 -39  15  
 -26  12  31  
  -4 -13  40  
  -3 -41   8  
  -8  27  31  
 -23 -28  21  
 -42   2   4  
 -23  18  30  
 -25  34   2  
 -39  -7  14  
 -29 -29   8  
 -36  17  13  
 -42  -3   1  
   3  38  18  
  29  20  23  
   1 -41   8  
 -18 -19  33  
  24  32  13  
  20  25  27  
  12  40   6  
  -2 -10  41  
 -14  19  35  
   4 -30  29  
  25  33   7  
  32 -27   5  
  10 -35  21  
  15 -25  30  
 -38 -11  14  
 -41   9   1  
  -6  38  17  
  13  30  26  
  13 -12  38  
  -2 -26  33  
  17  31  23  
  -7 -14  39  
   7 -36  20  
 -11   8  40  
  33   7  25  
 -42   2   1  
   4  38  18  
   9 -40   9  
 -30 -17  24  
  39  12   9  
 -20  32  18  
  24  -7  34  
 -14 -36  16  
  29  27  14  
 -34 -25   1  
  42   2   0  
   6 -15  39  
  31  -4  28  
  26 -18  28  
  -1 -40  12  
  35 -11  20  
   7  40  10  
  33   2  26  
  35  19  13  
  30  29   4  
  -8 -39  13  
   9 -26  32  
 -15 -15  36  
   9   0  41  
  10  41   0  
  10 -23  34  
  -2  20  37  
   3 -29  30  
 -20  14  34  
   0   2  42  
 -41 -10   2  
  41   3   8  
  26  32   8  
   4  26  33  
   4  19  37  
 -36  13  17  
  14  22  33  
  -2  39  16  
   6   8  41  
   9 -41   2  
 -29  29   8  
 -14  34  20  
  23  25  25  
 -28  14  28  
  20  36   9  
 -21   4  36  
 -17  38   4  
  12   1  40  
  41  -8   3  
  -8 -14  39  
  16  28  27  
  26  32   7  
 -16 -27  28  
  12 -14  38  
  34 -18  17  
  -5 -27  32  
  37 -14  14  
  -9   4  41  
 -23  25  25  
 -17  31  23  
  40   1  13  
  39  -2  15  
 -17 -27  27  
 -15  39   4  
  37  -3  20  
 -11 -20  35  
  -1 -22  36  
  36 -12  18  
  32  27   4  
 -28  23  21  
  -6 -38  17  
  33 -21  15  
 -19 -35  13  
  36 -11  19  
 -41  -2  10  
  35 -23   4  
  -5 -35  23  
  27 -20  25  
  26  31  11  
 -30  19  22  
  15  21  33  
 -17  20  33  
 -17 -10  37  
  26  31  12  
   8  18  37  
 -23 -35   5  
 -17  34  18  
  -9  38  15  
  -5  38  17  
 -41   8   3  
  23 -14  32  
 -35  20  11  
  17  38   7  
 -41   5   7  
 -37   4  19  
 -14  25  31  
  -1  -3  42  
  27  27  18  
  42   3   2  
 -13   2  40  
  -7 -26  32  
 -42   3   3  
 -22  12  34  
  16  37  11  
 -17   7  38  
 -14 -14  37  
 -36  -5  21  
  15 -38   9  
 -36  15  16  
  13  -9  39  
  24  29  19  
 -41  -3   9  
  34 -25   2  
 -16  14  36  
 -29 -14  27  
  16 -37  11  
   8 -34  23  
   7  38  17  
  23  31  16  
  37   3  20  
   0 -38  18  
 -20  -7  36  
   3  41   8  
  41   9   1  
  10  36  19  
  23   2  35  
  36  15  16  
 -41  -3   8  
 -33 -18  19  
   4  12  40  
  16 -15  36  
 -15   9  38  
 -37  11  16  
  28  30   9  
  21  -4  36  
  -3  38  18  
  35  16  17  
   9  33  24  
   2  28  31  
  18  26  28  
  32 -23  15  
 -36  12  18  
  25  26  22  
  24  20  28  
 -38  -7  17  
  30 -27  12  
 -37   1  20  
  18 -37   8  
  14   7  39  
 -19  32  20  
   5   7  41  
   6  -7  41  
 -31   8  27  
   9  20  36  
 -19   6  37  
  -6 -11  40  
 -39  15   6  
  20 -25  27  
   0 -13  40  
  -9 -36  20  
 -37  15  13  
  25  34   1  
   4  30  29  
  -9  41   3  
  20  34  14  
  28 -29  11  
   8  28  30  
   8   6  41  
   0  31  28  
  14 -36  17  
 -13 -17  36  
  26  13  30  
 -19  -5  37  
   4  34  24  
 -17  38   5  
 -34  20  15  
 -32  21  17  
 -29   5  30  
 -30 -19  22  
  12  33  23  
 -13 -40   2  
  37  15  13  
  11  40   6  
  12 -27  30  
  32  18  20  
 -15   2  39  
 -38   3  18  
   1 -12  40  
 -17  21  32  
   2  40  13  
 -37   5  19  
   0  39  15  
 -23  28  21  
  11 -40   8  
   3 -18  38  
   4  21  36  
   5  15  39  
 -16 -38   7  
 -25  32  11  
   1   9  41  
  30 -28   8  
 -36   6  21  
  19 -37   6  
 -23 -32  15  
   8  16  38  
  33 -26   1  
   1  23  35  
  40   3  12  
  24   6  34  
 -40  -7  10  
  28  31   3  
  18   8  37  
 -29  12  28  
   9   1  41  
  30  28   9  
   4  -1  42  
 -37   0  20  
 -19  33  18  
 -18  23  30  
