  36 -93  63  
 -57 -73  73  
 -65  12  98  
 -68  90  34  
  71  86  38  
 -68  31  91  
 -31  75  86  
 -45  86  67  
  21 -80  84  
 -95 -32  62  
  33 -66  92  
  50 100  37  
  90  53  55  
 -60  91  45  
  70  89  33  
 -28 -67  93  
 -38  78  80  
  29 -71  90  
  43 100  45  
  56 -54  89  
  77 -77  45  
 -39  86  71  
  64 -39  91  
  61 -37  94  
 -60 -96  34  
 -99  16  62  
  95  67  20  
 -27 -92  69  
  81  35  78  
 -57  62  83  
  93  71  14  
  49 -69  82  
 -21 -82  82  
 -83  42  73  
 -61 -21  99  
  48 -86  65  
 -71  81  48  
  -5  91  75  
 -94 -66  26  
 -52  52  92  
  42 -46 100  
  79  16  86  
  71  84  43  
  99  63  14  
  93 -53  50  
 -91 -74  12  
  80 -28  82  
 -72 -70  62  
  15  92  72  
 -98 -18  63  
 -66 -95  23  
 -86 -42  69  
  46  95  53  
  22  78  86  
  33 -62  95  
  87 -37  71  
 -71 -21  92  
  74  35  85  
 -25 -67  94  
  47 -96  50  
 -67  86  45  
  54 -92  51  
  97 -58  34  
  66  90  39  
 -89 -66  40  
 -83  11  83  
  81 -68  52  
  79 -18  86  
  67 -79  56  
  47  64  87  
 -82   3  85  
   9  94  71  
  95   5  70  
  72 -53  77  
  64 -99   2  
  40  81  76  
 -41  55  96  
  88 -62  48  
 -31 -70  90  
  36 -83  76  
 -97  34  58  
  57  72  74  
  64  31  94  
  62 -40  92  
 -67  97   7  
 -81  16  84  
 -93  18  70  
 -42 -99  48  
  31 -67  92  
  51 -99  39  
  42  95  56  
  10  95  69  
 -53  84  64  
  59 -48  90  
  66 -48  85  
 -58  77  68  
  54  35  99  
   6 -96  68  
  61  34  95  
 -85  81  11  
  62 -58  82  
 -63  -3 100  
 -94 -18  69  
 -96 -44  53  
  47  80  73  
  37 -98  54  
 -70  73  61  
  60 -60  82  
 -40  50  99  
 -56 -92  48  
  71  41  85  
 -96  67  13  
  14  61 100  
  16 -75  90  
  51  57  90  
 -43  98  50  
 -56 -67  79  
 -52  63  85  
 -88  70  35  
  65 -57  80  
 -45  75  79  
  26 -94  66  
  57 -91  49  
   2  86  81  
  97 -50  45  
  96 -61  32  
  43  79  76  
  71 -65  68  
 -59 -62  81  
 -92 -74   6  
 -52  91  54  
 -90  21  73  
  95  59  37  
 -79 -87   9  
 -57  78  68  
  83 -10  83  
  45  98  48  
  32  94  64  
  85 -76  31  
  76 -46  78  
  19 -84  81  
  92  45  59  
 -40 -64  91  
  84 -83   6  
  55  49  92  
 -77  89   6  
 -41 -86  70  
 -32  87  73  
  89  77  11  
 -36 -90  67  
  83 -37  75  
 -56  95  42  
  43  90  63  
 -80  80  34  
  17 -72  92  
 -60  66  77  
 -13 -98  64  
 -81  80  31  
 -73  75  54  
 -52 -52  92  
 -82  -3  85  
 -80  71  50  
 -98  60  26  
  53  65  83  
  79 -55  68  
 -94  55  46  
  67  97   2  
  82 -23  82  
  88  70  35  
  51  94  50  
  91  69  29  
  84 -11  82  
  86  78  22  
 -24 -78  85  
  98 -56  34  
 -65 -70  69  
 -98  54  38  
  72  53  77  
 -96  36  58  
 -31  99  56  
  34 -72  87  
  55  89  55  
  68  96  10  
 -24  71  91  
 -68  39  88  
  48  66  85  
  79 -16  86  
 -100  53  34  
  45  92  59  
  98 -65  10  
 -55  74  74  
 -83 -84   2  
 -72  92  15  
  71  39  86  
  51 -83  67  
 -82 -28  80  
 -85 -70  43  
  81 -58  63  
 -58  53  88  
  58 -96  36  
 -29 -84  78  
 -61 -68  75  
 -43 -75  80  
 -84  57  60  
  98 -60  27  
  46 -84  69  
 -15 -71  93  
 -71  91  25  
 -81  -3  86  
 -83 -55  63  
 -47  55  93  
 -51  97  44  
 -53  88  58  
  29 100  56  
 -46 -100  42  
 -79  31  82  
 -75  28  87  
  73 -58  72  
  90  66  39  
 -98 -65  12  
  62 -97  25  
 -61  53  86  
 -97  20  64  
 -95  66  24  
  35 -76  83  
  -2  74  92  
  85 -68  45  
 -80   9  86  
 -94 -22  68  
  23 -89  74  
 -68 -46  85  
  79  83  29  
 -89  41  66  
  44  78  77  
  92 -23  70  
 -81  74  44  
  74   2  92  
 -45 -82  72  
  98  35  56  
  39  83  74  
  30 -65  94  
  30 -78  83  
  89 -45  63  
   5  83  84  
  60 -86  54  
  52  96  45  
  14 -88  77  
 -31 -83  78  
 -53  64  84  
 -98 -29  59  
  83  37  75  
 -87 -53  60  
 -25  59  99  
 -95  11  69  
  14  83  83  
  82  76  37  
 -66 -94  26  
 -13 -100  61  
 -86  57  57  
  57 -64  81  
 -49 -98  44  
 -69 -95  11  
  95 -51  48  
  62  74  68  
  69 -61  74  
 -61 100  16  
 -96  63  27  
  85 -82   4  
  76 -14  89  
  56 -84  61  
  88  75  23  
 -88 -16  77  
  73 -12  92  
 -90  47  60  
  87  69  40  
  18 -69  94  
  34 -100  53  
  17  79  86  
 -63 -72  69  
 -99  38  52  
  27  67  93  
 -62 -99  15  
 -16 -67  96  
 -48 -69  83  
 -95 -67  19  
 -71 -20  92  
 -55 -51  91  
 -72  93   6  
 -73  -2  93  
 -18 -100  60  
 -34 -58  97  
 -97  32  59  
 -68  78  57  
 -91  38  65  
 -84  60  57  
  -7  90  76  
 -61 -59  82  
  45 -44 100  
  75   7  91  
  40  93  61  
