  -5  34  16  
 -35 -14   3  
  -9  28  24  
  27 -10  25  
   4  11  36  
   7  -5  37  
 -27 -23  14  
   0 -38   3  
 -25 -28   7  
 -17 -34   1  
  33  -8  17  
  12 -34  12  
 -23  16  26  
  16   6  34  
  -1 -23  30  
   3  37   9  
  -1  22  31  
  17  -1  34  
   9  32  18  
  -8  15  34  
   5  25  28  
   9  37   1  
 -28  20  16  
 -36  -3  12  
   6 -10  36  
 -38  -3   3  
  -2  12  36  
  13  27  23  
  20  10  31  
  35  13   7  
  13 -16  32  
  35   6  14  
   6 -20  32  
   3  31  22  
 -35  10  11  
 -12 -26  25  
  14  -4  35  
 -25  28   6  
 -36   6  10  
  17   3  34  
 -27  14  23  
 -30  23   2  
  21  21  24  
  35  -3  15  
  31  17  14  
   9 -24  28  
  23  18  24  
   9  29  23  
  27   0  27  
  12  -3  36  
 -14 -32  15  
  15 -35   1  
  11 -24  27  
 -23 -30   2  
  -1 -28  26  
  34   2  17  
  -1  31  22  
   4 -34  17  
   1 -37   9  
  -9  34  14  
 -14  12  33  
  37   5   7  
  -7 -10  36  
  -9  18  32  
 -27 -14  23  
 -26  26   9  
   2 -22  31  
 -19  14  30  
 -17  -9  33  
  10 -36   7  
  22  27  15  
  14  20  29  
 -16  -4  34  
  27  25   9  
  11  10  35  
  18 -12  31  
 -24 -23  18  
  31 -20   9  
   2  34  17  
  31   6  21  
  14  23  27  
  -7  33  18  
 -33  -8  17  
  32  20   5  
 -10  25  27  
  26 -16  23  
  22  -4  31  
  29  -9  23  
 -26 -21  18  
   8   3  37  
  -4 -33  18  
 -23 -30   5  
 -31  22   4  
 -30 -19  14  
  15   2  35  
 -31 -22   3  
 -24 -18  23  
  -3 -32  20  
  -1 -36  12  
 -21 -27  16  
   5  37   6  
  33  -4  18  
  13 -14  33  
  37  -8   3  
   0  -2  38  
  10  24  28  
 -20  32   4  
   5  14  35  
  34  15   7  
  -1 -12  36  
  20  28  16  
 -17  32  12  
   0 -27  27  
 -11  21  30  
  -9  36   7  
  -5 -30  23  
 -20  32   2  
 -26   0  28  
  29  24   5  
  19  28  17  
  -4 -17  34  
   5  23  30  
 -11  -4  36  
  24   5  29  
  24  12  27  
  10  21  30  
  23 -30   1  
  25 -28   6  
  14  -9  34  
   7  21  31  
 -15 -26  23  
 -21 -30  11  
 -14 -35   4  
 -22  -7  30  
 -31 -16  15  
  15 -35   3  
  12 -36   4  
 -30  19  14  
  35  -6  13  
  -9 -18  32  
  19   1  33  
 -14  10  34  
  31 -13  18  
  -8  35  12  
  20   2  32  
  -4 -14  35  
   2 -23  30  
  23  23  20  
 -22  -8  30  
  16 -13  32  
  24  18  23  
 -10  -8  36  
 -19 -14  30  
  -6 -36  10  
 -35  -3  15  
  -5 -16  34  
  17 -11  32  
  24  20  22  
 -22 -28  13  
 -17   8  33  
  12 -25  26  
 -12 -18  31  
 -33   5  18  
   4   7  37  
  12  36   0  
   5  36  11  
  13 -35   7  
 -14 -26  24  
   8 -15  34  
   3  -1  38  
 -35 -10  11  
  -4  -8  37  
   0 -26  28  
  -2  -9  37  
   3   1  38  
  23   3  30  
 -38   3   3  
 -19 -28  17  
  -6  21  31  
 -30  20  12  
  14   6  35  
 -17  24  24  
  26  25  12  
 -14   6  35  
 -10 -28  24  
  16  32  13  
  34  -4  17  
  -5  37   7  
  -3  23  30  
  22  28  13  
   4  35  14  
  24  25  15  
 -34   9  14  
 -35   7  13  
   6 -29  24  
  30 -23   1  
 -13  31  18  
 -13  29  21  
 -13 -16  32  
  19  33   3  
 -24 -29   4  
  23  27  14  
 -19 -19  27  
  -7 -37   6  
   5  34  16  
 -27 -12  24  
  -5  29  24  
  31 -15  16  
   5  37   7  
  27 -21  17  
  18  33   7  
   7 -22  30  
   8 -19  32  
   9  17  33  
  -2 -38   1  
 -31  13  18  
   8 -12  35  
  12  23  28  
  -7  32  19  
  10  36   6  
 -24 -10  28  
  19  32   7  
  22  -1  31  
  25  17  23  
  17   1  34  
   8 -13  35  
  -8 -23  29  
 -16 -32  13  
  -7 -13  35  
  23  12  28  
 -28  16  20  
 -38   1   4  
 -29  23   9  
  -5 -20  32  
 -22  31   4  
 -21 -30  10  
  26  -6  27  
   3 -14  35  
   9  25  27  
  32  -5  20  
  30  19  13  
 -29 -12  21  
  30  11  21  
 -38   0   3  
  35  -2  15  
  14  17  31  
 -11 -34  13  
 -38  -2   3  
  18 -31  13  
 -35 -12   9  
 -15   2  35  
 -23  28  12  
  -4 -11  36  
 -34  13  11  
 -31 -18  13  
  -3  -3  38  
  36  -2  12  
   9 -23  29  
  17   2  34  
 -36   4  12  
   0  26  28  
   2  -3  38  
 -10  35  11  
  12  28  23  
 -22 -15  27  
  -6 -37   7  
 -19 -29  16  
 -24  14  26  
  15   8  34  
 -32  15  14  
 -10 -25  27  
  32  -9  18  
  -7  31  21  
 -18   9  32  
 -35  14   4  
 -16  34   5  
  38   0   1  
  -2  37   9  
  -7  34  16  
 -24  25  15  
   2 -38   1  
 -28   9  24  
 -16  33  10  
   3  23  30  
  -9  12  35  
 -36 -12   2  
  14 -35   3  
  11 -33  15  
   8 -34  15  
 -21 -22  23  
   7  32  19  
  20  -5  32  
  14 -35   5  
  35   4  14  
  38   3   0  
  -6  27  26  
 -26  14  24  
  36   6  10  
 -12  31  18  
  31  -3  22  
