   0  46   8  
 -38  24  11  
  32   2  34  
  39  25   6  
 -27  33  18  
 -30 -27  23  
  37 -13  25  
  -8 -18  42  
 -10  41  19  
 -34  26  18  
 -19  29  31  
 -21 -17  38  
  36  21  21  
  24 -31  25  
  11  26  37  
 -38 -26   5  
 -43 -16   8  
 -13   6  44  
  -7  46   3  
 -37 -22  18  
  36  -8  28  
   4   7  46  
  27  14  35  
 -36 -27  12  
  19 -29  31  
 -21   5  41  
 -35  12  28  
  35  21  22  
  14  37  24  
 -37  16  23  
 -44  12   9  
  -3 -27  38  
 -19  -4  42  
  -6 -43  17  
  -3   7  46  
 -22 -12  39  
  18 -33  27  
   4 -12  45  
  33  15  29  
 -33  33   2  
  17  30  31  
  -5  37  28  
  -8 -36  28  
   6   9  45  
 -15 -28  34  
 -30 -31  18  
 -14 -15  42  
  32 -26  22  
  37   3  28  
  -4   4  46  
 -17  -5  43  
  17 -40  17  
  -8 -16  43  
  17 -41  14  
   9   7  45  
 -44 -14   4  
 -23 -34  22  
  34 -31   7  
  -7  43  16  
 -17  33  28  
  23 -38  14  
   6 -17  43  
 -36  -8  28  
 -12 -10  44  
 -23 -28  29  
   4  22  41  
 -33 -15  29  
  16 -40  18  
   8  20  41  
 -46   5   2  
 -42  17  10  
  11  11  44  
   0  15  44  
 -13 -38  23  
 -26 -24  30  
 -11  19  41  
  34  25  20  
 -36 -14  26  
 -15  28  34  
  24  15  37  
 -11  30  34  
 -37 -27   8  
  29 -31  19  
  44 -11  11  
 -10 -44  11  
  -2  38  27  
  17 -10  42  
  10 -25  38  
  14 -32  31  
  24 -34  21  
  -5  36  29  
  10 -44  12  
  25   1  39  
 -24  29  27  
  -8  42  18  
  20  33  26  
  35  24  19  
 -25 -10  38  
  26  -8  38  
 -32  34   1  
  -3 -44  15  
 -14  36  26  
 -22 -10  40  
  26 -29  25  
  33  11  31  
 -19  10  41  
 -16 -43   8  
  29   9  35  
  -6 -11  45  
 -12 -39  22  
  41 -22   3  
 -22   0  41  
  22   1  41  
 -36   5  29  
  41  15  16  
  39   1  25  
  32  31  14  
   2  38  27  
  19  37  21  
  -1 -38  27  
 -31 -15  31  
  40  -2  24  
  -8 -26  38  
 -24  40   2  
  13  44   8  
 -24 -29  27  
  14  32  31  
 -35 -27  14  
 -27  37   9  
 -12 -22  39  
   5 -44  14  
   7 -10  45  
  31  14  32  
  40 -18  15  
 -45  -4  11  
  40 -12  20  
 -22  41   2  
  27  36  11  
   5  21  41  
  29 -32  17  
  36  25  16  
 -16  35  26  
 -24  28  28  
 -37  20  20  
  19  11  41  
  -6  -2  46  
  45 -11   1  
 -18  18  39  
  30 -20  29  
  41  21   7  
 -41  11  19  
  13 -22  39  
   1 -42  20  
  -1  43  18  
  22 -33  24  
  10 -42  17  
 -24  17  36  
 -25  24  31  
 -22   4  41  
  -1 -46   8  
  17 -29  32  
  40 -10  21  
  26  23  31  
  11  42  17  
 -25 -39   6  
  21 -37  19  
   3   5  46  
  21  40  11  
  15  14  42  
   1 -38  27  
  41  -7  21  
 -31 -30  17  
 -33  22  24  
  44 -15   1  
  45  -7   9  
 -11  44  11  
  -1 -43  18  
 -37  -5  28  
  -9 -37  27  
  20  40  12  
 -20  38  18  
   5 -29  36  
  27  19  33  
 -10 -40  21  
  34   2  32  
   8  12  44  
  45  12   3  
  35 -18  25  
 -10  35  29  
   0   7  46  
 -11 -10  44  
 -35 -30   5  
 -23 -13  38  
 -43   5  17  
 -37  26  10  
  31 -24  25  
 -40 -22  10  
 -21  24  34  
  25 -33  21  
 -31  10  33  
  -1  18  43  
 -34  15  28  
  25  39   6  
  -4  14  44  
  43  -2  18  
  36  27  11  
  23 -26  31  
   6  -1  46  
  22  -2  41  
 -26 -30  24  
  33 -22  24  
  14 -44   6  
 -30  24  26  
  13  29  34  
  25 -39   1  
 -11  40  21  
  46   7   4  
  44   1  15  
 -15 -30  32  
 -32 -24  24  
  38  27   3  
  38  10  25  
  34 -32   0  
  10  15  43  
 -18 -43   3  
  26 -25  29  
 -21 -32  26  
  10  34  30  
  25 -19  34  
  20 -35  23  
  -7 -27  37  
  46   1   5  
  12  29  34  
  -2 -17  43  
   3 -43  17  
 -27   0  38  
 -25 -13  37  
  43  18   2  
  19  -5  42  
  -6  46   3  
  11 -23  39  
 -46   4   5  
 -18  33  27  
 -10 -45   6  
  -9 -28  36  
 -28  29  23  
   0 -25  39  
  12 -18  41  
  29 -17  32  
   7  45  10  
   5  35  30  
 -22  29  29  
  11  45   5  
  42   5  19  
 -15  41  16  
  40  14  19  
  19  17  39  
  -1 -33  33  
 -17  43   4  
 -30 -20  29  
  26  16  35  
  27  30  23  
  31 -20  28  
   5  46   4  
  -3  14  44  
  -3  38  27  
  33  27  19  
  17  -2  43  
  11  36  27  
  45   5  10  
  28  30  22  
 -32 -15  30  
  20  -3  42  
  23 -37  16  
  30  17  31  
 -38  14  23  
  32 -33   6  
  20 -13  40  
 -25  30  25  
  -1 -20  42  
 -33 -27  19  
 -18  -3  43  
 -38 -21  17  
  42  -9  18  
 -23  -7  40  
  18  33  27  
 -38 -22  15  
  -5  17  43  
  29  34  12  
  -2 -40  24  
  -1 -15  44  
   6 -41  21  
  -3  24  40  
  33  18  27  
 -29 -17  32  
 -24  39   8  
  28  36   8  
 -35   6  30  
  22  30  28  
 -37  -3  28  
