 -36  43  27  
 -53  31  10  
   1 -62   1  
 -43 -24  38  
   4  62   1  
 -36  48  15  
 -33 -50  15  
 -62   2   4  
  12 -52  32  
  41  43  17  
  11  47  39  
 -13  38  47  
  54  28  11  
  27  48  29  
   3 -56  27  
 -18  56  20  
  57   7  23  
 -53  31   7  
  22 -57   9  
  -8  43  44  
  48  11  38  
  30 -32  44  
 -37  46  19  
  47  -7  40  
 -12  60   9  
 -27 -25  50  
  58  14  16  
   5  -2  62  
 -12 -60  10  
 -51 -31  16  
 -11 -61   1  
  -6  15  60  
  26  56   3  
 -49 -31  22  
  25 -33  46  
 -21  38  44  
  -3  29  55  
 -37  36  34  
  12 -44  42  
  48 -38   9  
  50 -36   6  
  47  35  20  
  -6 -23  57  
 -29  48  26  
 -54   2  30  
 -21  52  27  
  44  12  42  
   5 -49  38  
  15  -7  60  
  -3   0  62  
  -8 -44  43  
  -8 -29  54  
  50 -11  35  
 -53 -29  15  
 -48  38   9  
 -19 -36  47  
  -8 -56  25  
   0 -52  34  
  13 -48  37  
  33  16  50  
 -33 -45  27  
 -28 -48  27  
 -40 -39  27  
 -38  28  40  
  57 -13  20  
  52  28  19  
  18 -44  40  
  15 -26  54  
 -16   3  60  
 -20 -29  51  
  16  21  56  
  24 -29  49  
  52   1  34  
 -53  32   1  
  44   1  44  
  24  52  24  
 -35 -51   3  
  50 -33  15  
  28  13  54  
 -24  12  56  
 -60  10  11  
  58 -14  16  
  49 -30  23  
 -12  51  33  
   4  62   3  
  45  21  37  
 -61  -8   6  
  44  34  27  
  27  40  39  
 -55 -27   8  
 -14 -38  47  
   4  51  35  
 -32 -49  21  
  38 -24  43  
  44  30  32  
  -8  45  42  
  53  32   0  
 -25  20  53  
  -9 -61   7  
 -20 -56  17  
 -11 -61   4  
  35  25  45  
  61 -10   6  
  17 -43  41  
   0  22  58  
  25 -57   1  
  56  -2  26  
  57  24   3  
 -23 -55  17  
   1 -25  57  
  27 -25  50  
 -36 -26  43  
  14  45  40  
 -47  14  38  
 -60 -11  10  
 -19 -59   1  
 -36  44  25  
  43  43  11  
 -46 -26  32  
 -55   1  29  
 -49  27  27  
   3  -3  62  
  40   6  47  
 -27  20  52  
 -51  31  16  
  40  -3  47  
 -41 -34  32  
  18  41  43  
  10  -6  61  
   9  59  17  
  44 -40  18  
 -45  -9  42  
 -30 -29  46  
  40 -45  15  
   7  47  40  
  32 -12  52  
  -6 -44  43  
  15  52  30  
  14  54  27  
  25 -32  47  
  32  53   0  
 -24  57   7  
  15  58  16  
  14  59  12  
  42  24  39  
 -53  23  22  
  -6  54  30  
   9   5  61  
  39 -22  43  
  42  41  20  
  56  27   1  
 -13  37  48  
 -15  49  35  
 -52  33   8  
 -41 -44  15  
  37  10  49  
  53 -27  18  
   5  46  41  
  60  -4  16  
 -45 -40  15  
  38 -48   9  
  24  22  53  
  -4  60  15  
 -58 -12  19  
 -57 -14  20  
  38   5  49  
 -12  55  26  
  56   8  25  
   7 -24  57  
 -22  18  55  
 -10   5  61  
  44  43   7  
  -6  55  28  
   9 -12  60  
  -3 -61  11  
  33 -48  21  
 -48 -11  38  
   8  47  40  
  14 -13  59  
  33  43  30  
  29 -55   0  
  31 -32  43  
 -35  -2  51  
 -37  30  40  
 -23  56  13  
  -1  24  57  
 -21 -22  54  
 -31 -41  35  
 -17  58  13  
 -30  37  40  
  -3  -3  62  
 -57 -13  21  
   1  57  24  
 -36  41  29  
   2 -32  53  
 -17 -35  48  
 -18  30  51  
 -36  13  49  
  42  44  13  
  57 -16  18  
   8  33  52  
  42  16  43  
  21  36  46  
  32 -35  40  
  26   7  56  
  18 -20  56  
  -1  -5  62  
  28  22  51  
  33  39  35  
  53   3  32  
  12  15  59  
  57   7  24  
  35 -25  45  
  10  -7  61  
  35  51   4  
  14  58  17  
  18 -58  13  
 -48  26  29  
  59  11  15  
 -52   8  33  
  -4 -28  55  
 -16  28  53  
  56 -27   1  
 -18 -40  44  
   5 -57  24  
 -33  51  13  
  56 -26   6  
  39 -14  46  
 -27 -11  55  
   6  40  47  
 -11  61   4  
 -17  40  44  
 -36 -13  49  
  44 -43   9  
 -12 -14  59  
  61  -5  10  
 -17 -56  20  
  59 -15  13  
 -44  34  27  
 -10  58  19  
 -39  31  37  
 -48  29  26  
 -32   2  53  
   3  -2  62  
 -27  33  45  
 -10 -38  48  
  41  45  11  
  19 -50  31  
 -52 -10  32  
  62  -2   2  
   4 -61  10  
  61  -8   6  
  34 -13  50  
 -15  46  39  
 -60   2  16  
  51 -35   1  
  25  54  17  
   0   1  62  
  -1 -11  61  
  -5 -62   1  
 -19   2  59  
  -1   4  62  
  60   2  15  
   8  34  51  
 -42  30  34  
  13  -7  60  
 -19  19  56  
  27  30  47  
  19  56  19  
 -45 -42   8  
 -49  30  23  
  12  -3  61  
  16 -42  43  
  14 -40  45  
 -52   7  33  
 -44  43   6  
  58  13  17  
  -5  15  60  
  26   3  56  
 -42   9  45  
 -27  25  50  
 -15  39  46  
 -55  16  24  
   9  52  33  
 -21 -54  22  
  45  31  29  
 -11  32  52  
 -11  44  42  
  38  48  10  
 -21  25  53  
   2 -27  56  
  16  26  54  
   7  -8  61  
  32  12  52  
 -47   4  40  
  42 -44  12  
 -51  22  27  
  52  10  32  
  60 -10  12  
 -45 -34  26  
