  81 -50  19  
  80  55   0  
  87 -36  24  
  47  63  57  
  20 -93  19  
 -48  -6  84  
 -18 -50  81  
  66   0  71  
 -27   3  93  
  72 -62  20  
 -76  60   6  
 -19  14  94  
  15  35  89  
 -91 -20  27  
 -93  15  24  
  53 -37  72  
  65 -69  21  
  53 -70  41  
  81 -53   1  
  66  23  67  
 -23 -85  41  
  50  49  67  
  95  -8  17  
 -32  46  79  
  34 -60  68  
  48 -81  23  
  62  41  62  
 -79 -52  22  
 -12 -32  91  
  42  40  78  
  75  13  60  
 -76 -60   3  
 -56 -79   2  
 -32  59  70  
 -18  95   9  
  49 -57  61  
  73  25  59  
  47 -45  72  
  34  78  47  
  91  20  27  
 -70  65  16  
 -27  16  92  
  26  53  77  
  61 -67  35  
 -25 -92  17  
  50 -81  19  
  76  38  47  
 -70 -32  59  
  66  -6  71  
 -68 -42  55  
  85   3  47  
  69  14  67  
  63  53  51  
  39 -78  42  
  39  75  48  
   4 -96  13  
  -3 -50  83  
 -71  59  30  
 -47  64  56  
  25  32  88  
 -95 -17  11  
  62 -70  26  
  65 -40  60  
  -1  45  86  
 -81  37  39  
  68  65  23  
  73  56  30  
  95 -18   9  
  93   6  26  
 -33 -50  76  
 -22  18  93  
 -87 -40  15  
 -18  56  77  
 -43  44  75  
 -59  76  12  
 -50  63  54  
  -8  76  60  
  -7  33  91  
   3 -19  95  
 -41  25  84  
  45 -72  47  
  13 -96   7  
 -32 -91  10  
  63 -53  51  
 -95 -10  18  
  75 -31  53  
  95  -1  19  
 -36 -20  88  
   2 -89  39  
 -67 -45  54  
  24  46  82  
 -22 -77  55  
 -66  -5  71  
   0 -43  87  
  26  67  65  
   0 -83  50  
  75 -37  49  
 -49  83   9  
 -95 -19   4  
 -51  40  72  
 -29 -18  91  
  16  63  72  
  23 -94   6  
 -75 -24  57  
 -73 -63   9  
  33  44  80  
 -47 -38  76  
 -62 -46  59  
  53 -29  76  
 -25 -41  84  
  29  -8  92  
 -30 -24  89  
  66 -71   3  
 -78 -53  22  
 -77 -57  16  
  37  64  63  
 -78  41  40  
  85  -5  46  
 -87 -37  21  
  34  89  17  
 -57 -74  26  
  29 -56  74  
 -52 -28  77  
   4 -52  82  
 -87   9  42  
   5 -60  76  
  31 -62  68  
  31  86  33  
  84 -42  24  
  76  40  45  
 -66  41  58  
  22  34  88  
  74 -33  53  
 -63  24  70  
  32 -48  78  
 -88 -37  18  
 -55 -80   3  
 -60  43  63  
  92  30   2  
  -9  81  53  
  41 -84  25  
  57   7  78  
 -43 -38  78  
 -43  84  23  
  -8  67  70  
 -17  63  72  
  91 -18  28  
  49  80  25  
  45 -76  40  
  14  34  90  
 -42  85  21  
 -15 -72  63  
  92  28  11  
 -84 -29  39  
 -76  27  54  
   8 -22  94  
 -36  19  88  
  51 -23  79  
   0 -59  77  
 -23  33  88  
   1  64  73  
  50  70  45  
 -14 -95  12  
  17 -91  29  
  88 -28  29  
  70  14  66  
 -86 -44   7  
  14 -86  43  
  16  59  75  
 -82   5  52  
 -46   7  85  
 -49 -62  56  
 -71  66   6  
 -68 -39  57  
  18 -60  74  
  78 -50  29  
  69  18  66  
  54 -36  72  
 -21 -13  94  
  29  85  36  
 -93 -20  19  
  18  -8  95  
 -34  13  90  
 -60 -56  52  
 -53  -8  81  
 -11 -88  39  
 -95 -18   9  
 -39 -83  31  
 -88  29  29  
 -64 -49  54  
  88  34  22  
  75 -16  59  
  69 -67  13  
 -18  50  81  
  20 -92  23  
  89  -9  38  
 -17 -69  66  
   1 -96  12  
   4 -97   4  
 -45 -29  81  
 -77  45  38  
 -65 -65  31  
  40 -40  79  
 -83  21  46  
 -23   3  94  
  82  45  26  
  96  -5  11  
  72  55  34  
 -43 -19  85  
 -86  16  42  
   4 -72  65  
 -27  34  87  
   6 -97   3  
  77   6  59  
 -93 -16  22  
  -4 -92  30  
 -40 -51  72  
 -18  60  74  
 -20   4  95  
  91 -12  31  
  61  -8  75  
  55  58  55  
 -83   3  50  
  96 -10  11  
 -57 -34  71  
  94 -21  10  
 -54 -80   7  
  76  60   2  
  11 -68  68  
 -89  22  32  
 -93  24  13  
   8 -61  75  
  21 -66  68  
  73 -61  20  
  28  92  13  
  57  44  65  
 -48 -42  73  
  45  -4  86  
 -60 -44  62  
  38 -16  88  
  79  48  29  
  37 -28  85  
 -49 -27  79  
 -56 -23  76  
 -36  84  33  
  -1 -95  20  
 -13 -34  90  
  23 -84  43  
   0 -38  89  
 -60  53  55  
  -7 -42  87  
 -75  47  40  
  31  89  23  
  51   8  82  
 -82  47  22  
 -13 -41  87  
  46 -79  33  
 -47 -76  38  
   2  89  39  
  74  57  27  
 -64  65  33  
   3  76  60  
  44  -6  86  
  30  62  68  
  96  -4  13  
 -49  11  83  
 -72  43  49  
  26 -88  32  
 -94  -1  24  
 -47  49  69  
  88 -15  38  
  41 -88   3  
  86 -41  18  
  45 -19  84  
 -65  38  61  
  70 -45  50  
  74 -28  56  
  -9  61  75  
  67  20  67  
  57 -75  24  
 -69 -64  24  
  96 -14   2  
 -75 -47  40  
  18 -61  73  
 -79  30  48  
 -31  64  66  
 -11  22  94  
 -67  13  69  
  23 -58  74  
   9 -57  78  
 -10  65  71  
  52  74  35  
   1 -67  70  
 -82 -47  21  
 -88  27  31  
  41  59  65  
  51  82  10  
  73 -40  50  
  79  25  50  
 -72 -17  63  
