 -96 -77  47  
  85  36  94  
 -100   9  85  
 -97  29  84  
  71 -73  83  
 -80  81  66  
  75 -80  73  
  91  69  65  
  31 -97  83  
  94  70  60  
  90 -35  89  
  40 -95  82  
 -76 -99  42  
  67  98  56  
  98 -21  85  
 -68 -100  52  
 -98  75  46  
  19 100  83  
  88 -97   9  
  71 -75  81  
  93   1  93  
 -78  54  91  
 -90 -33  90  
  98  48  73  
  57 -77  90  
 -87  85  50  
  97  22  86  
  76  50  95  
  59 -82  84  
  80  98  35  
  89 -28  93  
 -82  37  96  
  93 -87  33  
 -78  96  44  
  81  66  80  
 -81 -48  92  
   7  92  94  
  96 -10  89  
  10 -86  99  
  95 -88  23  
 -38 -99  78  
  72  99  48  
 -98 -35  80  
 -85  62  79  
  11 -92  93  
 -90  38  88  
 -97 -14  88  
  46  92  82  
 -93 -53  76  
  93 -63  68  
  13  96  89  
 -26  96  86  
 -77  60  88  
  89 -96  12  
 -11 -88  97  
 -88  85  48  
 -79  36  99  
 -74  97  49  
   3  98  88  
  65 -88  73  
  81 -92  47  
  92 -91  22  
  10 -85 100  
 -91 -54  78  
  94 -12  91  
 -96 -49  75  
 -84  96  32  
 -26 -90  92  
  83 -77  67  
  91  41  86  
  85  29  96  
  88 -50  84  
  60  91  74  
 -78 -72  78  
 -89 -85  46  
 -80  77  70  
 -47 -89  85  
 -93   6  93  
 -78  50  93  
 -20 -91  93  
 -57  90  77  
  -6  99  86  
 -83  98  28  
 -93 -93   5  
 100  84  15  
  71 -71  85  
 -85 -100   3  
 -89  41  88  
 -79  59  87  
  71  66  89  
  93 -11  92  
 -92  94   1  
  68 -53  99  
 -75 -92  57  
 -82 -72  73  
  26  98  84  
 -94  75  53  
 -12  88  97  
 -96  85  30  
 -71  98  51  
  53 -87  83  
 100  -7  85  
 -80  89  54  
  85 -100   2  
  90 -84  46  
  89  89  38  
  87 -95  26  
  66 -88  72  
  75  60  90  
  80 -34  99  
 -91  26  91  
  91   6  95  
 -92 -83  44  
 -87  90  40  
 -81  94  43  
  50 100  69  
 -99  85  17  
 -98 -73  48  
 -73 -53  96  
 -76 -68  83  
 -95  73  54  
  59 -91  74  
  91 -18  93  
  98  21  85  
  51  74  96  
  97 -55  70  
 -66 -70  90  
 -96  88  18  
  89 -94  22  
  99 -60  62  
 -85 -100   8  
 -79  97  40  
 -93  40  84  
  87   8  98  
 -78  57  89  
 -68 -73  86  
 -73  70  84  
  85 -77  64  
  92 -67  66  
 -84 -22  99  
 -90 -14  95  
  93 -48  80  
  86  41  91  
 -96 -72  54  
  96 -87  22  
  95 -23  88  
 -94  74  54  
  90 -20  94  
  47  73  99  
  71 -51  98  
  37 -82  96  
 -80  70  77  
  56 -82  86  
 100  56  64  
 -60  75  90  
  96 -90   3  
  79 -60  86  
   2  94  92  
  93  15  92  
  48 -89  84  
 -92  74  58  
 -95  77  48  
  78  34 100  
  48  90  83  
 -71  60  93  
  -6 -86  99  
  97 -59  66  
 -71 -60  93  
  54  68  99  
   1 -94  92  
 -50 -93  78  
  29 -100  80  
 -63 -93  68  
  96  90   2  
 -78  84  64  
  39 -97  80  
 -97  17  87  
  86  93  35  
 -16 -84 100  
  54 -91  78  
 -98 -33  81  
 -93  42  83  
 -29  98  83  
 -92  82  46  
 -76  98  43  
  77 -98  42  
  22  88  95  
  42 -90  86  
 -78 -69  80  
 -91 -41  86  
  75 -47  97  
 -55 -76  92  
 -78 -99  38  
 -62  78  86  
 -98  45  75  
 -30 -95  86  
 -75  74  79  
  74  66  86  
 -88  89  41  
  97 -65  60  
  93  33  87  
 -14 -97  88  
  58  88  79  
 -90  60  75  
 -98 -87   9  
  92 -48  81  
 -91 -72  62  
 -63 -63  97  
 -99  46  73  
 -100 -41  75  
 -59  81  85  
 -53  90  80  
 -64  75  87  
 -78 -50  93  
 -87  91  38  
 -80 -41  96  
  94  59  71  
  93 -68  63  
  80 -53  90  
 -77 -100  37  
 -74  84  69  
  47 -77  96  
 -79  83  65  
 -97  89   1  
 -89 -50  83  
  33  86  94  
  59 -76  90  
  87 -67  72  
 -98 -61  63  
  84 -24  98  
 -36  94  85  
  87  17  97  
  84  15 100  
 -67  90  69  
 -96   6  90  
 -72  62  91  
  80  77  70  
 -73  99  46  
  76  41  99  
  70 -58  95  
  96 -25  86  
  76 -58  90  
  95 -34  84  
  58  80  87  
  31 -92  89  
  85 -95  33  
  61  66  96  
 -54  90  79  
  90  72  63  
  69 -92  64  
  57  68  97  
 -77 -90  57  
  95  84  35  
 -73 -99  46  
  81 -89  53  
   7 -94  92  
 -94  23  89  
 -30  95  86  
 -70 -96  56  
  27 -90  92  
 -10 -86  99  
  62 -79  85  
 -95 -83  37  
  87 -79  59  
 -70 -94  60  
  82 -75  70  
 -55 -95  72  
 -83  67  77  
 -89  27  93  
 -61  94  69  
 -88  93  31  
 -87 -74  65  
 -52 -92  78  
 -67  72  87  
  33  98  81  
  34  97  82  
  43 -85  91  
  92  93  12  
 -19  95  89  
  55  65 100  
  94 -92   3  
  83 -24  99  
  97 -75  48  
  66 -63  95  
 -76  50  95  
 -83 -74  70  
 -88 -87  44  
 -95  71  57  
  89 -64  73  
  96  27  86  
 -94  80  46  
 -77  75  76  
  57 -98  67  
  81 -66  80  
 -99   9  86  
 -85 -16  99  
 -99 -17  85  
  41 -100  75  
  31 -81  99  
  91  76  57  
