 -61 -100  42  
  96 -67  43  
 -83 -10  92  
 -100 -37  64  
 -84   1  92  
 -52  83  77  
  80 -93  21  
  35  80  89  
  28 -99  70  
 -99  45  61  
 -34 -90  79  
  98  52  56  
  16 -82  92  
  24  78  94  
 -59  76  79  
  82  68  64  
 -61  51  96  
 -77  98   4  
 -25  79  93  
 -52  95  61  
 -100 -34  66  
 -76 -90  40  
 -98 -48  60  
 -77 -52  83  
  22 -86  87  
 -74 -76  65  
 -80  16  94  
 -45  65  96  
  74  16  99  
 -95 -65  48  
  86  26  86  
 -76 -78  60  
 -88  61  64  
 -99 -67  35  
 -79  20  94  
  85 -54  73  
  82  59  73  
 -73  57  83  
  41  81  85  
  50  77  84  
 -80 -93  22  
  12  91  84  
 -96 -78  15  
 -45 -76  88  
  69 -34  98  
 -77  96  19  
  99  61  45  
  92 -75  37  
 -100 -68  29  
 -97 -76  19  
  38 -94  72  
 -80 -34  89  
  68 -98  35  
 -71 -54  87  
 -84 -91  13  
 -77  83  52  
  77  64  74  
  28  92  79  
 -77 -59  78  
  91 -82  23  
 -80   5  95  
  92 -24  80  
  44  84  81  
 -32 -74  95  
 -31  74  95  
  83 -70  61  
  92  65  53  
 -90 -48  71  
  83  45  81  
  -8  80  95  
 -71  72  73  
  77 -36  91  
 -82 -92  19  
  34 -82  87  
 -85   1  91  
  98 -35  68  
  22  81  92  
 -94  72  39  
 -36  95  72  
  78  81  53  
  92  17  82  
 -84 -57  72  
  60  96  52  
  27  90  82  
 -36 -90  78  
  89  67  56  
 -63  54  93  
  56 -64  91  
  69 -82  63  
  62 -91  58  
 -76 -27  95  
 -86  82  37  
  17 -80  94  
 -93  82  12  
  92  66  52  
  82  33  88  
  85  33  85  
 -65 -47  95  
 -82 -93  10  
 -75 -93  35  
  20  78  95  
  62  92  56  
 -62 -65  86  
 -76 -88  44  
 -93 -67  48  
 -79  95  17  
  77  96  18  
  79  96   1  
 -74 -44  90  
 -78 -67  70  
 -82 -90  25  
  42  75  90  
 -41  76  90  
  27  98  72  
  59 -100  45  
  87 -24  86  
 -100  33  66  
  10  94  81  
  86  48  76  
 -61 -95  52  
 -86  59  68  
 -81 -93  16  
  86 -39  81  
  43  86  79  
  97 -74  25  
  96  65  45  
  70  28  99  
  72 -72  72  
 -38  97  68  
 -24  87  86  
 -99  30  69  
  47  62  97  
 -73  79  63  
 -95  19  78  
  93  -9  82  
  11 -98  76  
  91 -25  81  
  37  79  89  
 -81   9  94  
  78  68  69  
 -98 -77   4  
 -39  96  69  
 -14 100  73  
  82  88  33  
 -75  63  77  
 -72  92  43  
  72 -84  57  
 -42 -85  81  
 -74  86  51  
 -83  93   2  
  81  94   9  
   3 -87  89  
 -60 -55  94  
  78 -96  16  
  97 -62  47  
  51 -92  67  
  62 -63  88  
  53  95  61  
  38 -67  98  
  81  32  89  
  56  79  78  
 -60  66  87  
  72  81  61  
 -46 -96  65  
 -68 -57  87  
 -29 -87  84  
  99  63  42  
  13  90  85  
 -78   8  97  
  92 -42  73  
  82 -82  45  
  69 -91  50  
 -100  59  45  
 -98  63  44  
 -68 -92  49  
 -61 -51  96  
  62 -94  53  
 -31  73  96  
 -69 -91  50  
 -73 -90  45  
  94  40  71  
 -18 -97  76  
  96 -79   3  
  69  34  98  
 -95 -57  57  
 -73  41  92  
  51 -96  61  
 -43  88  77  
  78 -49  84  
  71 -64  80  
  83  14  92  
 -90  53  68  
   6  89  87  
 -84 -12  91  
  83  93   2  
  47 -62  97  
  89 -56  67  
 -74  97  25  
 -86  45  78  
 -15 -88  87  
 100 -70  24  
  32 -75  94  
 -50  70  90  
 -82 -59  73  
 -60  64  88  
  97 -63  46  
 -66 -91  53  
 -68 -30 100  
 -43  97  65  
 -70  84  60  
  93 -35  75  
 -53  95  61  
  81  88  34  
  47 -61  98  
  75 -88  46  
  84  86  32  
 -13 -86  89  
  -5 -85  91  
 -88  82  32  
  97  24  74  
 -35 -71  96  
 -16 -92  82  
  10 -82  93  
  93 -71  43  
 -13 -85  90  
 -82  63  69  
 -95  43  68  
 -87  89   7  
 -69  37  97  
  -2 -74 100  
  68  56  88  
  92 -77  33  
  25 -93  79  
  93  46  69  
  75 -92  37  
  53 -98  56  
 -88   7  88  
  77  89  41  
  90  84  17  
 -75 -98  18  
  54 -91  66  
 -86 -55  71  
   2  77  98  
  19  74  98  
  43 -84  81  
 -40 -77  89  
 -35 -81  88  
 100 -74   9  
 -67 -86  60  
 -29  95  75  
  97 -60  50  
 -79  96   9  
  61  90  61  
  66 -52  92  
 -47 -86  77  
 -98 -75  15  
 -25 -79  93  
  76  66  73  
 -66  83  65  
  61 -66  86  
  63 -57  91  
  76 -41  90  
  76 -89  43  
  78   0  97  
  93  82  13  
  25  96  75  
 -92   2  84  
 -49 -93  67  
 -44  66  96  
  39 100  63  
 -77  96  18  
 -97  78   5  
  99  47  59  
 -43  69  94  
 -95  58  56  
 -46 -86  77  
  95 -48  65  
 -72 -17 100  
  88 -84  26  
 -78 -13  96  
  60  48  98  
 -81  69  65  
  90 -41  76  
  81  94  12  
  30  98  71  
  81  42  85  
  92 -82  19  
  99  26  71  
  82 -35  87  
 -42  64  98  
  76  60  78  
  76  45  88  
 -77  81  55  
 -72 -38  94  
 -90 -11  85  
 -62 -43  99  
  -2 -96  79  
 -98  74  21  
  63 -84  67  
  32  76  93  
