 -11 -14  36  
 -18 -18  31  
   5 -11  38  
   2  -1  40  
  -2   3  40  
 -17   0  36  
  30  16  21  
  -3  38  12  
  37  10  12  
 -22 -31  13  
 -14 -37   4  
  32   7  23  
 -19  30  18  
  36  17   1  
   6  33  22  
 -12  12  36  
 -34  -4  21  
 -38  12   1  
  34  18  11  
  -3  35  19  
   2  -2  40  
 -19 -35   5  
 -40  -4   2  
 -22  -4  33  
 -36   3  17  
  36  -3  17  
 -40  -1   3  
   3 -38  12  
   1  37  15  
  22   9  32  
  24  14  29  
 -35  14  14  
  -2  12  38  
  22 -32  10  
  -3 -36  17  
  15  37   2  
 -29  -6  27  
  19  26  24  
  -8  39   3  
 -14  37   5  
  33  -8  21  
   4 -14  37  
 -27  23  19  
   4 -38  12  
 -32  23   7  
  -9  -2  39  
   5  -7  39  
  24  28  16  
   7 -18  35  
  16  35  11  
  -6  18  35  
  17 -32  17  
 -35   8  18  
  21  33   8  
  22  27  20  
  33 -18  13  
  27  19  23  
   4  -8  39  
 -10 -35  17  
 -13  37   7  
   3 -31  25  
  35  14  13  
  14 -33  18  
 -17  36   3  
  13 -34  17  
 -34   6  20  
 -26  29   9  
  32  19  15  
  21 -24  24  
   0  -9  39  
 -33 -20  11  
  27  16  25  
  24  22  23  
 -21   1  34  
 -24 -21  24  
  -7  16  36  
  -4  -7  39  
  -4  -8  39  
 -25 -21  23  
 -29  10  26  
 -32   6  23  
   2  24  32  
  36 -17   1  
  36  15   8  
 -16  35  10  
   6  34  20  
  -9   1  39  
 -31   7  24  
 -13  19  33  
  37  15   2  
 -36 -15   9  
  17 -35   9  
   3  -2  40  
 -34 -19   8  
 -24 -24  21  
 -18  21  29  
  40   3   1  
   1 -36  17  
  25 -31   3  
 -24 -26  19  
 -24  12  30  
   4  15  37  
  24  -1  32  
 -25 -11  29  
  -9  31  24  
  11   7  38  
 -34  -2  21  
 -39   0   9  
 -10  19  34  
   4 -36  17  
  21  11  32  
 -14 -31  21  
  -2  34  21  
   9  39   4  
  -1 -19  35  
  33 -14  18  
 -15  19  32  
 -22 -12  31  
 -13  33  19  
  -9  19  34  
 -20  11  33  
  32 -22  10  
 -37  13   8  
 -16 -34  13  
 -13   7  37  
   6  23  32  
  24  24  21  
  33  15  17  
  15 -37   1  
  38  12   2  
  38   9   8  
  31 -16  20  
  18 -22  28  
 -39  -5   7  
  18  14  33  
 -14  13  35  
 -11 -18  34  
  16  32  18  
 -25  -8  30  
 -28 -27  10  
  -5 -38  11  
 -26  24  19  
  32 -14  20  
 -24  25  20  
   4 -40   1  
  17 -36   3  
  16 -36   6  
   9  17  35  
  10 -17  35  
 -13  24  29  
  -9  -1  39  
 -25 -29  12  
 -19   3  35  
   6   7  39  
 -32  14  20  
 -33  -4  22  
 -22 -33   6  
 -37 -10  12  
 -21 -29  18  
 -38  -4  12  
 -25  -9  30  
 -32 -18  16  
  32  10  22  
  18  27  23  
 -28 -15  24  
 -36   1  17  
 -23  22  24  
 -29 -22  17  
  -9  39   2  
 -39  -5   8  
   9   9  38  
  37 -15   4  
  10 -12  37  
  32 -23   7  
 -10  36  14  
  -4   0  40  
 -32 -19  14  
 -29  -9  26  
 -38   4  12  
  -6  35  18  
 -19 -28  21  
  13  37   7  
  -1  40   1  
  17  32  17  
 -36 -14  10  
  25  -5  31  
  14 -16  34  
  -7 -20  34  
  31  25   2  
 -35 -19   4  
 -14 -37   6  
 -29  18  21  
 -37   0  15  
  28  20  20  
 -24 -22  23  
  20   8  34  
  13 -38   2  
  34   5  20  
  23   6  32  
 -18  33  14  
 -29  24  13  
  11  -4  38  
 -22 -33   4  
 -36  15   8  
  -4 -27  29  
  -4  26  30  
 -25  24  20  
   8  16  36  
  28 -28   7  
  20  34   5  
   4 -38  11  
 -32 -19  15  
  13 -38   1  
  38  12   3  
  26 -29   9  
 -26  21  22  
 -23 -24  22  
 -31  22  13  
  36   0  17  
  36  12  12  
  12 -37   9  
 -11  28  26  
 -24  30  11  
  17   0  36  
  -2   9  39  
 -34  18  11  
 -38 -10   7  
 -10  11  37  
 -38   8   9  
 -31  17  19  
 -14 -18  33  
 -16  36   8  
 -24 -15  28  
 -10 -29  26  
  -1  34  21  
 -24 -32   4  
  25  29  11  
   5  38  12  
   2  40   4  
 -37  14   7  
   8  24  31  
 -27  29   6  
 -28  26  11  
  11  23  31  
  23 -20  26  
  -7  34  20  
  25 -11  29  
  -5  -7  39  
 -12  10  37  
  -5 -34  20  
  28  11  26  
  23 -19  27  
 -30  24  11  
  23  21  25  
 -23 -26  20  
 -32  20  14  
  19 -35   1  
  35  19   5  
 -32 -23   6  
 -15  -3  37  
 -11  -7  38  
  36  -5  17  
  19  27  23  
   6   5  39  
 -28  -4  28  
   1  -4  40  
  39   7   6  
   8 -35  18  
 -21  12  32  
 -28  12  26  
  29 -22  17  
  32   0  24  
 -38  12   4  
 -10  17  35  
 -11  -4  38  
  40   0   1  
 -32  16  18  
  20 -24  25  
 -31 -18  18  
 -12 -33  19  
 -35  19   2  
  -5 -17  36  
 -39   7   5  
 -18 -21  29  
  -3 -39   9  
 -16  36   7  
  28 -24  16  
 -11 -38   5  
 -37 -10  11  
  -1  38  13  
  24  13  29  
  10  38   7  
 -11 -30  24  
 -27 -28   9  
 -11 -28  26  
 -13   1  38  
   2  12  38  
 -39   5   7  
  28  12  26  
  25 -14  28  
