  48 -49  51  
  24  76  31  
   2  76  39  
 -56 -27  59  
 -39  64  41  
 -74 -21  37  
 -39  66  38  
  71 -47   5  
  84   5  16  
 -28  79  16  
  62 -17  56  
  -2 -79  33  
 -32 -54  58  
 -43  69  27  
  40  -9  75  
  74 -19  38  
 -63  57   9  
  24 -58  58  
  78  29  20  
  78 -29  19  
  58  56  29  
  32  -3  79  
 -11 -25  81  
  84  13  10  
 -54  12  65  
  21  18  81  
  16 -84   4  
 -33  25  75  
 -66  44  32  
 -20 -49  67  
 -27  41  70  
 -23  82  10  
 -79  26  20  
 -27 -70  41  
  -2  79  32  
  -7  38  76  
 -14 -29  79  
  37 -13  76  
 -36 -50  59  
  49 -68  18  
 -47 -19  69  
  38  11  76  
 -17 -54  64  
  72 -42  19  
 -48 -66  26  
 -74 -41  11  
  79 -10  31  
 -82 -17  17  
  -4 -59  62  
  66  41  36  
  84 -13   9  
   6 -30  80  
 -51  -9  68  
  45  57  45  
  50  69   7  
  57  62  15  
 -48 -71   1  
  51  32  61  
  33  76  22  
  20  65  52  
 -56 -13  63  
  -4  16  84  
  33  -2  79  
 -32  69  39  
  66 -16  52  
 -32  -4  79  
 -23  23  79  
   0  16  84  
  56 -54  36  
  71   6  47  
  27  68  44  
   8 -85   4  
 -57  14  62  
  15 -36  76  
  59 -61  10  
 -22 -45  69  
 -15   3  84  
  78 -20  28  
 -34 -39  68  
  34 -53  58  
 -75 -40  10  
  66  26  48  
 -17  18  82  
  11   1  85  
 -44  53  51  
 -67  37  38  
 -54 -36  56  
   0 -70  49  
  61  53  28  
  43  71  20  
 -80 -24  19  
 -52   0  68  
 -65 -44  34  
 -21  82  13  
 -70  46  17  
 -83   9  18  
  84  11  13  
   6 -35  78  
  25  65  50  
 -58  63   1  
  14  56  63  
   0 -54  66  
 -60  41  45  
  66 -48  25  
  41 -61  44  
 -34 -73  28  
 -61 -24  55  
   8 -48  70  
 -70  47  13  
   5  80  30  
  52 -67  11  
  64  56   8  
  50  -9  69  
 -58 -62   8  
 -33 -75  25  
 -25 -77  28  
 -79 -25  22  
  58  50  38  
  35  30  72  
  59  33  52  
  46  14  71  
  68  29  43  
  24  73  38  
  29 -79  16  
  23  45  69  
  -3 -72  46  
  -7 -14  84  
 -76 -30  25  
   3 -33  79  
 -74 -43   5  
 -73 -35  27  
 -56 -19  62  
  39  68  34  
  64  22  52  
 -46  40  60  
  61  40  45  
 -29  58  56  
 -30 -45  66  
  -8 -85   3  
 -85 -10   4  
 -13 -27  80  
  80   7  30  
 -41 -71  24  
  54   3  66  
 -74 -43   1  
 -33 -25  75  
 -78  10  33  
 -80  25  17  
  19 -83   8  
  31  79  12  
 -50  49  49  
 -67 -17  50  
 -73 -34  29  
  43  16  72  
  52 -52  44  
   3  80  30  
 -21  43  71  
  47 -37  61  
 -11  52  67  
 -24 -82   7  
 -75 -36  19  
 -74  16  40  
  14 -59  60  
 -70 -49   4  
 -35 -65  43  
 -73  23  38  
 -68  21  47  
  60 -42  44  
  50  59  37  
 -49  68  16  
 -60  61   3  
 -62 -14  57  
   7  75  40  
 -72  -4  46  
 -58   2  63  
 -66  32  44  
  36  44  64  
 -79  32   7  
 -55   9  65  
  16  26  80  
  79 -28  17  
  76 -38   9  
 -45  64  34  
  56 -60  24  
 -25 -79  21  
  70  -9  48  
 -85  10   1  
 -74 -32  28  
  78 -30  17  
  59 -38  49  
 -20 -26  79  
 -52 -65  19  
  35  65  43  
  50 -67  17  
 -26 -80  16  
 -31 -55  58  
 -43  74   5  
  32 -14  78  
  29  38  71  
  16 -12  83  
  -6  39  76  
  22 -64  52  
  57 -24  59  
 -52  15  66  
   8  72  45  
 -47 -10  71  
  39 -64  41  
  35 -18  76  
 -74   7  42  
 -58 -19  60  
  -3 -83  20  
  62  14  57  
 -72 -18  42  
   6 -66  54  
 -73   7  44  
  71 -16  45  
  29 -63  50  
 -71 -47   9  
  75  25  32  
  -5 -82  24  
  79  30  13  
  63  44  38  
 -22  76  32  
 -55 -21  62  
 -82  22   8  
  15  78  31  
  42  44  60  
 -66 -17  52  
  10  47  71  
  72  45  11  
  14 -84   8  
 -58  42  47  
 -62 -24  54  
 -33  74  28  
 -29 -63  50  
 -40 -63  42  
   3 -59  62  
 -19 -40  73  
  68 -10  51  
  65 -47  30  
  68  14  50  
  10 -82  23  
  76  35  18  
   4  16  84  
  64 -23  52  
  74   0  43  
  34 -72  31  
  21  77  30  
  10  81  25  
 -78  34   9  
  10 -85   2  
  42 -73  14  
  79 -28  16  
  22 -20  80  
 -50  52  46  
 -40  16  74  
 -83  17  11  
  67  24  47  
 -16 -73  42  
  11  58  62  
 -60 -16  59  
  15  47  70  
 -56  11  64  
  79 -22  24  
 -75  40   7  
 -70  48   9  
  26  55  60  
 -39  67  36  
  -3  59  62  
 -62  57  16  
 -27 -77  26  
 -38 -61  46  
  -2 -85   9  
 -48  70  11  
  51  61  31  
 -72 -16  43  
 -37  58  51  
 -40 -74  16  
  56  29  58  
   7  -6  85  
 -82  22  11  
  32  23  76  
  81 -26   6  
  41  37  65  
  -5  68  52  
  -4  33  79  
 -17 -22  81  
  44  25  69  
 -55  65   7  
 -42 -38  64  
 -63 -42  40  
  20  13  82  
  67  36  39  
 -75  32  26  
   3  15  84  
  47  57  43  
  81 -25  10  
  69 -36  36  
 -72  40  22  
  83  14  15  
