 -60 -84  50  
  44 -100  35  
 -99   6  57  
  98 -14  58  
 -65  81  48  
  11 -100  55  
  68  89  23  
  97 -56  23  
  49  43  94  
 -68  69  61  
  -2  77  85  
  66  90  26  
  68 -92   5  
  64  30  90  
  47  34  99  
   2 100  56  
  71   2  90  
 -79 -25  79  
  22  98  55  
 -97  57  20  
 -66 -80  48  
 -52 -40  94  
 -63 -92  25  
 -11  60  97  
  79  63  54  
  34 -52  96  
  77 -75  40  
  62  21  94  
 -85  73  23  
 -29  85  71  
 -72 -75  48  
 -94 -15  64  
  17  65  93  
  56 -89  45  
 -68  83  40  
  15 -76  84  
 -82  31  74  
  75 -80  33  
 -59 -89  41  
 -77  73  43  
 100 -56   5  
 -96  23  58  
 -90 -32  63  
  68  -1  92  
  23 -60  95  
 -69 -84  36  
  59  77  61  
  62   6  96  
 -13 -59  97  
  36  42 100  
 -68 -66  64  
  82  80   6  
 -46 -38  98  
  66  56  75  
 -94 -65   2  
 -71  43  79  
  90  33  63  
 -92   0  68  
  95 -22  60  
 -85  54  54  
 -71 -82  37  
 -85  73  24  
 -94  61  24  
   3 -85  77  
  16  87  73  
 -30 -98  51  
  76 -81  28  
  59  24  95  
 -45  90  55  
  58 -33  93  
   0  58  99  
 -38  79  74  
  97 -11  60  
 -90  68  19  
 -59  21  96  
 -24 -76  82  
  16  83  77  
  25  81  77  
  66  16  92  
 -82 -69  41  
  49 -93  45  
 -65  -5  94  
 -59  36  91  
 -38 -70  82  
 -18  78  82  
 -46  52  91  
 -57  51  85  
  20 -64  93  
  71  88  19  
  62  -3  96  
  58  24  96  
 -51 -76  69  
 -34  48  98  
  85  57  51  
 -94 -59  29  
  23  67  90  
 -17  74  86  
 -81 -71  39  
  49  74  72  
 -56 -94  33  
  53 100  18  
  97   9  60  
  44 -54  91  
  85  76  10  
 -60 -50  84  
 -53 -18 100  
  49 -68  78  
  41 -81  70  
  71  22  87  
  45  33 100  
  17  91  67  
 -43  71  79  
 -61  -6  97  
 -21  77  82  
  56  98  18  
 -60 -57  79  
  59 -71  68  
  60  65  73  
 -87  74   4  
 -28  74  83  
 -41 -71  80  
 -80   0  82  
 -73  54  70  
  59  45  87  
  70 -85  32  
  87  72  18  
 -58   0  99  
 -89  12  71  
  92 -52  44  
 -64 -48  82  
  64  63  71  
  91  63  30  
  62  66  70  
 -95  64   1  
  35 -82  72  
 -62  60  75  
 -94 -48  45  
  78  83  12  
  85  71  30  
 -94   8  65  
 -41 -61  88  
  77 -65  54  
  14  88  72  
  10  97  60  
  59  52  83  
  52  96  34  
  38  74  79  
 -87  67  32  
 -57  84  53  
 -94 -26  60  
 -70 -82  38  
 -89  55  46  
 -94  39  53  
  83  76  22  
  64  -1  95  
 -39 100  40  
 -40  41  99  
  81  65  48  
  45  79  70  
 -60 -93  29  
 -83  74  27  
 -59 -90  39  
 -39  66  85  
 -86  33  68  
 -71 -32  84  
  82  76  24  
 -94 -65   6  
 -29 -93  60  
  83  45  65  
  72  26  85  
  96  49  38  
 -60 -97  12  
 -57  79  60  
 -72 -85  26  
  90  60  37  
  96 -59  20  
  77 -10  84  
  -9 -97  60  
 -34 -56  94  
 -65 -94   2  
 -47  65  82  
 -84 -64  44  
 -81  37  72  
 -84  71  31  
  48 -75  72  
  54 -70  73  
  92  45  51  
 -50  86  57  
 -72 -88  12  
 -88  -3  73  
  43 -67  82  
  59 -85  49  
  31  48  99  
  76  45  73  
 -93  66  12  
 -85 -34  69  
  55 -63  78  
 -88 -73   7  
 -54 -72  71  
  44  46  95  
  84 -29  72  
 -20  52 100  
 -93 -41  53  
  60 -77  60  
  19  63  94  
 -56 -82  57  
  48 -50  91  
 -24  76  82  
  96 -49  38  
   5 -59  98  
  54 -35  95  
  94 -64  13  
  97 -33  51  
 -56 -86  51  
 -86 -70  29  
 -12 -71  89  
   2  95  64  
 -54 -86  53  
  21  83  76  
 -34 -100  44  
 -74  76  43  
 -17  95  62  
 100  44  34  
 -58 -69  71  
 -37  63  88  
  37 -44  99  
 -17 -95  62  
 -83 -13  78  
  68 -14  91  
  74  83  28  
   4 -78  84  
   6 -95  64  
  38  83  69  
 -83  78  11  
   2  79  83  
  43  47  95  
 -88 -68  27  
 -42 -52  93  
 -55  97  26  
 -100  36  42  
  86  12  75  
  10  86  75  
 -64  38  87  
 -52  53  87  
 -65  61  72  
  36 -76  78  
 -96  25  57  
 -26  87  70  
 -33 -99  47  
  56  64  77  
  28 -97  54  
 -65  82  47  
 -57 -83  55  
  -4 -78  84  
 -46  77  71  
 -63  52  80  
 -88 -73   6  
 -40  61  88  
   6  81  81  
 -79  83   2  
 -95  56  31  
  82  80   2  
 -32  70  85  
 -96  -7  62  
 -90 -63  33  
 -62  43  86  
  93 -32  59  
 -86 -60  46  
  73  79  39  
 -71  75  49  
 -59  20  96  
 -88 -40  61  
  86 -71  26  
 -47 -62  84  
 -78  -1  84  
 -57 -97  20  
 -72 -89   1  
  27 -91  64  
  32  93  59  
  44 -69  80  
  37 -78  75  
  71  45  78  
 -69  86  31  
 -40  54  93  
 -22 -98  55  
 -61  56  79  
  72  -6  89  
 -71  90   2  
  45  59  87  
 -92  39  56  
 -40  63  87  
 -93  52  42  
  97  54  28  
  40  54  93  
  15  68  91  
 -12  83  78  
  64 -65  69  
 -31 -61  92  
 -69 -85  34  
 -92  62  29  
