  -5  29  81  
  25 -29  77  
 -15  27  80  
  61  51  33  
   7  57  64  
 -45 -57  46  
  -4  82  26  
  67  50  20  
 -56 -61  23  
 -53  31  60  
  70  19  46  
  17  55  64  
   3  57  64  
 -85  -3  13  
  15 -46  71  
 -57 -37  53  
  84  12  14  
 -20  67  50  
 -53 -57  36  
 -32  68  42  
  -4  75  42  
 -38  75  19  
  80  32   3  
 -76   4  40  
  33 -64  47  
 -30  10  80  
 -15  12  84  
  36  66  42  
 -69 -39  33  
  51 -49  49  
 -74 -27  34  
 -76 -19  36  
 -10 -54  66  
  26 -59  57  
 -49 -19  68  
  75   5  42  
 -43  58  47  
  46 -62  38  
  20 -55  63  
 -57 -35  54  
 -22  83   8  
  85  10   7  
 -75 -36  22  
 -74 -20  39  
  82   9  24  
 -77   5  38  
  76 -40   1  
   7 -31  80  
  80  31   7  
  68 -23  47  
   3  84  18  
  70 -18  47  
 -29 -52  62  
  34  63  48  
 -54 -65  15  
   0 -83  23  
 -29 -37  72  
  78  35  11  
 -25  56  60  
 -52  21  65  
 -73 -45   8  
  62 -31  51  
 -33  59  53  
  70 -46  20  
 -26 -47  67  
   2 -22  83  
  10 -82  24  
 -54  15  65  
 -37 -53  57  
 -71  36  33  
 -71 -25  42  
  77 -20  33  
  37  68  37  
  11 -82  24  
 -57 -52  38  
  14   3  85  
  54 -49  46  
 -86  -4   3  
  61  36  49  
 -42 -14  74  
  59  40  48  
 -58 -59  24  
 -75  40  12  
  64   8  57  
  24 -30  77  
 -30 -24  77  
 -43  33  67  
 -15 -84  11  
  23 -50  66  
 -64  39  42  
  14 -43  73  
 -80  32   3  
 -77 -36  12  
 -31  -4  80  
  37  62  47  
  61 -29  53  
 -67 -48  24  
 -56  -1  65  
  80 -16  27  
  18 -83  15  
  86   0   3  
  11 -53  67  
  83  -5  22  
 -63  33  48  
  82  -3  26  
 -27  24  78  
  52 -54  42  
 -69 -28  43  
  68  -9  52  
 -67  47  26  
 -26  62  54  
   7 -84  18  
 -82   3  26  
  71  23  43  
 -48  17  69  
  67 -50  21  
  45 -13  72  
 -74  40  19  
  64 -57   9  
 -66 -46  31  
 -25  46  68  
  18  52  66  
 -82  23  13  
 -22 -76  34  
  23  60  57  
  -3  55  66  
 -14  21  82  
 -76 -38  14  
  18  38  75  
 -56  20  62  
  35 -74  26  
   6   0  86  
 -33 -77  20  
  24  72  40  
  21   9  83  
  -7 -85  12  
  71 -38  30  
 -15 -48  70  
 -37 -29  72  
  73  19  41  
  12 -40  75  
  41 -23  72  
  28 -63  51  
  -7  79  33  
  63 -58  10  
   1 -14  85  
 -70 -37  34  
  81  18  23  
   7  78  35  
  74  28  34  
  79  26  22  
  45 -72  13  
 -44  27  69  
  41  71  26  
 -25  42  71  
  31 -77  22  
  69  -6  51  
  43 -40  63  
  45 -41  61  
  -1 -19  84  
  33 -43  67  
  25 -76  31  
  39 -72  27  
  31 -39  70  
  79  -2  34  
  64  56  13  
   4 -86   5  
  -1 -18  84  
 -44 -23  70  
 -14  48  70  
  22 -42  72  
  39 -23  73  
  23  66  50  
 -29  68  44  
 -44  24  70  
  75 -40  12  
  37 -77   9  
  60 -56  25  
   1 -31  80  
   0  -4  86  
 -38 -22  74  
 -83  20  10  
  29 -48  65  
 -25  26  78  
  84  11  15  
  -1  44  74  
  78   0  36  
  48 -15  70  
 -17  34  77  
  21 -80  23  
 -32  38  70  
 -84  15  10  
 -53  37  57  
 -33 -16  78  
  39  21  74  
 -74  35  26  
 -38  64  43  
  70  47  18  
 -13  68  51  
  29  -4  81  
  26 -43  70  
  20  21  81  
  13  36  77  
  -1   5  86  
 -21  76  34  
 -12  85   7  
  46  52  51  
  39 -48  60  
  64 -46  35  
  -4  29  81  
 -84   7  18  
 -57  -3  64  
  40  40  65  
   1  50  70  
 -29  64  50  
  41 -33  68  
 -36 -75  21  
 -16 -43  73  
  73  40  21  
  60  45  42  
 -61  54  28  
  30 -32  74  
  61  20  57  
 -36 -68  38  
  67 -44  31  
  -2 -68  53  
 -65 -56   8  
 -71  16  46  
 -41 -70  29  
  -2  -4  86  
 -33   6  79  
 -43  23  71  
  50  70   4  
  58 -34  54  
  16 -64  55  
  11  80  29  
   9 -33  79  
  30  75  30  
 -60 -61   9  
 -11 -83  20  
  21 -58  60  
   0  32  80  
  63  36  46  
 -81 -19  21  
 -57   4  64  
  32 -37  71  
   6  63  58  
  18   7  84  
  44  24  70  
  21 -82  14  
 -69   5  51  
 -16 -39  75  
  19  28  79  
  17  56  63  
 -17 -51  67  
  59 -62   8  
  10 -33  79  
 -69 -46  22  
 -83 -16  16  
  -9  72  46  
 -22  42  72  
 -12 -20  83  
 -27  73  36  
 -27 -49  65  
 -32 -46  65  
   6  13  85  
  59  61  13  
  21  83   9  
 -23 -82  12  
  49  54  46  
  -5  84  18  
   0  77  38  
 -51 -61  33  
  22  45  70  
 -73  40  21  
  -5  86   3  
 -40  72  24  
  74 -43   8  
 -73 -24  39  
  -4  85  12  
 -81  25  14  
  62 -55  23  
  83   2  23  
 -35  33  71  
  43 -52  53  
 -56  48  44  
 -57 -64   8  
 -75 -42   2  
  70 -34  37  
  23 -33  76  
 -41  39  65  
 -46  58  44  
  12   8  85  
  28  65  49  
  75 -41   8  
  68  51  14  
  49 -63  32  
  38  12  76  
 -42  75   3  
  35 -76  19  
