   3  32  22  
 -33  20   6  
 -38   5   8  
  24  -1  31  
   5 -35  16  
 -13 -23  29  
  11  36  11  
   3  35  17  
  34  -5  18  
   3  -1  39  
 -17 -35   4  
  15  24  27  
  15 -14  33  
  22 -29  14  
 -13  24  28  
  28  27   5  
 -24  10  29  
 -31  -6  23  
 -36  14   6  
  28  15  23  
  20   6  33  
 -11 -10  36  
  20  32   9  
  28   7  26  
 -35 -17   4  
  38   0   8  
   5 -36  14  
  36 -14   4  
  36 -15   0  
  31  -9  22  
 -20   6  33  
  30  -2  25  
  30 -17  18  
  35 -17   3  
   4 -33  20  
 -21  -8  32  
  20 -33   7  
 -19   4  34  
  17  32  14  
 -37 -12   1  
  33   2  21  
  25 -30   0  
 -22  32   5  
 -34  10  16  
  -7  38   4  
   6 -37  10  
  17 -31  17  
  22   3  32  
 -21 -10  31  
   2 -28  27  
 -27   1  28  
  37   5  12  
   4  -1  39  
  36  -9  12  
 -31 -10  21  
 -13  23  29  
   5  14  36  
  -3  22  32  
 -37 -13   1  
  34  18   6  
  -8  38   1  
   7  21  32  
  24 -26  16  
  32  -4  22  
 -19  23  25  
 -24 -31   1  
 -22 -16  28  
 -34 -16  11  
 -33   1  21  
 -38  -5   6  
  -8   3  38  
  24 -29  10  
  22 -12  30  
   3  39   1  
 -11  37   6  
   8  19  33  
   9 -19  33  
 -37  -1  13  
  -2 -37  12  
   2 -39   0  
 -13  -7  36  
 -27   3  28  
  15 -36   3  
   5  23  31  
 -39   2   3  
  25   8  29  
  35  16   6  
   0 -39   4  
 -25 -15  26  
 -21  29  16  
 -20 -33   4  
  -8  21  32  
  35 -11  13  
   4  31  23  
  -8  17  34  
 -34  15  11  
  37 -12   1  
  28 -23  15  
 -37  -1  12  
 -20 -23  24  
  38  -7   5  
 -23   9  30  
  27  -9  27  
  28   0  27  
  34 -19   4  
   7 -36  13  
 -38   9   3  
  -1 -30  25  
  -4 -20  33  
  30  -3  25  
  34  14  13  
   9  35  15  
  24   7  30  
 -11  26  27  
 -38   8   2  
  18 -28  20  
 -38   3   9  
   8 -30  24  
  13  16  33  
 -21 -27  19  
  23   6  31  
  34  16  10  
  -9   2  38  
 -28  22  16  
 -36   1  15  
 -29   3  26  
 -39   2   2  
 -17  29  20  
 -11  33  18  
  12 -10  36  
  15 -23  28  
 -33  -4  20  
  39  -3   2  
   4  -8  38  
   0  17  35  
 -37 -11   5  
  25   1  30  
 -10   6  37  
 -23 -14  28  
 -24  28  12  
   2  30  25  
 -33 -15  14  
  21 -26  20  
  37  10   8  
  35  -6  16  
 -29 -15  21  
 -22 -12  30  
  33  20   4  
  33  -2  21  
 -35  17   4  
  18 -34   6  
 -19   1  34  
 -11 -30  22  
  39   0   0  
 -11 -26  27  
 -12  34  15  
  -1 -39   3  
  14  31  19  
  23 -28  15  
  -8  10  37  
  12  13  35  
  25 -25  17  
  14 -35  10  
 -25  30   3  
  25   0  30  
  28 -17  21  
  35   0  17  
  29 -26   0  
  24  20  23  
  33  -8  19  
  13 -36   8  
   7 -18  34  
  36  -7  13  
  -2   2  39  
  17  31  17  
 -13  12  35  
 -35  -2  17  
  36 -15   2  
  39   0   2  
 -36 -14   6  
  11  29  24  
 -36 -10  11  
  29 -17  20  
 -27  25  13  
  14  29  22  
  24  28  13  
  19   3  34  
   3  19  34  
  10  26  27  
  20 -32   9  
 -20 -25  22  
 -33   6  20  
 -29  19  18  
 -20  -5  33  
 -27   4  28  
   4  34  19  
 -34 -18   6  
 -33 -21   3  
 -29 -21  16  
  35   3  17  
 -17   5  35  
  32   8  21  
  29  11  24  
  27   9  27  
 -10 -37   7  
 -25  17  25  
  26  29   4  
  38   9   1  
 -19 -23  25  
 -30  25   3  
 -25   7  29  
 -30  17  18  
  -4 -38   7  
  -2  29  26  
 -31  23   4  
 -12 -37   5  
  11  33  18  
  36  -3  15  
  30  25   3  
   7  26  28  
 -15  34  11  
  32  17  14  
  31  -6  23  
  21 -27  19  
  32   3  22  
 -13  33  16  
  34  17   8  
   2  27  28  
  35  17   3  
 -30   7  24  
 -39   0   4  
   9  37   9  
   1 -25  30  
   5  34  18  
 -32 -22   1  
   4 -23  31  
  15  32  17  
 -14 -28  23  
  -8 -31  22  
 -25 -28  11  
  21 -29  15  
 -19  -8  33  
  37  -2  12  
  14  36   6  
 -31  20  13  
  -4   8  38  
   1  33  21  
 -33  19   8  
 -34  16  11  
 -29  24  10  
  28  -1  27  
  15  21  29  
  19  34   3  
  30   0  25  
  17 -27  22  
  29 -21  16  
 -15 -36   1  
 -25 -28  10  
  19 -31  14  
  19  34   0  
  34  -7  18  
 -30 -12  22  
  28 -18  20  
 -36   7  13  
  24 -27  15  
  13 -34  14  
 -31   0  24  
   3 -39   3  
   2 -37  12  
 -28   4  27  
  22 -18  27  
  25 -26  15  
  22   2  32  
  17  34   8  
  10 -25  28  
  10 -23  30  
  25  27  13  
 -32  14  17  
   5  -8  38  
  -5  18  34  
  11  11  36  
 -30  15  20  
  -6 -10  37  
  -5 -17  35  
  18   7  34  
  -3  33  21  
  16  30  19  
   7 -21  32  
 -13   7  36  
 -10 -16  34  
  23  24  20  
 -17   0  35  
 -24 -18  25  
 -21  17  28  
 -15  -2  36  
 -24 -30   7  
  -2 -28  27  
  11  -5  37  
   5  20  33  
 -34  -3  19  
