  -7 -14  26  
  29  -9   0  
 -28 -12   2  
   9   8  28  
   7 -29   6  
 -30   2   5  
  24  14  13  
 -30   5   1  
   9 -11  27  
  13   9  26  
 -17  22  13  
   9 -25  15  
  12 -25  13  
 -14 -25  11  
  14 -24  12  
  15 -15  22  
  -4 -11  28  
  24 -19   0  
  17 -25   3  
 -26  -7  14  
  -6 -29   8  
  30  -5   2  
   7  21  21  
   8  27  12  
   7 -19  23  
  11   6  28  
  23  -6  19  
 -23 -13  15  
   5  30   1  
  -5 -30   3  
 -23   1  20  
 -24 -18   6  
  22  13  17  
  13 -23  15  
  30   6   0  
 -26 -16   1  
  -5 -25  17  
  10 -26  13  
  -9 -18  23  
  -1 -29  10  
 -29  -4   8  
 -22   9  19  
  12  11  26  
  18  16  19  
  29   1   9  
   4  -1  30  
  10  23  17  
  16 -17  20  
 -15 -26   4  
 -27  13   5  
  18   6  24  
  14  27   3  
 -22  -2  21  
  15 -24  12  
 -21 -20   9  
   9  19  22  
 -20  21  10  
 -14  27   4  
 -15  -9  25  
 -27   7  12  
  21  19  11  
 -25 -17   5  
  27 -14   4  
 -30  -4   1  
  22 -17  13  
   1   4  30  
 -18  17  18  
 -12 -16  23  
  16  21  15  
   3   3  30  
   6 -25  16  
   9  23  18  
   7 -10  28  
  24  14  12  
  22 -21   0  
  -2 -26  16  
  -8   5  29  
   0  30   4  
 -27  -9  11  
   9 -26  13  
  12  27   7  
  28  11   6  
   2 -23  20  
 -11  28   4  
 -20 -14  18  
 -15  15  22  
  13 -14  24  
  15   6  26  
  28 -12   3  
  22 -11  18  
   1  22  21  
 -16  19  18  
  14   1  27  
 -29   7   6  
  -8  -6  29  
  -1  30   6  
 -14  21  17  
 -26 -14   8  
 -29  -3   9  
 -16  23  12  
   8  -4  29  
 -10  16  24  
  18  24   6  
  30   6   3  
  20 -23   2  
  -9  22  19  
  12 -13  25  
   5 -25  17  
 -22   1  21  
  15  -6  26  
   4  29   9  
  11 -28   4  
  -2 -30   6  
  -6 -27  13  
  -9  29   3  
   7 -14  26  
  23 -19   6  
  26  -4  15  
  -8 -14  26  
  -3  30   4  
   8 -26  14  
 -10 -28   7  
 -13  12  25  
 -26  12  10  
   1 -28  12  
 -17 -23  11  
  -3 -30   6  
 -27   2  14  
  -3  30   3  
 -24  -4  18  
   5   3  30  
   6  20  22  
  22  20   6  
 -14  20  18  
  22  21   0  
  19  14  19  
   1  29  10  
  21  22   3  
  -5 -29   8  
  28 -12   1  
   2  21  22  
   4  30   4  
  12  23  16  
   0  27  14  
   6 -19  23  
 -25  17   3  
  30   5   2  
 -13 -14  24  
  12  -8  27  
  22 -10  19  
  20 -23   0  
   6 -22  20  
 -14 -27   3  
   5  25  17  
  -9  -4  29  
  28  10   7  
  -4 -17  25  
 -18  11  22  
  30   5   3  
  -3  27  14  
 -14  17  21  
  -2  23  20  
  10  10  27  
 -30   0   6  
  -5  -1  30  
 -19 -17  17  
  -4  28  12  
   2 -24  19  
 -27 -14   2  
  26  12  11  
  -6  25  16  
 -11  -6  28  
  19 -11  21  
  19  18  16  
  28  -7  10  
 -23  18   9  
  12  24  14  
  26 -16   3  
 -24 -12  14  
  16  25   7  
  26 -14   7  
  10  22  19  
   6 -21  21  
  -7  29   7  
  -6  29   7  
  13 -18  21  
  14 -16  22  
  -5  13  27  
  29  -2   9  
 -21  18  13  
  29  -3   9  
  22  -9  19  
 -28 -12   1  
 -20 -10  21  
 -16 -10  24  
  16  -8  25  
 -27  14   2  
  -1 -26  16  
  16   3  26  
 -10  26  13  
 -20 -22   6  
 -15 -24  11  
 -11  26  12  
 -24   2  19  
 -17  18  18  
 -30  -3   4  
 -20  23   4  
  17  22  13  
  19  23   7  
 -28   1  12  
  21  14  17  
  -1  29   9  
  26  -6  15  
   4 -28  11  
  20 -11  20  
 -10  23  17  
 -22  17  12  
  20  21  10  
  12  -3  28  
  24  18   6  
   2  29  10  
  17 -24   8  
 -12  28   4  
  19   1  24  
  -2 -25  17  
 -19   9  22  
  -5  -8  29  
 -14 -18  20  
   4 -17  25  
 -17  25   2  
 -30   0   5  
  -2 -10  29  
 -20   4  23  
  -8  23  18  
 -27 -11   9  
   7 -26  14  
  20 -21   9  
  28  -1  12  
  25  17   3  
 -13  26   9  
   0 -14  27  
  -9 -28   8  
   6   7  29  
   4 -28  12  
  30  -3   5  
  -8 -23  18  
  -1  21  22  
  25  17   2  
  23 -20   1  
 -14 -22  16  
  12  17  22  
 -22  12  17  
 -23  -1  20  
   0   9  29  
 -13  -9  26  
 -20 -12  20  
  21 -21   7  
  29   3   9  
  28   6  10  
   0 -21  22  
  16 -20  17  
 -29  -6   8  
  29  -6   7  
  -2 -20  23  
  16 -22  14  
 -20  -7  22  
   4 -11  28  
 -20 -23   3  
  22 -17  12  
  10  12  26  
 -10  24  16  
   2 -27  14  
   9  11  27  
  29  10   1  
  16 -21  15  
 -26   6  15  
  27 -14   0  
  -2  26  16  
  26  10  13  
   6  10  28  
  14 -23  14  
 -17  23  10  
  -3  22  21  
   2   6  30  
  -2  30   6  
 -17 -11  23  
 -22  21   1  
  26  14   8  
  27   6  13  
  20 -14  18  
   0 -24  19  
  -2  14  27  
  -4   5  30  
  27  -4  14  
   9  27  11  
 -15 -24  12  
 -14  12  24  
  -3   3  30  
 -13  14  24  
   8   9  28  
