  -5  80  23  
  44 -31  64  
   3 -83   9  
  11 -56  61  
 -38 -38  64  
 -49   7  67  
  80  24   6  
  11  63  54  
  50 -65  15  
  81  21   2  
  -5   7  83  
  -5  -8  83  
 -39   1  74  
 -66  40  32  
 -78  30   1  
 -37  31  68  
 -60 -18  55  
   0 -37  75  
  70  22  40  
 -66 -46  23  
 -68 -27  40  
  67  50   1  
 -52  63  17  
  -2 -79  27  
 -34   5  76  
  83  -5   6  
 -33  74  20  
  13  65  51  
 -77 -11  30  
 -25  46  65  
 -40  21  70  
  10 -60  57  
 -65  45  27  
 -26  55  57  
  15 -36  74  
 -72 -31  29  
  75 -10  35  
  22  48  65  
  64 -45  29  
 -72  39  17  
  78  25  16  
 -48  14  67  
 -69 -33  33  
  74 -36  13  
 -62  52  21  
  39  -3  74  
 -38  73  13  
 -61 -40  41  
 -65 -45  27  
 -61 -41  40  
 -62   3  56  
 -36  -4  75  
 -62 -48  28  
 -57 -44  42  
  57 -50  35  
 -70  36  28  
  59 -59   3  
  70 -45   5  
  23 -73  34  
  44  70  12  
 -21 -62  52  
 -78 -30   4  
  30   2  78  
  11 -27  78  
  31  77   8  
  -8 -83   4  
   7  15  82  
  73 -18  36  
  36  22  72  
  15  31  76  
  76 -34   1  
  80  21  10  
 -42  18  70  
  57  50  35  
 -66 -40  32  
  54 -18  61  
  56  59  18  
 -77  27  17  
 -62  14  54  
 -30 -65  43  
 -62  -4  56  
 -82 -13   7  
 -68 -45  18  
  77  13  29  
   1 -41  73  
  45  24  66  
 -67   1  50  
 -29 -19  76  
  20  64  50  
   6  83   9  
  56  19  59  
  49  64  21  
  39 -60  43  
  80   1  24  
 -52 -65   2  
 -64  50  20  
 -34  51  57  
 -78 -26  15  
 -54  57  28  
 -15   6  82  
  54  50  39  
  23  79  15  
 -83   5   9  
 -65  51  11  
  -5 -80  23  
  40 -72  13  
 -39 -74   2  
  30  76  17  
 -40 -63  37  
  60 -47  34  
 -48  39  56  
 -25  24  76  
   5  42  72  
  20  72  37  
 -46  28  64  
  51   0  66  
  -7  77  32  
  18  58  57  
 -61 -48  31  
 -51 -51  42  
 -53 -29  58  
  43 -69  20  
  42 -18  70  
 -57 -51  33  
  -4  83   9  
  56  31  54  
 -43  62  36  
 -15  -4  82  
   1  39  74  
 -60  19  55  
   5 -29  78  
  10 -18  81  
  -1  -8  83  
  73  -2  41  
   9 -26  79  
  19 -59  56  
  73   3  40  
  57  55  26  
   3 -15  82  
  73 -35  20  
 -46  19  67  
  20   3  81  
  58  51  32  
 -68  35  34  
 -64  50  19  
  12  75  35  
 -56 -18  59  
 -31 -76  14  
 -50  17  65  
 -63 -38  39  
  53  55  34  
 -81 -20   6  
  12  82  10  
  12  20  80  
  -8  45  70  
 -53  51  40  
  71  23  38  
  53  64  10  
 -77  21  24  
  78   1  30  
 -24 -59  54  
  70 -33  32  
  56 -47  40  
 -31  65  42  
  68  19  45  
 -44  56  44  
  57  38  48  
  79  22  17  
  -9  67  49  
 -49   9  67  
 -76   1  34  
  57  51  33  
   7  65  52  
 -26  77  20  
 -68  47  11  
  43 -71   7  
 -56 -36  50  
   9  64  53  
  83  11   1  
  53 -21  61  
  66 -27  43  
 -25  -9  79  
  44  24  67  
  -8 -80  22  
 -30   2  78  
 -71  -1  44  
 -47  67  16  
 -73 -34  22  
 -20 -80  14  
  42 -29  66  
  -3 -75  37  
  31  26  73  
 -26 -19  77  
  18  75  32  
  83  10   5  
 -10 -35  75  
 -43 -67  26  
  61   4  57  
  56  53  32  
 -74   3  39  
 -44  24  67  
  75 -23  29  
 -43 -69  18  
   2 -72  42  
  81  17  10  
  25 -68  42  
  34 -61  46  
  65  35  39  
 -16  68  46  
 -25  62  50  
 -65 -50  16  
   4 -44  71  
  32  35  69  
  72 -29  31  
 -34 -30  70  
   3  80  24  
 -18  24  78  
 -10  33  76  
   9  35  75  
  51 -34  57  
 -70  15  43  
 -75 -22  30  
 -51  -6  66  
  46  53  45  
  -8 -42  72  
   7 -54  63  
 -16 -17  80  
  82  -8  13  
  16 -43  70  
  46 -36  60  
 -47  58  37  
 -79 -22  17  
 -80  -2  23  
 -30  27  73  
  35 -76   2  
  61  54  18  
 -30 -32  71  
  40  47  56  
 -55 -62  10  
 -17  71  41  
 -74 -38   9  
  55   0  63  
  -4   9  83  
  -8 -46  69  
  34 -76   2  
 -64 -44  31  
 -11  82  13  
  13 -58  59  
 -42   2  72  
  74 -27  27  
 -52 -20  62  
 -34  73  22  
 -39  55  49  
  34   9  76  
   3  48  68  
  52  60  26  
 -63 -15  53  
 -61  21  53  
 -42  13  71  
 -70 -41  20  
 -69  44  17  
  -1 -10  83  
 -21  80  11  
 -15  40  72  
  80 -23   9  
  21 -74  33  
 -34  22  73  
  37  46  59  
 -45  31  63  
 -11  31  77  
  30  27  73  
   1  82  15  
  46  57  40  
  83   5  10  
 -19  78  23  
  -3 -81  21  
 -82 -15   1  
  34  38  66  
  74  25  29  
 -29  26  74  
  49  66  15  
  77  -1  32  
 -75  37   2  
 -43 -23  68  
 -61   9  56  
 -27 -55  57  
   3  81  21  
  34  37  67  
 -39 -65  35  
  67  -2  50  
 -47  69   6  
 -26 -15  78  
  44   2  71  
 -60  24  53  
 -11 -31  77  
 -68  -5  48  
  47  23  65  
 -35  63  42  
 -76  10  33  
  34 -30  70  
