 -52 -94  96  
 -93 -84  71  
 -90  85  74  
 -91 -87  70  
 -85  74  90  
  60 -94  91  
  53 -97  92  
  92 -70  86  
  90  84  75  
 -74  74  99  
 -90  65  92  
 -83 -76  90  
  89  57  98  
  71  78  98  
 -73  99  75  
  88 -87  74  
 -99  37  98  
  94  87  66  
 -82 -73  93  
  69 -95  83  
  97  67  83  
  59 -100  85  
 -51 -99  91  
 -91  97  55  
 -95 -100  42  
 -86 -63  97  
 -99  72  76  
 -96 -41  99  
  90 -80  79  
 -86 -61  98  
 -81  99  66  
  88 -69  91  
  99  53  90  
  85 -65  96  
 -78  85  86  
 -67  89  91  
 -57 -99  88  
  92  91  63  
  79 -85  85  
  73  98  76  
 -74 -90  85  
 -98 -41  97  
 -98  77  72  
  67  83  97  
 -100  76  70  
 -91  76  82  
 -88  67  92  
 -97  99  39  
 -64  87  95  
 -66 -81  99  
  61 -87  97  
 -93 -64  89  
  92 -66  89  
  60  90  95  
  96 -92  55  
  99  50  92  
 -85 -86  78  
 -97 -98  41  
 -99  41  96  
 -50 -96  95  
 -63  91  92  
  97  92  53  
 -84 -62  99  
 -81 -74  93  
 -81 -93  74  
 -95  94  53  
  86 -81  82  
  84  94  70  
 -80 -94  74  
 -58 -89  97  
  79 -89  81  
 -87  64  95  
  73  80  95  
  88  61  96  
 -89  98  57  
 -100  65  81  
  82  65  99  
 -76 -79  93  
 -80 -80  89  
 -48 100  92  
 -95  68  84  
  99  86  60  
 -95 -57  92  
  95  68  84  
 -91  78  80  
 -83 -92  73  
 -92 -80  77  
 -97 -82  68  
 -68  93  86  
 -80 -81  88  
 -89  97  58  
 -60 -92  93  
 -99  98  37  
  98 -48  94  
  87  99  58  
 -54  95  94  
  95 -100  41  
 -65  82  99  
 -94 -82  72  
 -46 -98  95  
  84 -82  83  
 -90 -89  69  
 -100  96  39  
 -95 -50  96  
 -65 -88  94  
  83  86  80  
  94 -52  96  
 -78  72  97  
 -100  94  43  
 -78  88  83  
  57  96  91  
 -84  98  64  
 -100  75  71  
  44  98  96  
 -55 -95  93  
  93  90  63  
 -96 -81  70  
 -97 -41  98  
 -79 -84  86  
 -75  86  88  
 -78  79  92  
 -58  91  95  
 -92  65  90  
  98  96  43  
  34 -98 100  
  57 -97  90  
  92 -65  90  
 -41 -100  95  
 -94  82  72  
 -70 -84  94  
  91  54  98  
 -79  92  78  
 -96 -98  43  
  98  74  75  
 -69 -97  81  
  61  86  98  
 -42 -95 100  
  74  94  80  
 -100 -61  84  
  80  77  92  
  53  93  96  
 -59 -93  93  
 -97 -43  97  
  70  97  80  
 -100  50  91  
  61  95  89  
  93  73  82  
 -68 -81  98  
 -93  96  54  
 -70 -81  96  
  81  83  85  
  65  84  97  
  88  97  60  
  57 -96  91  
 -90 -82  77  
 -76 -96  76  
 -91 -84  73  
 -96 -54  93  
  82 -85  82  
 -57  91  96  
 -68 -98  81  
 100  70  76  
 -100 -94  44  
 -82 -84  83  
 100  95  42  
  87  77  85  
  84 -100  61  
  86  88  75  
  65 -99  82  
  95 -83  69  
 100  86  58  
  63 -89  94  
 -75 -87  87  
 -96 -53  93  
 -88 -90  70  
 -39 -98  98  
  98 -88  58  
 -85 -64  97  
 -81 -76  92  
 -89 -98  57  
 -60 -87  98  
  88  63  95  
  91  79  79  
 -79  73  96  
  33  98 100  
 -85 -59 100  
 -81 100  65  
 -86  59  99  
  99  79  69  
 -100  92  47  
  91  55  97  
 -84  79  86  
 -98 -96  44  
 -84 -95  68  
 -63  89  94  
  84 -96  67  
 -74  90  85  
  84 -97  65  
 -92  72  84  
  81  95  72  
 -69  90  89  
 -62 -100  83  
 -100 -88  55  
  89 -86  74  
 -100  99  30  
  84  97  65  
  56 -94  94  
  85 -74  90  
  77  72  98  
 -80  77  92  
 -60  92  93  
 -83  71  94  
  31 -99 100  
  95  95  52  
 -55 100  88  
 -100 -46  93  
 -92  79  78  
  90  78  81  
 -84  62  99  
  75  91  83  
  88  79  82  
  93 -90  63  
  94  85  68  
  80 -67  99  
 -77  95  76  
  70  88  90  
  80 -69  98  
 -74  99  74  
 -72  80  96  
 -99 -64  83  
 -98 -95  46  
 -86 -66  95  
  70 -86  92  
  89 -81  79  
 -77  99  71  
  53  97  92  
  43  97  97  
 -99 -89  55  
  92  99  49  
 -97 -83  67  
  97  44  97  
 -97 -97  43  
  81  69  97  
 -98 -71  78  
 -77 -73  97  
 -42  98  97  
  55 -89  99  
  93 -54  96  
 -67  90  90  
 -95 -91  59  
  50 -91 100  
  95  93  55  
  88 -100  55  
 -83  73  92  
  87 -87  75  
 -78  84  87  
  67 -97  83  
  53 -90  99  
 -98  91  54  
 -86  60  99  
 -54  91  98  
  95  89  61  
  96  82  69  
 -98  76  73  
  93 -45 100  
 -92 -100  48  
 -94  77  77  
 -80 -85  84  
 -75  98  74  
  62  84  99  
 -92  73  83  
  97  36 100  
  55 -96  92  
 -69 -81  97  
 -88  55 100  
  99  82  65  
 -65 -84  97  
 -74  75  98  
 -84  86  79  
 -97 -86  63  
  94 -66  87  
 -31 100  99  
 -83 -95  69  
  81  90  78  
 -99  95  44  
 -100 -47  92  
  67 -87  93  
  71  97  79  
 -98 -46  95  
  84 -81  84  
 -48 -98  94  
  85 -75  89  
 -77 -86  86  
  88  95  63  
  74 -75  98  
  76  81  92  
  87 -63  96  
 -90  99  53  
  92 100  48  
  97  97  44  
