  -3  26  52  
   1  -1  58  
 -20  53  12  
  17  44  34  
  28  48  17  
  52 -26   2  
  36 -28  36  
  22 -17  51  
  -5 -55  18  
 -54 -14  16  
   0 -39  43  
  -2  56  14  
  28 -29  42  
 -44 -37   8  
 -46   1  35  
  40  12  40  
  29 -50   6  
  38   1  44  
 -27  47  21  
  49  -4  31  
 -11 -23  52  
 -41 -26  32  
 -55 -13  12  
  12 -55  13  
  13  24  51  
 -48 -21  25  
 -10 -22  53  
 -11 -47  32  
 -28  25  44  
 -37 -12  43  
   2  -1  58  
  35 -31  34  
 -52  17  19  
 -24 -39  36  
  11  49  29  
 -35 -10  45  
  14 -43  36  
  42 -36  17  
   3   1  58  
  -4  47  34  
  41 -20  36  
 -33  42  22  
 -23  38  37  
 -12  42  38  
 -56   8  12  
  56  14   5  
  35  46   2  
  45  22  29  
  -3  41  41  
 -26 -52   2  
   5  57  10  
 -33  29  38  
  11  52  23  
   9 -46  34  
  13 -49  28  
 -35 -19  42  
  38 -22  38  
 -32 -12  47  
   1  49  31  
  22  24  48  
 -25   3  52  
 -31  41  27  
 -32  48   4  
 -38  -1  44  
  52 -25   5  
 -22  43  32  
  58   3   2  
  30 -29  40  
  45  36   7  
 -56  -3  14  
  -6  52  25  
   8  38  43  
   0  -5  58  
  27  39  33  
  55  -8  16  
  24 -37  38  
 -45 -26  26  
   4  46  35  
  40  39  16  
  27  -7  51  
 -37 -11  43  
  -1  44  38  
   0   4  58  
  56  16   1  
 -25  -7  52  
   6 -20  54  
  56   8  13  
  12 -18  54  
 -57   8   6  
  14 -19  53  
 -42 -10  39  
  -5  21  54  
 -35  -2  46  
  40 -22  36  
  -4 -31  49  
 -45 -23  28  
  -2 -14  56  
  34  42  21  
  37 -13  43  
  42  -9  39  
  14 -35  44  
   6 -13  56  
  37 -43  12  
  49 -25  19  
   8  50  28  
 -19  -1  55  
  30  42  26  
  46  23  27  
  33 -46  12  
  34  44  16  
 -10 -49  29  
  14  53  19  
  19  54   8  
   1  53  24  
 -38  -2  44  
  -4  55  18  
  26  51  10  
  31 -24  43  
 -54 -11  18  
 -39  29  32  
 -20  16  52  
 -21  47  27  
  44 -35  15  
 -16   1  56  
   1  44  38  
 -46  35   5  
   0  58   3  
  33  39  27  
  50 -29   3  
   8  24  52  
  43 -21  33  
 -11 -36  44  
 -24 -45  28  
  24 -29  44  
 -45 -22  29  
 -23   7  53  
 -31  21  44  
 -16 -13  54  
  14 -44  35  
  38  34  28  
 -23 -51  16  
  47 -32  12  
  43 -30  25  
  19  52  17  
  25 -19  49  
  51  -3  27  
 -20 -26  48  
 -36 -43  14  
  21 -53  11  
 -56 -16   1  
  34  -4  47  
 -50  16  25  
  48  24  22  
  53  -2  24  
 -49  31   2  
  -9  44  37  
 -33 -24  41  
 -36  36  28  
  41  -5  41  
 -29 -36  35  
   9 -38  43  
 -53 -13  19  
  36  11  44  
  10 -16  55  
  43  19  34  
  36 -39  23  
  56 -14   5  
 -23  42  33  
  12  39  41  
  28  44  25  
 -32  41  26  
  21 -31  44  
 -16 -34  44  
 -46  20  29  
  41  39  12  
  58  -3   0  
 -49 -25  18  
 -56  -9  13  
  58   3   3  
 -53   9  22  
 -19  53  13  
 -40 -25  34  
  10  -6  57  
 -18 -18  52  
  47 -29  17  
  33 -26  40  
  29   2  50  
 -58   2   2  
  28  31  40  
 -14 -35  44  
 -29  49  11  
 -19  54   9  
  15 -15  54  
 -34  45  13  
  55  17   5  
  55   5  18  
  38  42  13  
 -23 -52  11  
 -14 -47  31  
 -13 -22  52  
  33 -16  45  
 -54 -18  12  
  54 -16  14  
  53  17  16  
 -39  15  40  
  22 -41  35  
 -34  46  10  
  39  22  37  
  -7 -27  51  
   0  31  49  
  28  29  42  
 -26  38  35  
 -13 -19  53  
 -39  41  12  
  46  14  32  
  42 -30  27  
 -15  38  41  
  13  38  42  
  20 -32  44  
  32  14  46  
 -53  17  16  
 -53   7  23  
  14 -52  21  
  32  -6  48  
 -23 -49  21  
  21 -54   2  
  -5  25  52  
   2 -35  46  
  56  13   8  
  19  28  47  
 -14  50  26  
  39  38  20  
  39  33  27  
 -21  34  42  
 -58  -5   1  
   9 -39  42  
 -17 -17  53  
 -46  35   6  
  51   1  28  
 -11 -14  55  
   0  53  24  
  36 -22  40  
 -41 -23  34  
  -3  43  39  
  53 -23   4  
 -44  -8  37  
   0 -56  15  
 -15 -48  29  
 -17 -55   7  
  41  35  21  
 -22  50  19  
  37 -44   6  
  -3  42  40  
  15  48  29  
 -43  30  25  
 -42  30  26  
  27 -43  28  
  17  48  28  
 -58   0   5  
  -8 -30  49  
  55  17   7  
   5  14  56  
 -18  52  19  
  37  30  33  
  35   5  46  
 -18  15  53  
 -44 -15  35  
  24  -1  53  
 -50 -22  19  
  38   9  43  
 -15  56   5  
  51  27   7  
  47 -33   8  
  51 -16  23  
 -27   5  51  
   7 -22  53  
  22  46  28  
 -39  22  37  
 -23 -52  12  
 -12  -8  56  
  41 -36  20  
   6  54  21  
  40  42   3  
   1 -11  57  
  46 -10  34  
  26 -48  19  
 -41  41   3  
  32  44  20  
 -47  29  18  
  46 -28  21  
 -44 -35  14  
 -20 -49  24  
 -15  11  55  
  15  54  15  
  37  23  38  
 -21  54   6  
  21 -40  36  
 -10  31  48  
  43 -23  31  
  49  15  27  
