 -79 -85  75  
  70 -99  66  
  84  76  79  
 -14 -96  98  
 -89 -60  87  
  75  86  78  
 -84  44 100  
  94  68  75  
 -98   8  97  
  53  86  94  
  70 100  64  
 -34  93  96  
  52 -99  81  
  84  79  76  
 -88 -57  90  
 -96  -8  99  
  37 -88 100  
 -93 -79  64  
 -98  67  70  
  97  95  25  
  70 -84  84  
 -97 -14  97  
 -82 -89  66  
 -82 -73  84  
  84  98  49  
  87 -85  65  
 -99 -71  65  
  64 -79  93  
  98  87  43  
  77 -58  99  
 -87 -57  91  
 -45 -96  88  
  -7  99  96  
 -98  94  25  
 -94 -99  19  
 -65  76  95  
  95  -7 100  
 100  56  77  
 -54 -98  81  
 -94 -93  40  
 -59 -77  98  
  66  96  74  
 -83 -54  96  
 -89 -37  99  
 -94  44  91  
 -75 -74  89  
  56 -79  98  
 -54 -96  83  
  93  48  90  
  60 100  74  
 -39 -87 100  
   1  99  96  
 -100  91  28  
 -99 -94  19  
  15 -100  94  
  44 -94  91  
  87 -95  50  
 -83  53  97  
 -37 -100  88  
  93  52  88  
  84 -71  83  
  95  13  99  
  55  92  87  
  86 -93  55  
 -86 -47  97  
 -92 -24 100  
 -86  56  92  
 -98 -21  95  
 -25 -94  98  
  98 -14  96  
 -84  62  90  
  39 100  87  
 100 -47  83  
  65 -82  90  
 -73  77  88  
  -4 -100  95  
 -83  73  83  
  63  74  98  
 -77 -88  73  
 -79  69  90  
  97  54  82  
  62  72 100  
 -91 -95  41  
 -94  88  50  
  97 -98  10  
 -85 -80  74  
 -96 -28  95  
 -76  83  80  
 -74  70  93  
  96  79  60  
 -96 -97  21  
  48 -94  89  
  85 -87  65  
 -99 -94  21  
  33  90  99  
 -86 -88  63  
  97  98   6  
  88  38  99  
 -61  88  87  
  71  71  95  
 -95  82  57  
 -75  69  93  
 -94 -91  44  
  77  64  95  
 -93 -89  50  
  97 -45  87  
 -84 -81  74  
 -13  95  99  
  94 -85  54  
 -76  77  86  
  70 -67  98  
  58  85  92  
  79 -93  64  
  89  36  99  
 -70  87  81  
  72  86  80  
  85  86  67  
 -99  89  37  
  98  91  34  
  15 -96  98  
  78 -63  95  
 -51 -84  97  
  63 -99  73  
 -99   2  96  
  65 -100  69  
  87  90  58  
 -27  98  93  
  64  85  88  
 -97 -98   5  
 -54  85  94  
  68 -91  78  
  80 -72  86  
 -47 -98  85  
  98  47  85  
  63 -81  92  
  98  60  76  
 -94 -85  55  
  20  95  98  
 -96 -77  62  
  68 -81  89  
 -73 -72  92  
 -91  55  88  
 -92 -66  79  
 -97 -37  91  
 -97  41  89  
 -50  93  89  
  96 -94  32  
 -81  78  80  
 -57 -89  89  
  90 -69  79  
 -71  87  80  
  98  97   3  
 -91  66  80  
 -98  51  83  
  14 -100  94  
  94  88  49  
 -40  93  94  
 -100  27  91  
 -99  91  31  
  61 -84  91  
  97  97  14  
 -97 -20  96  
  80  51 100  
 -97  87  46  
  37 -92  96  
  91 -95  42  
  40  96  91  
  52  87  94  
 -89  62  85  
  98 -93  28  
  68  77  92  
  85 -97  49  
 -16  96  98  
 -98 -64  73  
  36  89  99  
 -83 -47 100  
  95 -78  63  
 -75 -68  94  
 -46  93  91  
 -16 -99  95  
 -90  41  96  
 -96  98  13  
  69 -84  85  
 100 -31  90  
  98  95  19  
  68 -98  69  
  97 -58  79  
 -95  98  21  
  90  52  91  
  51  91  90  
 -97 -93  32  
  74  60 100  
  99 -96   9  
 -68  95  73  
 -95 -53  85  
  96 -42  90  
 -100 -58  75  
  99 -66  70  
  97  51  84  
 100  -8  95  
  52  83  97  
 -64  72  99  
 -39  88  99  
 -100 -53  79  
  68  83  87  
  93  93  42  
  86  69  83  
  57 -80  97  
 -100  82  48  
  95  -4 100  
 -80 -53  99  
 -92  79  66  
  95 -83  56  
 -37  93  95  
   5 -98  97  
 -95  -5 100  
 -78  80  81  
  70  80  88  
  85 -93  56  
 -98  76  61  
 100 -89  34  
 -12 -94 100  
  61  77  97  
 -91 -74  73  
 -41 -98  88  
  34  95  94  
  99 -90  34  
  86  87  64  
  91  99  31  
  37 -94  94  
 -98  41  88  
 -99  50  82  
 -35 -92  97  
  42  95  91  
  84  99  47  
  92  89  51  
  54  85  94  
  78 -92  67  
 -98 -67  70  
 -72 -71  94  
 100  40  86  
 -89 -52  92  
 -28  97  94  
  -3  99  96  
  89 -89  57  
  59 -95  81  
  86  68  84  
  66  80  91  
 -72  88  78  
 -93  40  94  
  57  90  88  
 -70  97  69  
  90  99  34  
  91  48  92  
  99  21  94  
 -84  58  93  
  74 -96  66  
 -55 -95  84  
 -84 -98  49  
  40 -97  90  
  52  98  82  
  85  77  77  
 -75  72  91  
  37  93  95  
 -100  48  82  
  90 -99  34  
  19 -94  99  
 -91  92  48  
  44 -100  84  
  73  92  72  
  79 -86  74  
  53 -90  90  
 -72  91  75  
  89 -50  93  
  87 -94  52  
 -97  13  97  
  73 -71  93  
 -77  95  64  
  34 -92  97  
 -95  65  76  
 -86  53  94  
  81 -57  96  
  84  73  82  
 -98 -57  79  
  98 -10  97  
  88  69  81  
  74 -76  88  
  97  98   7  
  95  81  59  
 -59 -76  99  
  27  98  93  
 -45 100  84  
 -89 -83  65  
  99  -3  96  
 -42  85 100  
  87  83  68  
 -73 -66  97  
 -95  81  59  
 -56 -95  83  
 -94  92  42  
