  14   2   7  
  -4  15   3  
  -9 -12   5  
 -15   4   3  
  16   1   2  
 -14  -2   7  
 -12  -7   8  
  -3 -15   5  
   9   0  13  
   2   7  14  
  -4 -11  11  
  -3  13   9  
 -15  -1   6  
   4 -11  11  
 -12  10   4  
   7 -10  10  
  10   6  11  
   5   8  13  
   1  -5  15  
  13  -9   0  
  -1 -15   6  
   7  -3  14  
  -7 -14   4  
 -10  -8  10  
  -1 -16   2  
  -9  13   1  
   1   0  16  
  10  -8  10  
   3  14   7  
 -16  -2   1  
 -15   5   3  
   2  -1  16  
   0  15   6  
 -16  -2   2  
 -13  -8   4  
   7  -8  12  
  15   2   5  
   9   7  11  
   8  14   2  
   3   4  15  
 -10   4  12  
   5  -9  12  
  -5  -2  15  
  14   3   7  
   2  16   1  
   8 -14   0  
  -9  13   2  
   7 -14   2  
   0  -6  15  
  13  -6   7  
  -1 -14   8  
  13   3   9  
  15  -4   4  
  -5  12   9  
   9   6  12  
  -4  -3  15  
 -15  -5   3  
 -14  -7   3  
  12  10   3  
  -3   5  15  
  -5  -1  15  
  -7  12   8  
  -9  12   6  
   5 -15   2  
 -14   8   1  
   2 -16   2  
   9  -6  12  
  -4 -12  10  
   2   8  14  
  13  -8   4  
  -7   3  14  
  -4  -7  14  
 -10   6  11  
   6   7  13  
  12   5   9  
  -7  -8  12  
  11  -9   7  
  -6  -9  12  
  -8  14   2  
  -6   7  13  
 -12  -6   9  
  11  -3  11  
   7 -11   9  
   2 -16   0  
  -1  -1  16  
  -8   4  13  
   5 -15   1  
 -11  -7   9  
  12   9   5  
   5  12   9  
  -5   0  15  
   5 -15   3  
   8  13   4  
  -9  10   9  
 -10 -10   7  
  16   2   1  
 -14  -8   1  
  -8   7  12  
 -12   5   9  
  -7  14   3  
 -14   7   4  
  -7 -14   2  
 -13   0   9  
 -10  -9   9  
   1  16   2  
  11  -4  11  
  -4  -4  15  
 -13   9   1  
 -12 -10   3  
  -1 -13   9  
 -10  -6  11  
   7  12   8  
   1   6  15  
   0  14   8  
  11  -7   9  
   7  -4  14  
   7  13   6  
   6  14   5  
   9  13   2  
  -6  11  10  
 -13   9   2  
  14  -6   5  
  -5  15   3  
  14   8   1  
  10  12   3  
 -14  -3   7  
   8  14   1  
 -15  -4   4  
  14   7   3  
   6  11  10  
  13   4   8  
  -9  -7  11  
 -16  -1   1  
   3  13   9  
   8  12   7  
  12   8   7  
  -9 -13   2  
 -13  -9   1  
  15  -1   5  
   0  16   0  
   6   0  15  
   1  -2  16  
 -13  -9   2  
  -6  -1  15  
   6  10  11  
  -5   1  15  
  15   4   3  
   9  13   1  
  -6  -5  14  
  -5  15   1  
  11  -6  10  
   4 -10  12  
 -10 -12   4  
 -12  -9   5  
  -7  14   4  
   0   9  13  
 -14   2   7  
 -13   9   3  
   1 -15   6  
  -1 -15   5  
   4  10  12  
  -2   9  13  
   0  16   1  
 -13   7   6  
 -10  -4  12  
 -10  12   3  
   0  15   5  
   7  14   2  
   3  11  11  
  16   0   1  
  13   6   7  
 -10   8  10  
 -14   4   7  
 -14  -1   8  
  10  -3  12  
   7  14   4  
   1  -9  13  
  -2  16   1  
  15   0   6  
   3   7  14  
 -12  -8   7  
   1   5  15  
   8   8  11  
  10   4  12  
   7  -6  13  
  -1 -16   1  
   9   9  10  
 -11  -8   8  
   8 -14   2  
   6   1  15  
  13  -8   5  
  13   1   9  
 -10  11   6  
  -7   6  13  
  11   6  10  
  -7   4  14  
 -16   0   1  
   7  -2  14  
  15   6   0  
 -16  -1   2  
   6  -5  14  
 -14   2   8  
   6  15   1  
   4 -15   3  
  14   2   8  
  13   5   8  
  -4 -15   4  
  -7  -9  11  
   6 -15   1  
  16  -1   2  
 -15  -6   1  
 -11   4  11  
   9 -11   7  
 -11   8   8  
 -15   5   1  
 -11   7   9  
   7   3  14  
  -9  11   7  
   3 -13   9  
   8  10  10  
   5   0  15  
  15  -6   1  
 -12   7   8  
   5  -3  15  
  13  -9   1  
   9   5  12  
  -9   5  12  
   0 -15   6  
  14   4   7  
  16  -2   2  
  -2  -7  14  
  10  -6  11  
  -8  10  10  
  -5 -15   2  
  -6 -11  10  
  -4   8  13  
   6  -7  13  
 -15  -3   5  
  -9   9  10  
  -8  -2  14  
  12 -10   4  
  -8 -13   5  
  -5  -6  14  
   0 -16   2  
  16   1   0  
  10   8  10  
 -15   3   4  
   6 -15   0  
 -15  -1   5  
  12  -3  10  
  10   3  12  
  -4  15   4  
  14  -7   2  
   1 -15   5  
  13   9   0  
  14  -1   8  
  10  -9   9  
  12  -9   5  
  -5   9  12  
 -14  -7   2  
   4   3  15  
   1  16   0  
   0  16   2  
   7  14   3  
   0   8  14  
   0  -9  13  
  -1  -8  14  
   3  -7  14  
 -14  -8   2  
  13   8   5  
   2 -14   7  
  -8  14   1  
   1 -13   9  
  10 -10   7  
 -10  -7  10  
   4 -15   4  
  -1  15   5  
 -13  -2   9  
 -13   2   9  
 -10  10   8  
  -1  14   8  
  -4  12  10  
  -5 -15   3  
  -8   2  14  
  -7 -12   8  
  16  -2   0  
  11   3  11  
   2  16   2  
  -3   4  15  
   5  15   3  
  -8   1  14  
   4   8  13  
   4   7  14  
  -3 -14   7  
   6   5  14  
   6 -12   9  
  -2   1  16  
  -3  -9  13  
  13  -4   8  
  -1   6  15  
