  25 -13  39  
   6 -43  21  
  -2  29  38  
  -2 -16  45  
 -31 -35  11  
  45 -14   8  
 -23  10  41  
  21  -6  43  
  41  14  21  
   8 -14  45  
 -33  13  32  
  26  40   6  
 -40  17  20  
  19 -22  38  
  13 -30  35  
  16  33  31  
  15 -41  20  
   4  47  10  
 -19 -39  20  
  39  14  24  
 -33  35   2  
 -25  36  19  
 -16  39  23  
 -22 -21  37  
  -5  37  30  
  48   4   2  
  40 -19  19  
 -13 -36  29  
 -32   6  35  
 -44   7  18  
  38   9  28  
 -42 -10  21  
  45   0  17  
  34 -24  24  
   2 -14  46  
  40  18  20  
  37 -23  20  
  -8  39  27  
 -22 -17  39  
   8  38  28  
  48  -1   1  
   1   9  47  
  19  22  38  
  -9  10  46  
 -15  -6  45  
 -48   2   2  
 -12  12  45  
 -24  40  11  
  38  20  21  
   7 -26  40  
  15  36  28  
  20 -12  42  
  36  31   7  
   3 -33  35  
   9 -46  10  
  12 -44  15  
   6  12  46  
   1  43  21  
   6 -30  37  
 -23  40  14  
 -33 -34   9  
  47   4   9  
  47  -5   7  
 -46 -13   4  
 -12 -25  39  
 -18  38  23  
  26  32  25  
  34  11  32  
  39 -21  19  
 -26  36  18  
  10  10  46  
   6 -15  45  
  22 -15  40  
  17  13  43  
 -45   1  16  
  34 -12  32  
  26  37  16  
  26 -40   6  
 -10  -1  47  
   5 -44  18  
  41  17  18  
  13 -38  26  
 -13 -46   1  
  23  -2  42  
  29   2  38  
 -29 -26  28  
 -23  -5  42  
 -28  38  10  
 -27  27  29  
   2 -48   1  
 -47   6   9  
 -39 -17  22  
  42  13  19  
  24  29  30  
  27  39   8  
  33  26  23  
  14 -34  31  
 -15 -45   8  
 -31  36   5  
  35 -30  13  
 -11  46   9  
  -3 -48   1  
 -47 -10   2  
 -13  -2  46  
  37  19  24  
   1 -41  25  
  12  -5  46  
 -31  16  33  
  47   1   9  
  -4  29  38  
  33 -21  28  
 -37 -19  24  
  39  19  21  
  40 -14  23  
 -30 -25  28  
 -22  37  21  
 -18 -19  40  
  32  33  14  
  17  41  18  
 -30 -18  33  
  -4 -42  23  
  -1 -42  23  
 -37 -10  29  
 -42 -22   6  
  17  16  42  
  31 -35  11  
   6 -44  18  
 -43   9  19  
  -6 -42  22  
  39 -26  11  
 -14  46   4  
  35   6  32  
  47  -1   9  
 -21 -32  29  
  -9  29  37  
   6 -26  40  
 -22  11  41  
 -47   8   3  
  17  -9  44  
  23 -41   9  
 -28  13  37  
  12   5  46  
 -37  29   9  
 -16  11  44  
  45  10  14  
 -25  30  28  
  12 -41  22  
  36   0  32  
 -24 -39  14  
 -29  -6  38  
  -7 -35  32  
   2 -48   3  
 -22  38  19  
  22 -42   7  
  -9  46  10  
  20  43   8  
  41   6  24  
  29  32  21  
  26  29  28  
  40 -26   5  
 -13 -26  38  
  12 -28  37  
  17 -20  40  
 -33  -7  34  
  14 -35  30  
  39  -7  27  
  46  -9  10  
   5  38  29  
  31 -20  31  
  27  11  38  
 -37  -7  30  
 -19 -44   2  
 -12  44  15  
  39  16  23  
  27 -36  16  
  -3 -16  45  
 -25  -8  40  
  42  12  20  
  38 -29   5  
   3  29  38  
  39  10  26  
 -44  -2  19  
 -23  41   9  
 -43  12  18  
  13 -32  33  
 -32  30  19  
 -29 -38   2  
  45  11  12  
  27 -27  29  
  -8  32  35  
 -31  22  29  
  14 -26  38  
 -46  11   8  
  14  -2  46  
 -26 -40   6  
 -18 -37  25  
 -41 -25   1  
  23 -42   3  
 -34   8  33  
   9  47   0  
   4  28  39  
 -42  21   9  
   4 -39  28  
  37  25  18  
 -38   4  29  
 -38  -9  28  
  46  14   3  
   9 -41  23  
  22  34  26  
 -43  19   9  
  43 -18  12  
   0  34  34  
 -34 -11  32  
 -22   8  42  
 -30  32  20  
  -6  43  20  
  -1  23  42  
 -21  10  42  
  -7  12  46  
 -37  -4  30  
  23  38  18  
  -7  40  26  
  14  10  45  
 -26  27  30  
  42 -22   6  
  24  34  24  
  25   3  41  
 -19  44   5  
 -28  -9  38  
 -29  -3  38  
  -4 -34  34  
  27 -39   8  
 -16  25  38  
  10 -46   9  
 -16  17  42  
 -48  -2   4  
  11  24  40  
  44   8  18  
  32 -18  31  
  13  43  17  
   5 -47   7  
 -39  13  25  
  -4 -48   2  
  -8  20  43  
 -34  27  20  
  34  -3  34  
  46   1  14  
 -26  -5  40  
  22  38  19  
 -31 -31  20  
  32   1  36  
  15  20  41  
  30  36  10  
  21  38  20  
 -13  44  14  
   1 -48   4  
  18  -5  44  
 -16 -23  39  
  33 -32  13  
  -6  47   9  
   6 -45  16  
  26  34  22  
  24  22  35  
 -41  -1  25  
 -39  26  10  
  29  -6  38  
   5 -43  21  
 -17 -40  20  
  17 -13  43  
   1 -32  36  
   2 -39  28  
 -10  -2  47  
  15  28  36  
 -25 -18  37  
  23 -23  35  
 -23  20  37  
  14  43  16  
  39  22  17  
 -12 -12  45  
  22  -6  42  
 -21  -9  42  
   1  13  46  
  34  21  27  
   9 -10  46  
  -1  38  29  
 -18  19  40  
  17 -44   9  
 -29  34  17  
  22 -40  15  
 -18 -21  39  
  19 -39  21  
 -12 -43  17  
 -38  29   4  
 -31  27  25  
 -36 -30  11  
 -28 -31  24  
  15 -15  43  
  17 -38  24  
 -48  -1   4  
 -48   2   3  
