 -35  99  75  
 -88  -7  94  
 -82 -89  44  
 -99  43  71  
  92  80  42  
  96 -86   7  
  63  71  87  
 -77  93  45  
 -83  98  12  
  79  88  51  
 -73 -93  51  
  86   3  96  
 -97 -81  27  
 -62  66  92  
  82  99  12  
 -74 -94  48  
  80  94  38  
 -82 -84  53  
  74 -40  98  
  97   8  85  
  32 -79  97  
  11  88  94  
  70 -89  62  
 -22 -90  90  
 -11  98  83  
  78  58  85  
 -100   4  81  
  98 -33  77  
 -80  59  82  
  93  89   8  
  82 -86  50  
  -9 -87  95  
 -69  63  89  
 -85 -82  52  
 -44 100  69  
 -90  38  84  
 -87  94  14  
  72  92  55  
  17 -80 100  
 -25  88  91  
 -79  64  79  
  69  66  87  
 -83 -93  34  
 -85  94  24  
  39 -85  89  
 -79 -40  94  
  39 -79  94  
  95 -87   8  
  19  82  98  
 -90 -92   6  
  75 -56  89  
  62  94  63  
  49  67  99  
 -97  -7  85  
  85 -19  95  
 -71 -74  78  
  89  47  81  
  13  85  96  
 -15  92  89  
 -70 -68  84  
  86  30  91  
 -98 -39  74  
 -59  71  90  
  21  85  95  
 -38  90  84  
 -83 -93  33  
  93  75  48  
 -85 -93  28  
  83 -61  78  
 -80  88  50  
 -73 -68  82  
 -63  92  65  
  76  35  98  
 100 -73  37  
 -78 -46  92  
  86 -20  94  
 -74 -96  44  
  88 -94   5  
 -58 -93  68  
  69 -53  95  
 -26 100  77  
 -94   5  88  
 -99  -3  83  
 -88 -89  32  
  35 -92  83  
  49 -86  83  
  49  86  83  
  56  87  77  
 -94 -31  83  
 -100 -44  69  
  49  77  91  
 -76  86  59  
   4  86  96  
  37  79  95  
  68  87  67  
  60  66  93  
 -57  81  83  
 -80  95  34  
  56 -95  67  
 -83  92  35  
   2 -86  96  
 -59  75  87  
 -76 -96  41  
 -81  30  96  
  90 -78  49  
  99 -69  45  
 -87  -5  95  
  14  89  92  
 -66  50  99  
  62  55  99  
 -85  25  94  
  92  48  77  
 -90  53  76  
 -43 -78  93  
  87  31  90  
  54  91  74  
  88  91  25  
 -93 -76  47  
 -16 100  80  
  62  80  80  
  81 -72  70  
 -73  42  98  
  96 -83  23  
 -76  99  33  
  64  83  75  
  39 -88  86  
 -60  77  84  
  48  81  88  
  72  78  73  
  94 -88   8  
 -88  63  70  
  44 -91  80  
 -37  99  74  
 -100 -76  30  
 -99 -83   1  
 -81 -16  99  
  89 -81  46  
  31 -97  79  
 -67  46 100  
 -65  67  89  
 -56 -76  88  
 -83  50  85  
 -79  20 100  
  85 -14  96  
 -94  32  82  
 -95  52  70  
 -83  33  93  
  60  84  77  
 -51 -94  72  
 -34 -98  77  
 -92  28  86  
 -37 -99  74  
  61  99  56  
 -93 -81  37  
  82  93  35  
 -95  87   7  
 -85  97   7  
 -87 -70  65  
 -80  69  74  
 -96  70  50  
  97  43  73  
 -17  98  82  
  84  65  73  
 -97   1  85  
 -82 -88  47  
 -87  17  94  
 -73 -39  99  
 -68 -86  68  
  87  10  95  
 -83 -70  70  
  92 -10  90  
  71 -77  75  
  13  83  98  
 -86  31  91  
 -99 -75  34  
  -4 -88  94  
  85  97   6  
  15  80 100  
  80 -21  99  
 -92  29  86  
   0 -94  88  
  75  84  63  
 -63 -65  92  
  88  -8  94  
 -67  99  49  
 100  81   6  
 -88 -15  93  
  78 -58  85  
 -42 -94  78  
   2 -88  94  
 -57 -70  92  
 -12  83  98  
  63  79  80  
  70 -67  85  
  70 -68  84  
  51  72  94  
  93 -10  89  
  94  37  80  
 -92  21  88  
 -66  97  54  
  95 -68  55  
  99  75  35  
  79  19 100  
 -55  63  98  
 -59 -91  70  
 -72  45  97  
 -88  54  77  
  85  30  92  
  90 -88  29  
  93 -81  38  
  96  78  37  
 -82 -99  10  
 -98 -78  31  
 -91  87  27  
 -68 -49  98  
  69 -44 100  
 -43  82  90  
  92 -69  58  
  72 -96  48  
  80 -59  82  
 -84 -56  80  
  94   3  88  
 -97  78  34  
 -81 -98  23  
 -79  87  53  
  99 -12  82  
  27  86  92  
  73 -52  93  
 -89  58  73  
  21 -91  89  
  57 -81  83  
  94 -42  78  
 -80 -63  79  
  56 -77  87  
 -25 -80  98  
  -6  98  84  
  95 -71  51  
 -34 -97  78  
  18 -83  97  
  38 -84  90  
  67  85  70  
  94  28  84  
  92  85  30  
  28 -93  85  
 -79 -48  90  
  84  95  23  
 -65  95  58  
  -3  89  93  
  -9 -88  94  
 -71  63  87  
  93  28  85  
  91  81  42  
  80  87  52  
  86 -96   3  
  76  59  86  
 -36 -81  94  
 -85 -94  23  
 -58 -69  92  
  89 -10  93  
 -92 -25  87  
  88  85  41  
 -78  91  48  
 -67 -59  93  
  54  85  81  
  81 -86  52  
 -58 -68  93  
 -71 -89  61  
  -3 -89  93  
  81 100   9  
  17 -93  88  
 -74 -55  90  
 -67  70  85  
  60  99  57  
  89  28  89  
 -13 -83  98  
 -96  40  76  
  94 -75  46  
 -83  74  65  
  94 -72  51  
  74 -73  76  
 -93 -87  20  
  92  53  73  
  96 -82  27  
 -73  51  93  
  94  -3  88  
  69  74  80  
 100  62  53  
 -87 -95   4  
  86  28  92  
 -45  72  97  
  90 -89  24  
  86 -89  37  
  56  88  76  
 -18  82  98  
  84  81  55  
  79 -99  24  
  48  74  94  
 -93 -53  72  
 -71 -71  81  
 -83 -94  31  
