 -48 -19  91  
 -97  16  36  
  66 -66  47  
 -17  64  81  
  88  -9  56  
 -49  84  38  
  16  96  38  
 -58 -58  65  
 -96 -39  12  
  23 -75  69  
  89  44  32  
  97  20  34  
  72  46  60  
  73 -75   1  
 -68  47  64  
  63 -21  81  
  55  -4  89  
  13  96  39  
  64 -78  27  
 -43 -69  66  
  85  25  55  
  15 -56  87  
 -91 -40  32  
  62 -48  69  
   4 -80  67  
 -87 -37  45  
  44 -40  86  
 -17 -99  28  
 -49  58  72  
 -58  82  28  
 -93  47   6  
 -75 -46  56  
  81  47  46  
 -26  25  98  
 -35  18  97  
  37 -97  10  
 -63 -63  55  
  83 -63   9  
 -42 -17  94  
  -4  85  61  
  37  35  91  
 -75 -69  23  
  81 -53  40  
 -48  65  66  
 -82 -39  52  
  53 -89  14  
 -64 -38  73  
 -68 -22  76  
 -69  -5  78  
  85  22  57  
  29 -75  67  
 100  31   1  
 -14  53  89  
 -19 -76  69  
  88 -16  54  
  10 -97  38  
  56   4  88  
 -10  81  65  
  40 -18  95  
 -24 -96  33  
  16 -25 100  
  80 -35  57  
 -43  80  52  
  26 -73  70  
  89 -16  52  
 100 -29   6  
  39  96  15  
  63  69  47  
 -62  75  38  
 -28 -90  45  
 -72  17  74  
 -68  50  62  
  -9  79  68  
 -97 -28  27  
 -90  -7  53  
  15 -73  73  
 -62  -8  84  
 -95 -32  30  
  42 -93  22  
 -45  87  36  
 -36  98   4  
  -3 -51  91  
 -13 -39  96  
  42  83  48  
  57 -73  48  
  22  40  94  
  58  84  23  
 -90 -53   1  
  35 -44  88  
 -31 -76  65  
  69  27  74  
  45  84  43  
  61  57  63  
  52  68  60  
 -86 -43  41  
  57 -75  45  
 -62 -84   3  
  15  76  70  
  22 -29  98  
  94 -40  23  
 -95  22  37  
  47  82  45  
 -99  33   1  
  22  38  95  
 -55  26  85  
 -78  63  29  
 -20  59  84  
 -11 -58  86  
 -81  65  10  
 -62  38  75  
  32 -89  44  
 -20  31  98  
  68  45  65  
 -91  39  34  
 -53 -85  30  
  88  56   3  
 -23 100  21  
  60 -59  62  
 -31 -96  27  
 -42 -18  94  
 -65 -67  47  
 -56 -72  51  
  59  35  79  
 -23  87  53  
  82 -64  12  
  22  95  37  
  44 -86  40  
 -90  34  41  
  92  -8  49  
  84 -48  39  
 -78 -69  11  
 -86 -44  40  
  46 -73  59  
 -15 -84  60  
  12 -44  94  
 -38 -97   6  
 -56  72  51  
 -16 -80  65  
 -60   8  85  
   7  66  81  
  47 -21  91  
 -31  -100   2  
  53 -74  51  
 -74 -61  41  
  26  79  63  
  -1  50  92  
 -72  75  10  
 -22 -84  58  
  87  20  54  
 -27  42  92  
 -55 -29  84  
  29  89  47  
  78 -10  69  
  24  65  78  
 -38 -93  28  
  -4 -93  47  
  59  23  83  
  64 -42  71  
 -58  44  75  
 -56   4  88  
  87 -48  33  
  99  34   2  
  11 -57  87  
  84 -27  56  
 -55 -49  74  
  53 -14  89  
 -78  66  23  
 -25  65  78  
 -67  25  76  
 -91 -22  46  
  74  66  33  
 -81  13  65  
  81 -61  25  
 -61 -84  11  
 -12  85  60  
 -31  98  18  
 -76  72   1  
  63 -83  10  
   6  97  39  
  67  31  74  
  63 -72  42  
 -29 -62  79  
  30  87  49  
  26  97  28  
  41 -56  78  
 -89  15  53  
  12  44  94  
  43 -16  94  
 -47  72  59  
 -28 -97  27  
  -8  68  79  
 -23  24  99  
 -41 -85  45  
  71  17  75  
 -43  74  60  
 -84 -61  12  
  31  -100   2  
 -32  99  10  
  72 -70  29  
 -79  -4  68  
 -53  71  55  
 -77   8  70  
 -98   1  36  
 -25  58  83  
   1 -74  74  
  99  21  26  
  85  55  25  
 -23  93  42  
 -33 -68  72  
 -95  43   4  
  88  17  54  
  44 -90  30  
  -4  92  49  
 -45  82  47  
 -12  50  91  
 -52  56  71  
 -98 -11  35  
 -32  97  22  
  38  79  57  
  37  85  48  
 -52  22  88  
  84 -15  60  
  87  58   5  
 -94  -7  45  
  63 -80  24  
  19 -94  41  
 -76 -49  52  
 -89  52  18  
  61 -13  84  
  40  42  87  
   8 -71  76  
 -78  61  34  
 -76  61  38  
  88   6  56  
  11 -28 100  
  -7 -82  64  
 -36  90  39  
  29 -81  59  
  99   2  33  
  77   7  70  
  43  20  93  
 -33 -99   7  
 -63 -79  27  
 -23  59  83  
 -20 -80  64  
 -47  93   9  
 -20 -70  75  
  87 -53  24  
  58  38  78  
 -38 -34  91  
 -66 -77  26  
  74  71  19  
  -3  95  43  
  13  81  65  
 100  -4  30  
  80 -66  12  
   2  44  95  
 -30  94  34  
  82 -61  21  
 -73  42  62  
  37  94  26  
  26 -15 100  
  43  68  67  
 -19  75  70  
  88  11  55  
  71 -65  41  
   9  75  72  
 -62 -84   7  
 -60  62  59  
   6 -84  62  
 -49 -81  44  
  49  76  52  
  98  24  27  
 -91  -5  51  
 -40  42  87  
 -61  26  81  
 -98  36   7  
 -83  63   9  
  99  18  28  
 -48 -87  33  
 -39  97   5  
  74  57  47  
  61  69  49  
  29 -92  40  
  53  35  83  
 -90  44  29  
 -77  15  69  
 -77 -70   7  
 -91  44  26  
  25  58  83  
  55   2  89  
  -4  96  41  
 -78  40  57  
  41  65  71  
  25 -50  88  
 -28  24  98  
 -50  10  91  
 -44 -18  93  
 -44 -94  12  
 -40 -29  92  
