  38 -79  64  
 -25 -60  87  
  -2  62  89  
 -13  92  56  
  61  -1  90  
  27  97  41  
 -35  86  56  
  66 -86   1  
 -20  48  95  
  95  40  34  
 -95 -11  51  
  31  81  65  
   7 -72  81  
 -15  90  59  
  58  46  79  
  73  80   9  
  72  73  36  
  58  90  17  
  76 -37  68  
  44  80  59  
  78 -73  18  
 -80  18  71  
 -74 -79  10  
 -87   4  65  
 -76  13  76  
 -15 -77  75  
 -82 -11  70  
  90 -27  54  
 -55  45  82  
 -63 -77  43  
 -26 -66  82  
  62  52  72  
  95   2  52  
  -8  48  97  
 -63  86  19  
 -62  77  45  
 -52   6  95  
 -21 -71  79  
  54  94   6  
 -24  99  38  
 -58  17  90  
  55 -76  55  
 -46  60  78  
 -74  -6  79  
 -89   7  62  
 100  21  37  
 -93 -28  48  
 -62  15  88  
 -55 -39  85  
  67  56  64  
  16 -93  54  
  61  13  89  
  63  87  16  
  18  97  45  
 -49 -87  42  
  83 -59  38  
 -16  83  68  
   1  82  71  
 -61  44  78  
  17  48  96  
  79  28  69  
 -37 -21 100  
  19 -80  71  
  76  76  14  
 -81 -11  71  
  61  83  34  
  96 -45  23  
  72  73  35  
 -62  34  82  
  91  29  51  
  97  49   2  
  72  78  22  
 -94 -26  48  
  96  45  24  
  14 -42  99  
  10 -92  57  
 -67 -78  34  
 -100  29  31  
  55   9  93  
  64 -71  51  
  88  32  55  
  29  88  56  
  53 -30  90  
 -52 -91  28  
  -3  96  51  
  73  22  77  
  47  87  45  
 -62  89   4  
  61  19  88  
 -60  44  79  
  94 -30  45  
  97  32  37  
  97  17  46  
 -93  55  11  
 -87 -25  60  
  93   2  56  
 -96 -45  23  
 -87 -59  27  
  94  19  51  
  40  59  82  
 -46  10  98  
  38  86  54  
  98  23  40  
 -85 -42  53  
  56  87  33  
  38 -27  98  
 -84 -69   2  
  45  79  59  
  -2 -73  80  
  -1  52  95  
  52 -84  45  
  13 -85  66  
   1 -49  97  
  92 -48  32  
  50  -2  96  
   1  98  47  
 -65 -69  53  
 -54 -23  91  
 -98  -3  47  
  70  63  54  
 -54   3  94  
 -78 -25  71  
 -49  89  38  
 100  41   9  
 -71   2  82  
  24 -89  57  
 -60 -86  28  
 -54 -53  78  
 -81 -12  71  
 -55  72  60  
  39  29  97  
  79 -54  51  
 -56  93   3  
  30  98  36  
 -48 -97   9  
  31 -46  93  
  62 -67  59  
  52  92  25  
  30  47  93  
 -33  77  69  
  10 -88  63  
 -83  22  66  
  31  47  93  
  77  -9  76  
 -76 -42  65  
  63  68  56  
 -92 -51  27  
  20  89  59  
 -82 -51  50  
  59 -30  86  
  50  39  88  
  59 -27  87  
  34 -95  40  
  58 -75  53  
  -2 -47  98  
  39 -93  40  
 -100 -41  12  
  79  66  34  
 -99 -36  27  
 -42  86  51  
 -54  71  62  
 -48 -79  57  
  42  78  63  
  23 -90  56  
  53  22  92  
  12 -45  98  
 -63 -80  38  
 -79 -18  72  
 -98  -9  46  
 -42 -65  76  
  83 -64  29  
 -47  97  12  
  72  52  62  
 -94  49  24  
  56 -27  89  
 -10  96  50  
  -8 -97  48  
 -83  50  49  
   7  91  59  
 -19  56  91  
 -42 -54  84  
  63 -84  27  
  83  -9  69  
 -14  42  99  
  84 -46  51  
  57  40  83  
  96  18  47  
 -76 -22  74  
  95  50  17  
 -12  47  97  
 -86 -53  40  
 -89   0  62  
  77 -47  60  
 -58  34  85  
  83 -47  52  
  40 -27  97  
 -45  75  64  
  54  86  38  
  53  38  87  
  60 -90   7  
  68  60  60  
  51  96   2  
 -93  53  19  
  90  28  54  
  85  13  66  
 -80 -73   8  
 -71  -7  82  
 -24  85  63  
  26  98  39  
 -97  -5  48  
 -81  52  50  
  92  56  11  
 -95  51  10  
 -23 -47  95  
 -14 -66  85  
  49 -73  64  
  54  -2  94  
  79  74   2  
 -24  50  93  
 -95   7  52  
  26 -88  58  
 -18  99  40  
  80 -27  68  
  44 -92  37  
  50 -94  21  
 -58 -29  87  
 -14  92  56  
  71  74  35  
  47  55  81  
 -89 -62   7  
  13 -70  82  
  91 -51  29  
  97  48   3  
 -78 -75  10  
 -46  58  79  
  28  74  74  
 -61 -36  82  
  56  81  46  
  46  37  91  
 -79 -58  46  
 -93 -53  17  
  53  94  10  
 -94 -44  31  
  62 -88  14  
 -55 -35  87  
 -36  96  36  
  92  11  56  
  27 -91  53  
 -77   9  76  
  98 -16  44  
  52  31  90  
 -92  54  19  
 -52  -7  95  
   8  66  86  
  11 -100  41  
  52  14  94  
 -85 -22  64  
  15  99  42  
  42 -94  34  
  52  39  87  
 -37 -32  97  
 -98   1  47  
 -82 -64  31  
 -10 -50  96  
  70  78  29  
  97   4  49  
 -62 -87  19  
 -19  81  70  
 -61 -11  89  
  85 -13  66  
  58  34  85  
 -46 -57  80  
  77  18  74  
   5 -88  63  
  50 -43  86  
 -30  47  93  
 -84  61  31  
  83  63  30  
  48 -93  28  
  27 -63  84  
  42 -51  86  
 -96 -36  36  
  94 -31  44  
  65  74  45  
  -1  89  62  
  99 -22  39  
  81  29  66  
 -76 -77   5  
  64 -44  76  
  -5  92  57  
 -96 -51   3  
  55  87  34  
  86 -24  62  
  40 -11 100  
  24 -91  54  
 -13 -53  94  
 -86 -43  50  
  60  76  49  
 -13  97  47  
   2  44  99  
