  -2  11  35  
  -6   1  36  
  13  23  25  
  19  -8  30  
 -16  25  21  
  18 -29  13  
 -14   6  33  
  12  34   6  
  -7 -18  31  
  18 -25  20  
  -2 -28  23  
  14  19  28  
  13   3  34  
 -10 -28  21  
  15 -24  23  
  -3  -9  35  
  23  13  25  
 -33   4  15  
  13  24  24  
 -30   9  19  
  32 -14  11  
   3 -28  23  
 -14  30  15  
   1   6  36  
 -17 -18  27  
  36   6   3  
  33   7  14  
  15  16  29  
 -35   3   9  
   1 -16  33  
  10 -30  18  
 -16 -22  24  
  25  13  23  
   5  33  15  
 -13 -30  16  
 -33  -8  14  
  22  24  17  
   5 -30  20  
 -28  23   3  
 -23  23  17  
  -6 -20  30  
 -35  -2  11  
   5 -20  30  
   9 -29  20  
  10 -14  32  
  -2  28  23  
   6 -21  29  
 -31  -8  18  
  -4 -35   9  
  27  -9  23  
   8  26  24  
   8 -35   7  
  13   0  34  
  -6  32  16  
  -7 -35   8  
 -36   4   3  
  32 -17   4  
 -31  11  16  
  13  -9  33  
  24 -17  22  
 -18 -15  28  
 -25 -24  11  
  12   6  34  
   0  -7  36  
 -27   8  23  
 -24  18  21  
 -14  19  28  
 -22   0  29  
  31  19   2  
   9 -35   5  
 -21 -26  15  
 -32  10  15  
 -33 -15   2  
   6  36   1  
 -11 -18  30  
  -9  25  25  
  10  34   9  
  35  -6   9  
  -8 -11  34  
 -24  20  19  
  34 -11   7  
 -10  -8  34  
  15  -4  33  
 -34   7  11  
  -1 -31  19  
  32  -8  16  
  30   0  21  
   5  36   0  
  25  23  13  
 -30   0  21  
 -29  22   2  
 -17 -31  10  
   4  -2  36  
  -3 -35  10  
  -4  36   4  
 -34 -13   2  
  -4 -22  29  
  -6  16  32  
   5  13  34  
   1  22  29  
   6  -9  35  
  25  24  11  
 -30   5  20  
 -14 -33   7  
  -7  29  21  
  23 -20  20  
  29 -20  10  
  25   4  26  
  -1  30  21  
 -10 -21  28  
  15 -27  19  
  36   1   6  
 -15  -5  33  
  19 -29  11  
  34  -7  12  
   7 -36   1  
  18 -15  28  
  25 -26   6  
 -16  24  22  
  27  24   6  
  -8 -10  34  
 -20 -14  27  
  31 -10  17  
 -15  -4  33  
  13  31  14  
 -21   2  30  
  31  17   9  
  34  -9  10  
  -6 -26  25  
   9  -4  35  
 -19 -31   1  
 -25  26   4  
   9   3  35  
  23 -28   2  
 -35   6   9  
 -18  31   6  
 -28  15  18  
 -23  -8  27  
   4 -15  33  
  21 -30   1  
  30 -19   9  
  10 -34   9  
  24 -24  14  
 -34  -7  12  
  16  32   7  
  -4 -34  12  
  12 -20  28  
  -9 -29  20  
  24  19  20  
  -3  36   4  
   6 -27  24  
  33 -15   5  
 -10 -16  31  
  -2  29  22  
 -29  -1  22  
 -29 -20  10  
  -7  30  20  
  17  32   6  
  21 -25  16  
  25 -13  23  
 -29  21   8  
 -21 -16  25  
   9 -28  22  
 -28 -21  11  
  30  -7  20  
  34   6  12  
  32  -6  16  
   8 -24  26  
 -19 -11  29  
 -22 -13  26  
  22 -29   0  
  18  31   8  
  11 -18  30  
  -1  31  19  
  22  -4  29  
  17 -30  12  
 -27 -15  19  
  24 -25  11  
 -19  11  29  
 -16 -33   1  
 -27   6  24  
  16 -29  15  
  11 -34   7  
 -23  26  12  
 -30 -21   1  
  32  14  10  
  15 -33   5  
  10  31  17  
  -7 -12  34  
 -32 -16   7  
  -7 -28  22  
  -2  36   6  
 -31 -17  10  
   9  -3  35  
 -12  34   4  
 -21  -3  30  
 -14  10  32  
  36   4   3  
   7  26  25  
  -6  -3  36  
 -15  29  16  
   0  36   5  
  -5   0  36  
 -21 -30   3  
  -8  33  14  
 -23  -5  28  
  -9  29  20  
  25  18  20  
  15 -18  28  
   1 -10  35  
 -11  30  18  
 -32  14  10  
  25 -25  10  
 -24 -27   4  
 -32   6  17  
 -19 -23  21  
 -14 -32  10  
  25  -6  26  
 -25  -7  26  
  22  17  24  
 -11  26  23  
   8  34  10  
  23   8  27  
 -34  11   8  
 -15  30  15  
   0  36   7  
 -25  -9  25  
 -26  15  21  
   4 -36   5  
 -13  34   5  
  -9 -25  25  
 -33  16   2  
 -13 -29  18  
  25  11  24  
  -9  35   3  
 -10 -35   4  
  19 -11  29  
   1 -36   6  
 -36  -6   1  
  17  10  31  
 -16  27  19  
 -29 -21   7  
  28 -21  11  
 -13   2  34  
 -10   3  35  
  23  24  15  
 -33 -16   2  
 -23 -20  20  
 -15 -26  21  
  -3  32  17  
  31  11  16  
 -14  -7  33  
  26  19  17  
   9  34  10  
  31  -5  19  
 -36  -4   5  
 -14 -33   8  
   1 -22  29  
 -32   2  17  
  34  12   6  
  -6  12  34  
  -6  36   4  
 -10  35   3  
 -21  15  26  
  17   4  32  
 -27  14  20  
  22  20  21  
 -11 -21  28  
  -4 -30  20  
  30  12  17  
  20  23  20  
 -30   1  21  
 -33 -14   8  
 -16  32   8  
 -33 -13   8  
   1  -5  36  
  23  -2  28  
   3 -32  17  
   4  20  30  
  -8  10  34  
  15  33   4  
 -24 -24  14  
  31   2  19  
   7 -16  32  
   9  24  26  
  22 -29   1  
 -16  32   6  
 -19 -26  17  
 -34  13   1  
  -6  29  21  
 -16 -33   2  
  -6 -17  32  
  36   3   5  
  22  29   4  
  -5  27  24  
 -36   0   5  
   4  36   5  
 -24  27   5  
 -21   7  29  
 -26 -23  11  
