 -18  39  34  
 -29 -41  22  
  22  39  32  
  17  51  11  
  38 -33  22  
 -16 -21  48  
  30  44  14  
  33 -40  19  
 -34   0  43  
  -2  -9  54  
  11 -54   1  
 -18  50  14  
  47  28   4  
 -54 -11   2  
  -5  35  42  
 -32 -42  16  
  55  -1   5  
 -50 -21   8  
 -29 -45  13  
 -14  28  45  
 -52  18   1  
  30  46   0  
 -54   9   4  
 -37 -19  36  
  16  48  22  
  38 -40   2  
  55  -4   1  
  33 -44   0  
 -41  18  32  
  25 -49   3  
  36 -37  19  
 -32 -15  42  
  -3  28  47  
  39  38   6  
 -45 -30   9  
 -22  46  20  
 -25  49   4  
  -3  10  54  
 -31 -37  26  
  16 -22  48  
  -6  13  53  
  28 -27  39  
  -1 -55   3  
  34 -43   2  
 -35 -14  40  
   2 -43  34  
 -15 -51  14  
 -21  19  47  
 -34  -1  43  
  37  -1  41  
  38 -12  38  
  -9 -48  25  
  18 -43  29  
  43 -31  14  
 -39 -22  32  
  22  49  12  
  41  11  35  
  -7  26  48  
 -27  -2  48  
  24  -6  49  
 -54  -7   7  
 -32 -44   9  
  33  44   4  
   2 -20  51  
 -53   2  14  
  12  51  16  
  34   9  42  
   3 -49  25  
 -35 -24  35  
 -48  -8  26  
   3 -28  47  
  -1  23  50  
 -43 -24  25  
 -24 -48  11  
 -35  42   3  
  44 -23  24  
  42  33  13  
  40 -37   6  
  35   7  42  
  22 -26  43  
 -39  -1  39  
  18 -20  48  
  44  17  28  
  17 -47  23  
  10  51  18  
  50  -6  22  
  54   5   8  
 -34  30  31  
 -49 -23   9  
 -34  41  13  
  21 -14  49  
 -42  17  31  
 -21  43  27  
 -32 -12  43  
  35 -41  11  
  51   2  20  
  47 -12  26  
  21  -2  51  
   2 -33  44  
 -11   3  54  
 -18  41  32  
  40  32  20  
   4 -55   1  
  -8 -41  36  
 -28  20  43  
 -53   6  13  
  14 -36  39  
  44  19  27  
  38  30  26  
  48  -5  26  
  38 -26  30  
 -49  10  23  
  33  39  20  
 -54  11   1  
 -11  36  40  
 -19  51   6  
 -15  17  50  
  30  34  31  
 -29 -46   7  
  13  43  32  
  24  34  36  
  41 -34  14  
 -42 -14  33  
  49 -16  19  
 -48   5  26  
 -36  40  11  
  -3   4  55  
  18 -18  49  
 -40  37   6  
  43 -10  33  
   5 -25  49  
 -17 -11  51  
 -52  17   7  
  26 -48   5  
 -25   4  49  
 -13 -50  19  
  43  18  29  
   5  43  34  
  -3 -27  48  
  -5  28  47  
 -19 -30  42  
  26 -22  43  
  16 -48  22  
  41  30  21  
 -45  25  20  
  51  20   4  
 -50   4  22  
 -50  20  12  
  50  18  14  
 -28 -44  17  
 -27  46  14  
  38  -6  39  
  54  -3  10  
  39 -39   0  
 -50 -22   4  
   2   1  55  
  27 -23  42  
  15 -51  14  
   9  12  53  
   3  51  20  
  54   8   6  
  12   9  53  
  50  23   0  
 -41  -8  36  
  51  -6  19  
  10  35  41  
  52  17   7  
 -41   6  36  
 -46  29   8  
 -51   6  19  
 -45  27  16  
   2 -38  40  
 -51   1  20  
 -18  49  18  
  16 -47  24  
   5  28  47  
  39  28  27  
 -27  -4  48  
 -26   8  48  
  24  45  21  
  40 -31  22  
 -20 -51   7  
 -17  48  21  
   9 -48  25  
  16 -40  34  
 -44  -9  32  
  21 -46  22  
  -3 -50  23  
 -18 -24  46  
 -30  11  45  
 -33  43  10  
  55   0   1  
  49  23  10  
  34  34  27  
   9 -52  15  
  36  39  15  
 -13 -30  44  
  -4  53  15  
 -36 -35  22  
 -24  34  36  
  29 -35  31  
 -30  38  26  
   9 -43  33  
 -10  53  10  
 -36 -34  24  
  44   4  33  
   0  50  23  
 -27  47  10  
  51   4  20  
 -43  25  24  
 -32 -36  27  
  17 -19  49  
 -53 -14   3  
 -46 -12  28  
 -45  31   7  
 -17 -36  38  
  37  32  25  
 -39  23  31  
 -51  20   1  
  30  45  10  
 -28  14  45  
  17  15  50  
   9 -40  37  
  29 -43  18  
 -25  28  40  
 -43  23  25  
  54  -8   5  
  48 -10  25  
  44  15  29  
  -3  25  49  
  -2  54   9  
 -21  39  33  
  44 -31  11  
  -2 -53  14  
  27 -30  37  
  32 -32  31  
 -13  43  32  
  24   6  49  
 -44 -28  17  
 -49  11  23  
 -27 -48   1  
  -9  51  19  
  25 -44  22  
  -5  -9  54  
  30  25  39  
  20  51   6  
 -24  42  26  
   2  55   4  
  -4  55   2  
 -38 -15  37  
  25 -49   2  
  33 -44   5  
 -14 -41  34  
  27  19  44  
  55  -2   0  
 -29  24  40  
 -27  34  34  
  14  25  47  
 -43  -8  33  
 -28  -6  47  
  23 -44  24  
  35 -36  22  
  38  39   9  
   1  49  25  
  -9 -21  50  
  25 -47  14  
 -39 -25  30  
  20 -29  42  
  34 -14  41  
 -38 -28  28  
   0 -55   1  
  34  -4  43  
  -6  30  46  
  55   4   2  
  -6 -54   7  
 -45  16  27  
 -46   8  29  
  -8 -27  47  
  46  30   5  
 -16  22  48  
  42  31  17  
  37   8  40  
 -34 -42  10  
 -31 -40  22  
 -45 -18  26  
  -8 -51  19  
  30 -46   4  
 -47 -11  26  
  19 -50  12  
 -36  35  23  
 -34  43   2  
  37   1  41  
 -12  22  49  
  36 -12  40  
  52 -12  13  
 -49  16  19  
 -34 -43   5  
   3  -4  55  
  53 -12   8  
  -9 -18  51  
