 -20  -4  20  
  -6 -10  26  
 -26 -11   4  
   3  28   4  
 -24  -8  13  
  24  13   9  
  -9  -2  27  
  19 -15  15  
 -18  -3  22  
 -26   0  12  
  -6 -27   7  
 -13 -20  16  
  18   6  21  
  -6 -26  10  
   7  24  14  
 -19   2  21  
  14  25   0  
   0  17  23  
   8  11  25  
  18  19  11  
  21 -19   2  
  15 -20  14  
 -28  -3   3  
  19  21   1  
  -2  17  23  
   5   4  28  
  24 -14   7  
  21   1  19  
 -16 -19  14  
   9  25  10  
 -15 -12  21  
 -23   7  15  
 -19 -19  10  
 -25 -14   1  
 -24 -15   2  
 -10 -20  18  
  20 -18  10  
  27  -9   0  
  21  -2  19  
 -23 -17   2  
  25 -11   8  
 -11  26   2  
 -26 -10   5  
   1  14  25  
  -9 -27   4  
 -12  25   7  
  11  19  18  
  -8 -13  24  
 -16 -18  15  
  10 -19  19  
 -14 -25   1  
  26 -12   0  
 -20 -16  13  
  17  16  16  
  21  11  16  
   9  10  25  
  -4  13  25  
  19 -17  13  
  14  23   9  
 -13  20  16  
  27  -9   3  
   1  23  17  
 -18  -6  21  
 -19 -15  15  
  22   2  18  
  18   9  20  
 -11  14  22  
   6 -28   1  
  25   0  14  
  20   8  19  
  20  20   4  
  26  -9   8  
 -10   6  26  
 -12   2  26  
 -13  17  19  
  -8   4  27  
   3 -24  15  
  10  19  19  
  10  23  14  
 -19   7  20  
 -14  16  19  
 -19 -20   8  
  -2 -19  21  
  -6 -14  24  
   2  28   4  
   4  -9  27  
   0 -26  12  
  28  -3   4  
  -1   6  28  
  10 -20  18  
  16 -11  21  
  -3  28   5  
  18 -18  13  
   6 -22  17  
  25   2  14  
  20   3  20  
 -17  23   1  
  20  -1  20  
  20 -19   8  
 -20  20   3  
 -28  -2   6  
  -1  -5  28  
 -25   9  10  
  23  14   9  
 -20 -20   1  
 -13   5  25  
  -6 -16  23  
 -21  19   1  
  23   8  15  
  24  15   0  
  -8  26   8  
 -28  -4   2  
  -3   4  28  
 -20  -9  18  
   0 -25  14  
  14  24   6  
 -18 -21   6  
  12  -2  26  
  -5   4  28  
 -22  -7  17  
   9  27   2  
  25 -14   0  
  22   7  17  
 -19  21   4  
 -18  13  18  
   7 -23  15  
  12  -6  25  
  17 -17  15  
  -8  -8  26  
  -4 -19  21  
 -25  -1  14  
   2  26  12  
   2  -4  28  
 -11 -16  21  
  18  22   2  
  14  -6  24  
   8  13  24  
   8  16  22  
  28   0   6  
 -28  -1   4  
  23 -16   6  
 -21 -18   7  
 -15 -16  18  
   4  27   9  
  17  -9  21  
  22 -18   1  
  15 -24   0  
   5   8  27  
 -23 -13  11  
   2 -26  12  
  23 -16   4  
  27  -3   8  
   2 -21  19  
   7 -27   5  
 -15  24   4  
 -27  -8   5  
  -1 -20  20  
  20 -20   5  
  26 -11   4  
  21 -18   6  
 -20 -18  10  
  17  22   6  
  28   6   1  
 -15 -20  14  
 -20 -19   7  
  -6 -23  16  
  -5   7  27  
   4 -18  22  
   8 -19  20  
  22  -7  17  
  26 -10   7  
  24   7  14  
  23   6  16  
  12  26   0  
  -2  26  11  
 -25   1  14  
  19 -20   8  
  19  -3  21  
  22  18   2  
 -14   1  25  
 -12  -9  24  
  19  13  17  
 -23  -5  16  
  -5  -2  28  
 -25  10   9  
  11 -19  18  
 -23  15   8  
  -6  25  12  
 -20 -20   2  
 -14 -24   7  
 -13  14  21  
  25  -3  13  
  13 -24   9  
   1 -27   9  
   8 -25  11  
  26   2  11  
 -13  -8  24  
  -5 -20  20  
   6   6  27  
  18  11  19  
  -9  21  17  
   8   8  26  
 -27  -1   9  
  21  13  14  
  -8   5  27  
 -26  10   6  
 -24  -5  15  
  15 -23   7  
   2 -20  20  
  -2  25  14  
  18  -4  22  
  20  20   1  
  28   1   5  
 -16 -23   4  
   3  25  13  
   5  25  13  
   8   5  27  
  -9 -21  17  
 -28   4   5  
   7 -15  23  
  -3  13  25  
 -16   4  23  
  21  12  15  
  20  -4  20  
  20  20   3  
 -26  -5  11  
  15  12  21  
  -8 -15  23  
  -4  20  20  
   5  26  10  
 -23  17   2  
  -5   8  27  
  -4  -4  28  
  25  10   9  
  12  -1  26  
  26 -11   5  
  28   2   6  
  13 -23  11  
  25  13   4  
   5 -25  13  
 -11 -23  13  
 -10  22  15  
   4  28   2  
   5  -3  28  
   2  25  14  
   3  -9  27  
  19 -21   0  
  -7  27   5  
 -10  -7  26  
  11 -13  23  
  11 -25   8  
  18 -20   9  
  16 -17  16  
  17  23   1  
 -13  -9  24  
  -8  27   3  
  15 -24   1  
  21  19   4  
 -25   8  11  
  19  20   8  
 -22  16   8  
  18  -1  22  
 -22  -1  18  
  -5  16  23  
 -23  13  11  
  -9 -27   2  
 -26   9   8  
  -6  18  21  
  26   4  11  
 -11 -26   3  
  -2   9  27  
   5  -2  28  
 -25   6  12  
 -23   8  15  
  -2   6  28  
 -14 -10  23  
   0  -9  27  
   5  16  23  
 -19  19  10  
  26   5  10  
  -5 -13  25  
 -17  16  16  
  27  -7   6  
 -26  -1  12  
  27   6   6  
  17 -21   9  
 -25 -12   6  
 -21 -19   3  
  28  -3   3  
 -26  -6  10  
  12  12  23  
  24  -6  14  
   6  23  16  
   4  11  26  
   8  19  20  
  -8  27   4  
  19   0  21  
  19 -11  18  
  -5  15  24  
  18 -15  16  
