  50  53  89  
 -74 -88   2  
  45  57  89  
 -21 -96  60  
  58 -44  89  
  91  49  50  
  48 -98  36  
  44 -70  80  
  76  57  65  
 -41 -88  62  
 -77 -84  16  
 -94  13  65  
  76 -21  84  
  60  90  39  
  89  47  56  
 -74   0  88  
  -1 -57 100  
  -1  73  89  
 -56  45  90  
 -91  48  51  
  15  93  66  
  39 -52  95  
 -29  82  75  
  10  80  82  
 -83  -9  79  
 100  25  51  
 -82  56  58  
  -3  96  63  
  43 -63  86  
 -71 -88  20  
 -52 -80  64  
 -57  74  67  
 -20 -58  97  
 -60 -13  97  
 -81  56  59  
 -73 -70  55  
  -2  69  92  
 -60  43  88  
 -74  81  34  
  91  34  62  
 -81  80  15  
  69 -76  52  
  74  87  13  
  98   2  60  
 -62 -91  33  
  41 -93  54  
 -53  96  35  
  77  67  53  
 -57 -12  99  
 -25  82  77  
 -99 -14  57  
 -83 -56  57  
  58  98  15  
 -86   0  76  
 -70 -27  87  
 -86 -72  26  
  86  76   5  
  26  51 100  
 -82  48  65  
 -89 -56  46  
 -86  59  48  
 -51  38  96  
  25 -66  91  
 -20  70  89  
 -96   9  63  
 -88  27  69  
 -56  41  92  
  67 -12  93  
  94   5  66  
  11 -94  65  
  -9 -89  72  
  55  81  60  
 -92  48  49  
 -84  75  24  
 -40  90  59  
 -85  42  65  
  30 -96  56  
  66  -4  94  
 -55  81  60  
 -35  88  65  
  53  75  69  
  95  49  42  
  68  76  53  
  98  48  36  
  22  65  92  
  59 -98  13  
  19 -76  84  
 -77  52  68  
  66 -14  93  
 -10  72  89  
 -70  86  31  
  24 -100  51  
 -87 -25  71  
  48 -59  86  
 -38 -42 100  
  96 -44  46  
 -72  89  12  
  67  84  41  
 -42  51  94  
  96  58  26  
 -68 -78  50  
  82  67  45  
 -28 -51  99  
 -74 -23  85  
   7  77  85  
 -50  70  76  
 -37 -78  76  
 -27 -57  96  
  86 -53  55  
   8 -75  87  
  97 -38  49  
  67  74  57  
 -38  91  59  
  21  82  78  
 -72 -18  88  
  45 -99  37  
  94 -54  39  
  56 -52  86  
 -19  62  95  
  92  47  50  
 -87  62  42  
 -14  69  91  
  67  93   7  
  41 -76  76  
  94 -28  60  
 -96  28  57  
   9 -96  63  
 -75  -7  87  
  61 -29  93  
 -87 -28  70  
 -59  43  89  
  92  68  11  
  86  69  33  
  46 -43  96  
 -77  33  79  
  29  91  64  
 -40  79  73  
  99  44  39  
 -87   4  75  
 -59  65  74  
  75   1  87  
 -50  59  85  
  40 -40 100  
  52  99  26  
 -69  14  91  
 -63  73  63  
  28  86  71  
 -45 -95  47  
 -65  23  92  
 -37  58  92  
 -76 -44  74  
   6  84  78  
 -60 -93  31  
  82 -57  57  
  88 -66  34  
 -62 -46  85  
  11  77  85  
  -1 -60  98  
  80  10  82  
 -68  35  86  
 -51  76  70  
 -32 -79  77  
  58 -91  40  
 -76 -70  51  
 -90   8  71  
 -69 -53  75  
 -96  54  33  
  80  69  45  
  12 -64  95  
 -71 -89  16  
 -20 -90  69  
 -41  67  84  
 -28  92  63  
  70 -84  36  
  65  11  94  
  55 -40  93  
  80  78  27  
  64 -51  81  
  91 -70   0  
  77 -48  71  
 -66  90  27  
 -60  41  89  
 -79 -47  69  
  69  80  46  
  48 -48  93  
  42  51  94  
 -14 -66  93  
  82  60  54  
 -85  20  75  
 -80  64  52  
  20  83  77  
 -83 -23  76  
  64  85  44  
  55  37  94  
 -100  51  25  
 -17 -59  97  
 -61  37  90  
 -85 -66  41  
  37 -96  51  
  82   9  80  
  66  21  92  
  55 100  12  
 -79  50  67  
  64 -18  94  
 -66  90  28  
  -3 -68  93  
 -79 -21  81  
 -67  53  77  
 -97 -44  44  
 -64  21  93  
 -98 -22  56  
 -93  60  31  
 -69  67  63  
  84 -66  42  
 -91  14  69  
   8  81  81  
   3 -96  63  
 -66 -46  82  
  96  58  25  
 -78 -79  30  
 -12 -89  72  
 -78  56  63  
  92  69   0  
  58 -68  72  
  44 -46  96  
 -19 -89  70  
 -58 -50  86  
  98  45  40  
  10  97  61  
  85 -59  50  
  50 -68  78  
 -58 -60  79  
  83 -71  36  
  68 -85  37  
  36 -71  83  
  66 -82  46  
 -61 -11  97  
 -72  34  83  
  65 -35  88  
  32 -76  80  
 -49 -97  38  
  43  99  40  
 -60 -88  44  
 -50  84  61  
  89  41  60  
  77 -23  82  
  74 -14  87  
 -55  39  93  
 -81 -67  47  
  76  51  70  
  59 -94  30  
 -79 -73  40  
  79 -68  49  
  99  33  48  
  43 -57  90  
  52 -98  30  
  42 -74  77  
  79 -46  70  
 -39  60  90  
 -61  51  83  
 -56 -97  25  
 -63  79  55  
 -71 -84  34  
  47 -54  90  
  46 -96  43  
 -43 -73  78  
  89  21  70  
 -79 -51  66  
 -100 -38  42  
  61  84  49  
  66 -74  58  
  78  65  54  
 -13 -92  68  
 -57  98  18  
  86  75  13  
 -36 -73  81  
  30 -97  54  
  83 -65  46  
   9 -94  66  
  43 -98  42  
  67 -93  10  
 -82   8  80  
  49 -40  96  
 -64 -80  52  
  95 -38  52  
   6 -70  91  
 -43 -62  87  
  15 -97  60  
 -52  94  41  
  43 -60  88  
  76   6  86  
 -76  84  21  
  25 -51 100  
  98 -31  52  
 -18 -85  75  
 -58 -83  55  
  66  83  45  
  99 -56  16  
  95  62  18  
  95  40  51  
