  -7   5  19  
 -15  12   8  
   1  21   3  
  13 -13  10  
  -8 -18   7  
 -11   6  17  
  -1  -6  20  
  19   7   5  
   5 -15  14  
  -1  -2  21  
   2  18  11  
   2  -9  19  
  12 -16   7  
  16  -5  13  
   6  -6  19  
   4   5  20  
  10 -18   3  
   0  -3  21  
  15  10  11  
  -4 -10  18  
  15 -14   4  
  19   3   8  
   1   7  20  
  10  -5  18  
  -1  -9  19  
 -15  -1  15  
   2 -21   1  
  -6  19   7  
  20   5   4  
   1  11  18  
  10   4  18  
  -1   7  20  
  18   9   6  
  -7 -20   1  
  11 -15  10  
   7  14  14  
 -19  -5   8  
 -21   1   3  
   3   0  21  
 -16  -3  13  
   3  21   0  
  -9  14  13  
   5   4  20  
 -12 -11  13  
  -1  20   6  
 -11  13  12  
   5 -17  11  
  11 -17   5  
  13  12  11  
  -4   4  20  
   8  18   7  
 -19   6   7  
   9 -17   8  
  17  -9   8  
  -5  -5  20  
 -13  16   3  
  15  -4  14  
 -12  -3  17  
   4  20   4  
  10 -18   4  
 -16  12   7  
  -6  16  12  
   8 -19   5  
 -19   8   4  
 -17  -2  12  
  15   4  14  
  -8 -19   4  
   4  18  10  
 -20   5   5  
   7  17  10  
 -19   4   8  
   4 -13  16  
   0 -12  17  
 -12 -14  10  
  -6  -6  19  
   4  19   8  
   1 -18  11  
  -5 -11  17  
   8  -5  19  
   5  20   5  
 -19   6   6  
   4  10  18  
 -16 -12   7  
   2   6  20  
 -10 -18   4  
 -15  14   5  
  14 -10  12  
  17   9   8  
   8  19   3  
  20   1   6  
   4  15  14  
   6  20   1  
  21  -3   1  
  -9 -14  13  
   0   0  21  
  19  -9   3  
   5 -19   8  
   1   0  21  
   2  -1  21  
   1  17  12  
  19   8   3  
  -9 -10  16  
 -11  10  15  
 -16  10   9  
  12   3  17  
  20   6   2  
  18 -11   2  
  -3  21   1  
  13  14   9  
  16 -11   8  
  17   9   9  
 -20   7   1  
 -12  -7  16  
 -17  12   1  
  12   4  17  
 -18 -10   3  
   5 -11  17  
   6 -12  16  
  -1 -21   1  
   5  20   3  
 -21  -2   2  
  -9  -3  19  
  20  -2   6  
  -2  21   1  
  -1  -3  21  
  -3  10  18  
  12 -13  11  
   0 -11  18  
  -4  -5  20  
   1  21   0  
   7   8  18  
   9  -1  19  
  19   7   6  
  12 -17   3  
   8   3  19  
 -12  -6  16  
 -18  10   3  
   5  19   7  
  -3 -19   8  
   6   0  20  
  16  -3  13  
   3 -12  17  
   5 -20   4  
  -1  21   1  
 -15   1  15  
  17   4  12  
  -4  18  10  
  16   4  13  
  20   6   1  
   3   8  19  
  13 -16   5  
   9   3  19  
   3 -13  16  
  -4 -20   4  
   0  -9  19  
  10 -16   9  
   2 -12  17  
 -15  13   7  
   1 -19   9  
   5 -20   3  
 -10   3  18  
  11 -17   6  
   3 -10  18  
  12   8  15  
  -4 -15  14  
  21  -2   2  
  -7  -6  19  
 -11  -8  16  
  20   0   7  
  15 -12   9  
  -5  17  11  
   4  20   5  
  19   9   1  
 -12  15   8  
 -11 -18   2  
   1  21   2  
   4  12  17  
   9  19   0  
 -17  11   6  
 -17  -3  12  
 -13   4  16  
 -13  14   9  
 -20   1   6  
   2   2  21  
  -1 -20   7  
  -8   7  18  
  17   8   9  
   4 -15  14  
  -9   6  18  
   6  20   2  
   7  -6  19  
  16 -13   3  
  15 -14   5  
   9  -6  18  
  10  18   4  
  11  -5  17  
   6   3  20  
   3 -17  12  
 -17 -11   6  
  17  -4  12  
  12  -8  15  
   5  11  17  
  18   7   8  
 -19   7   5  
  -7  -1  20  
  18 -11   1  
  -5  -4  20  
   0   9  19  
  17  12   4  
  14   4  15  
  16 -13   5  
   0  11  18  
  17   6  11  
   5   8  19  
  14  14   7  
 -10  15  11  
   0  -1  21  
   0  20   7  
   3 -21   0  
  -6 -19   7  
 -11  -2  18  
   3  13  16  
   5  17  11  
 -12 -17   3  
 -11 -13  12  
  -1  17  12  
  15   5  14  
  19   5   7  
 -10  -3  18  
  -3 -17  12  
 -14  14   7  
  12 -11  13  
 -11   1  18  
 -11  17   5  
 -13  11  12  
  10 -13  13  
  16  13   5  
 -19  -7   5  
 -16   3  13  
   1 -21   1  
  -4  20   4  
 -11  11  14  
  17 -12   3  
  10   7  17  
  -9  -1  19  
  -1  21   2  
 -16   8  11  
   8  19   4  
   2 -21   0  
  18   6   9  
 -17 -10   7  
   3  21   1  
  -3  -5  20  
  15   8  12  
 -20  -5   5  
  12 -17   1  
   9  -3  19  
  19  -9   2  
 -12  17   2  
 -20  -4   4  
  11  -2  18  
  -2  -9  19  
 -17  -4  12  
  -1 -11  18  
 -19   8   3  
   0  -7  20  
  12 -17   0  
  -4 -13  16  
  -2  17  12  
 -10  18   4  
  -4  17  12  
  17   1  12  
  20  -7   0  
   3 -21   1  
  15  -5  14  
   8  17   9  
  17 -10   7  
 -12  14  10  
 -19  -2   9  
  20  -6   2  
  -2 -11  18  
 -16  13   5  
   7  -1  20  
  17 -11   6  
  21   1   2  
   7  20   0  
  -9  12  15  
  17 -11   5  
  -5   3  20  
  -2  18  11  
 -14   4  15  
   7 -16  12  
   9  17   8  
 -10  11  15  
  -3 -18  10  
  13 -11  12  
  -1   3  21  
 -15   4  14  
 -18  -8   7  
  -1  11  18  
