  32  -6  56  
  58  29   4  
 -43  32  37  
 -62  17   9  
   4  48  44  
  24  40  45  
  59 -24  14  
  42 -13  48  
 -18 -21  59  
 -23 -60   9  
   1  65   1  
 -23 -15  59  
  38 -13  51  
 -52 -12  37  
  10   3  64  
 -45 -28  38  
 -50 -27  32  
 -49 -40  15  
  20  55  28  
 -34  -5  55  
 -41 -39  32  
 -62   6  18  
 -63  12   9  
  59 -27   6  
 -22  -6  61  
 -19 -20  59  
 -63  -5  15  
 -30  57   8  
  39 -15  50  
   7  29  58  
  64  -4  11  
  26  10  59  
  24 -32  51  
 -25 -12  59  
   0 -16  63  
 -18  37  50  
  41  20  46  
 -39  31  42  
  62  -3  20  
 -56 -33   3  
  15  62  13  
 -10 -61  20  
  33 -21  52  
  28 -10  58  
 -23 -32  52  
  -6  40  51  
 -13 -62  14  
  52  -3  39  
  13 -41  49  
   2  15  63  
  65  -1   3  
 -65  -2   1  
 -63  -7  15  
  24 -39  46  
  22  -7  61  
  20 -48  39  
 -28  56  18  
 -12  -1  64  
   4 -45  47  
  56 -23  23  
  43 -36  33  
  -7  -7  64  
 -43 -46  16  
 -52 -25  30  
   7  57  30  
  47  -2  45  
   5  64  11  
 -38  40  34  
 -16 -50  38  
 -47  12  43  
  64   2  11  
   0  59  27  
 -14  63   7  
  63   2  16  
  56  22  24  
  45 -43  18  
 -29   6  58  
 -58 -10  27  
  27 -58  10  
 -49 -27  33  
  25 -56  21  
  56 -13  30  
 -12   0  64  
  48 -22  38  
 -13  63   8  
  38 -53   1  
  42 -21  45  
 -54  15  33  
  48  40  18  
 -64   1  11  
 -33 -27  49  
 -12 -62  16  
  57  19  25  
 -58  27  12  
 -25  36  48  
  22 -53  31  
  -6  36  54  
 -44 -26  40  
  26  -6  59  
 -53   6  37  
 -15  29  56  
  41  15  48  
  44 -45  17  
  54  10  35  
 -12  41  49  
  43   7  48  
 -31 -18  54  
  58 -27  12  
 -21  43  44  
  47  19  41  
 -62 -13  15  
  23  31  52  
  -3   1  65  
 -39  17  49  
  28  13  57  
   6  36  54  
 -31  57   3  
  28 -53  25  
 -10  58  27  
  59  17  21  
 -26 -47  37  
  33 -42  37  
 -36 -52  15  
  12  54  34  
 -58  26  13  
  52 -25  30  
   5 -56  33  
  27  21  55  
  -7 -15  63  
 -24   6  60  
 -52  -7  38  
  49   7  42  
   1 -15  63  
  21  21  58  
   7 -48  43  
  59 -26   7  
 -21   8  61  
 -20  56  26  
  19 -54  31  
  14 -32  55  
  20 -15  60  
  59  23  14  
 -56 -23  24  
 -25  11  59  
  63  13   9  
  30 -22  53  
  28 -45  38  
 -55 -27  22  
  62  19   5  
  54 -28  23  
  17 -14  61  
  43  47  12  
  27 -55  21  
  44  37  30  
 -34  11  54  
  34 -38  40  
   5  63  15  
  13 -38  51  
 -39 -18  49  
 -17  43  46  
   8  26  59  
 -59  -8  26  
   8  -9  64  
  38  43  31  
  46  27  37  
 -41 -11  49  
 -12  11  63  
 -53 -29  24  
  43 -47  12  
   3 -56  33  
  30 -43  38  
  32 -50  27  
  43  48   7  
   0 -15  63  
  37  23  48  
   7  49  42  
 -29 -58   2  
   6  62  18  
  12  55  32  
  43 -40  28  
  -9  47  44  
  59   6  27  
  41 -15  48  
 -50  32  26  
 -32  34  45  
 -56 -19  27  
  38 -31  43  
   1  -3  65  
 -31 -49  29  
  45 -30  36  
  44   1  48  
  16  53  34  
  39   0  52  
  20  62   3  
  19  -3  62  
 -13  46  44  
 -59 -22  16  
  60  25   4  
  50  -5  41  
  17 -26  57  
   1  65   2  
  56  32   6  
  49 -31  29  
  18  41  47  
  60  23  11  
  29 -15  56  
 -17 -49  39  
  64 -10   1  
 -27 -37  46  
 -31 -34  46  
 -29 -43  39  
   8  24  60  
  54 -18  31  
  -1  63  16  
  12 -49  41  
 -60 -22  13  
 -61  19  11  
  37  47  25  
 -49  -1  43  
  34   6  55  
   2 -56  33  
  -6  59  26  
 -31 -43  38  
 -24  29  53  
 -45 -46   8  
 -55 -18  30  
  63   7  15  
  11  57  29  
 -51   0  40  
  31  -1  57  
  27  45  38  
  32  55  13  
  59  10  26  
  37 -53   7  
 -42  12  48  
  51  13  38  
  15 -61  16  
  63 -14   9  
 -41 -48  15  
 -12  34  54  
 -64  -9   7  
 -57  13  28  
 -16 -16  61  
 -21 -45  42  
 -31 -57   1  
 -31  44  36  
  33 -15  54  
  22  60  11  
 -50 -10  40  
 -63  -1  16  
 -46 -40  23  
  42   7  49  
 -51  13  38  
 -24 -60   5  
  -9 -42  49  
 -51 -38  13  
   3 -22  61  
  34  55   7  
   1 -64  12  
  14  36  52  
  10  35  54  
 -28 -45  38  
  38   8  52  
  -4  39  52  
  31  47  32  
  42 -39  31  
 -13  42  48  
  -1 -65   5  
  35  45  31  
  31 -56  12  
  41  50   7  
 -19  44  44  
 -21 -61   9  
  31  32  47  
 -31  -4  57  
   9 -58  28  
  24 -46  39  
 -51 -33  23  
 -18  14  61  
  61   2  22  
   4  63  15  
 -28 -13  57  
   2 -65   3  
 -22 -27  55  
 -28 -39  44  
 -14  62  13  
  10 -28  58  
  64  10   4  
  44  -8  47  
  45  43  19  
  60  20  15  
 -57  30  10  
  -4  10  64  
  -4 -19  62  
 -26 -55  23  
  16 -60  20  
 -15  -4  63  
  -9  49  42  
 -54  17  32  
  25 -18  57  
