 -73  39 100  
  55  88  78  
 -90  94   5  
 -89 -51  80  
  47  78  93  
 -92  78  48  
 -83 -16  99  
 -30 -91  88  
  98 -42  74  
  35  85  92  
  76 -99  36  
 -89 -69  65  
 -72 -95  52  
  99  69  49  
 -100  77  31  
 -61  66  94  
 -25 -96  84  
  78  87  57  
 -61  69  92  
 -57  98  64  
  83 -73  68  
 -89 -95   4  
 -59  85  79  
  77  60  86  
 -46  89  83  
 -90 -91  23  
 -100 -66  50  
 -25  85  95  
  94  75  50  
 -63 -58  98  
   6 -100  83  
 -90 -32  88  
 -57 -79  86  
  98  19  83  
  96  55  68  
 -90   5  94  
 -99 -84  10  
 -29 -91  88  
  39  73 100  
 -100  82  11  
  86 -42  88  
  91 -11  92  
  71  99  46  
 -84  48  87  
 -79  52  89  
  97 -62  60  
 -47 -95  75  
  96 -18  86  
 -93 -67  61  
 -90 -90  27  
  70 -82  73  
  92  74  54  
 -94  -3  90  
 -91 -88  29  
 -76 -70  79  
 -94 -88  16  
 -93 -45  79  
 -66  68  89  
  95 -77  44  
  41 -76  97  
 -51 -81  88  
 -70  45 100  
 -57 -85  80  
 -100 -73  40  
 -98 -74  43  
  69 -50  98  
   9 -99  84  
  77 -53  90  
  60  70  92  
  93   3  91  
 -70  91  61  
 -94  -2  90  
  91  29  88  
 -72  82  71  
  95  88   9  
  17  81 100  
  80  64  80  
 -59 -82  82  
 -50 -71  97  
 -99  63  56  
  89 -58  75  
 -86  72  66  
 -43  75  97  
  31  77 100  
 -95  -3  89  
  83 -29  96  
  84  84  53  
  94  69  57  
  49 -74  95  
 -64  92  66  
  96 -77  42  
 -95  53  71  
  93 -18  89  
  90  90  27  
  68 -89  66  
  66 -75  83  
 -54  66  98  
  23 -87  94  
 -69  75  81  
  33 -85  93  
 -69  69  86  
 -84 -93  34  
 -100 -72  41  
  59  66  95  
 -88  95  11  
 -90 -70  62  
 -99 -46  71  
  68  67  88  
 -40  73 100  
  85 -26  95  
 -18 -85  97  
  92 -14  91  
 -51  76  92  
  -8  83 100  
  94 -90   4  
  48 -94  76  
  86  39  89  
 -38 -100  74  
 -88 -18  94  
  73 -70  82  
  94  58  69  
  80  73  72  
  97 -83  24  
  66  65  91  
  84 -86  49  
  72  86  66  
 -99 -81  22  
 -60  84  79  
  33 -89  89  
  93  91   0  
  46  99  71  
  22  87  94  
 -58  99  61  
 -93  27  87  
 -49 100  67  
   7 -97  86  
  48  98  71  
 -79  90  50  
 -85  86  48  
  33 100  76  
 -71 -76  78  
 -100  81  18  
 -65 -83  76  
  79 -98  32  
 -75  84  65  
 -79 -99  30  
 -78  93  46  
  61  69  92  
  94  77  46  
 -57  91  73  
  68 -69  87  
  64  80  80  
 -98  60  61  
  83 -87  49  
  49  82  88  
 -30  97  81  
  89 -80  51  
  16  86  96  
 -84  69  71  
 -85 -67  72  
  52  72  95  
  84 -98  17  
 -77  42  96  
  97 -85  17  
  44 -86  87  
   1  83 100  
  13  89  94  
 -56 -83  83  
 -87 -95  19  
 -85  90  40  
 -30  87  92  
 -46  99  71  
  94 -48  76  
  76  99  37  
  93  72  55  
  41  98  75  
 -94 -14  89  
 -83  83  56  
 -80  83  60  
  64  88  71  
 -55  64  99  
 -95  42  78  
 -100 -62  55  
  90  74  58  
  86  12  97  
 -82  65  77  
 -81 -81  61  
  87 -96  12  
 -62 -73  88  
 -85  73  66  
 -76 -65  83  
 -96 -82  30  
  45 -82  90  
  79  49  91  
 -100 -83   5  
 -29  87  92  
 -83  92  39  
 -45  93  79  
  37 -88  88  
  79 -79  66  
  77 -87  58  
 -98 -79  32  
  12 -93  90  
  86  21  95  
 -74 -100  37  
  90 -55  76  
 -61  70  91  
 -80 -39  95  
 100  39  73  
  79  41  95  
 -56  69  95  
  95  19  87  
  68 -81  76  
 -97 -84  21  
  95 -43  78  
 -70 -62  90  
 -82  97  28  
 -33  87  91  
  92  12  91  
  45 -73  98  
 -100  83   2  
  54 -70  95  
 -13  89  94  
  77 -82  65  
  -2 -84  99  
  95  42  78  
 -87  25  93  
 -100 -82  12  
  98   3  85  
  92  79  47  
  98 -76  39  
  99  80  27  
 -82 -78  64  
 -34  99  77  
  85 -80  57  
  79 -86  57  
  87  85  46  
 -45  92  80  
 -98 -81  27  
 -41  74  99  
 100 -81  20  
  86  94  25  
  92   3  92  
 -89 -18  93  
  81  43  92  
  92  71  58  
  23  95  86  
  76 -58  88  
 -95  63  63  
 -32 -99  78  
 -41 -99  74  
  84   1  99  
 -98  54  66  
  87  11  96  
 -71 -57  93  
  89   9  94  
 -69  97  52  
 -90 -51  79  
  87  92  29  
  92 -74  54  
 -94  32  84  
 -87 -27  93  
 -51 -84  85  
 -70 -92  60  
 -35 -89  88  
  76 -55  90  
  -3  83 100  
 -31  95  83  
  31  95  83  
 -41 -92  82  
  -9  85  98  
  68 -66  89  
 -100 -80  23  
 -99 -27  80  
  81 -60  82  
 -81  54  86  
 -92  81  43  
 -46 -75  96  
 -95  -4  89  
  80 -34  97  
 -84 -95  28  
  83  77  64  
 -73 -52  94  
  96 -83  28  
 -93 -58  70  
  99 -47  70  
 -39  81  94  
  92 -62  68  
 -100  17  81  
  60 -93  68  
  90 -82  45  
  86 -82  53  
 -86   8  97  
 -39 -73 100  
  71  88  64  
  77  99  35  
 -81 -99  24  
  79  51  90  
 -42  91  83  
  27  94  86  
