  93 -81  30  
  50 -93  71  
 -44 -73  94  
 -74  66  79  
  90  86  25  
  78 -10 100  
 -45  85  83  
 -43 -82  87  
 -92  55  68  
  99  61  51  
 -33 100  71  
  89 -90  10  
 -55  91  69  
  94  78  35  
  73  46  93  
  88 -91  11  
 -85 -50  80  
 -22  97  79  
  77  59  82  
 -59 -88  70  
 -29  74  99  
  27 -76  98  
  88  91   8  
 -89 -37  83  
 -80  89  42  
  65  70  84  
  25  97  78  
  57 -56  99  
  80  83  53  
  79  89  44  
  51 -95  67  
  52  66  95  
 -100 -65  43  
 -55 -88  73  
 -81  17  96  
  45 -83  85  
  80  94  30  
  91  52  72  
  23  80  96  
 -59  60  95  
 -98 -71  39  
 100 -40  67  
 -63  62  91  
  46 -68  97  
 -86  63  69  
  45  83  85  
 -97  82   3  
  56  56  99  
  47  87  80  
  67 -81  71  
  52  83  81  
 -11 -94  85  
 -58  63  94  
  48 -98  65  
 -92 -27  83  
 -81  98   3  
  79 -51  85  
  51 -67  95  
  30  72 100  
  87  12  92  
 -100 -78   7  
  79  37  92  
  94  25  82  
  81  55  81  
 -95  -1  84  
  74  79  66  
 -92  74  47  
  84  91  27  
 100  29  73  
  -1  78 100  
  61 -93  61  
  97 -82   7  
 -89 -86  29  
  87  76  53  
 -89 -39  82  
 -95 -82  19  
  69  92  54  
 -17 -88  90  
  47 -94  71  
 -56 -74  87  
 -73 -32  99  
 -82 -39  89  
  84  32  90  
 -83 -88  39  
  84   6  95  
  89  37  83  
  69 -93  52  
 -36  96  75  
  95 -70  47  
 -90  40  80  
  99 -44  66  
  69  49  95  
 -62  99  50  
  96  15  82  
 100  55  56  
 -64 -68  86  
  86  26  90  
 100  76  19  
 -99  67  43  
 -88 -50  77  
 -88 -22  89  
  87  20  90  
  88  57  72  
 -53 -77  86  
 -75 -85  57  
 -88  91  11  
 -97  11  81  
  43 -85  84  
  50 -91  73  
 -99  49  63  
  70  98  40  
  81  10  97  
  94  68  52  
 -96  -5  83  
  69 -85  64  
  77 -80  62  
 -81 -56  80  
  75  86  56  
  94 -85   7  
  86  80  48  
 -92 -66  58  
   0 -95  84  
  95  -7  84  
 -84 -67  68  
  60 -70  87  
 -66 -97  48  
  43  85  84  
 -56  99  56  
 -89  10  90  
  92  86  15  
  58 -93  64  
  96  53  64  
 -76  88  51  
 -49 -71  93  
  26  79  96  
  46 -71  95  
 -69  94  50  
  94  65  55  
 -95 -24  81  
  90  89   9  
  96 -42  72  
  79  80  59  
  90 -81  39  
   5  81  98  
 -69 -91  56  
  91 -38  80  
 -78  51  86  
  87 -88  28  
 -72  31 100  
  55 -99  58  
 -77  72  71  
 -48 -73  92  
  27  84  91  
  71 -59  87  
 -75 -75  70  
  56  92  67  
 -79  86  50  
  96  24  80  
  98  74  33  
  92  69  54  
  34 -83  90  
 -96  72  41  
 -60 -92  64  
 -86  26  90  
  93  43  75  
  41 -84  86  
 -77 -64  78  
 -23  95  81  
 -93 -32  80  
 -100 -78   8  
  87  63  68  
 -99  52  60  
 -74 -51  90  
 -44 -81  87  
  90 -36  82  
  92  66  58  
 -95  67  51  
 -99 -77  21  
 -82  86  45  
  -7  78 100  
 -59 100  51  
 -92 -75  45  
 -65  81  73  
  82  33  91  
  57 -76  84  
 -75  61  82  
 -14  97  81  
  82  -3  97  
  85  -7  94  
 -94  39  76  
 -86  61  71  
  83 -83  48  
  87 -10  92  
 -46  80  87  
 -78  70  72  
  88 -62  67  
 -86  39  85  
 -98  68  43  
  75  79  65  
  58 -63  94  
 -57  69  90  
  56 -84  77  
  88 -58  71  
 -66  53  95  
  30  93  81  
  56 -76  85  
  66 -58  92  
 -70 -99  38  
  88 -90  17  
 -81  92  33  
 -97   4  82  
  99  15  78  
 -84 -91  29  
  76 -86  54  
 -95  84   8  
  70 -56  90  
  53  93  68  
 -73 -71  76  
  87  43  82  
  75 -35  96  
  75 -100  21  
  94 -83  21  
  63  99  48  
 100  76  18  
  61 -94  60  
 -89  34  84  
 -88  63  66  
  56 -64  94  
 -43  87  82  
 -46 -94  72  
 -95 -65  54  
  64 -67  87  
  93 -40  77  
  77  73  70  
 -81 -73  65  
  21 -100  75  
 -70  45  96  
 -71  89  56  
 -32 -84  90  
  76 -79  64  
 -58  87  72  
  94 -26  81  
  93  69  52  
 -96  28  78  
  93  66  56  
 -62  86  70  
  32  98  74  
  12 100  77  
  77 -74  69  
 -25 -93  83  
 -45  89  79  
  83   8  96  
  52 -88  75  
  93  10  86  
 -64  76  79  
 -73 -42  95  
  28  91  84  
  93  73  47  
  34 -89  84  
 -70  63  85  
  62 -67  88  
 -10  85  94  
 -49  63  99  
  92 -74  47  
  -8 -79  99  
  89 -64  64  
  67  99  43  
  74 -66  79  
 -37  92  79  
 -69  91  55  
  35  71  99  
 -78 -60  80  
 -88 -89  22  
 -79  36  93  
  79  55  83  
  65  59  92  
 -63 -94  58  
  68 -44  98  
 -84 -89  34  
  28  76  98  
 -77 -58  83  
 -90  24  86  
  81  44  87  
  81 -91  36  
  63 -73  83  
  14 -78  99  
 -86 -31  88  
  75 -70  75  
 -87 -15  91  
 -84 -95   4  
  81  24  95  
 -95  75  38  
 -66  51  96  
 -86  17  92  
 -81  86  47  
  39 -92  78  
  76 100  18  
 -90 -84  31  
  91  65  60  
 -66 -80  73  
