   2   7  40  
 -30  27   5  
  34 -21   5  
  -9  32  23  
  22 -16  30  
 -28   1  29  
   1  29  28  
   1 -10  39  
  -6 -38  12  
 -21  17  30  
  -1 -18  36  
   4 -10  39  
  29 -20  20  
 -11 -25  30  
  16  30  22  
 -33  21  11  
 -13 -36  13  
  29  13  25  
 -39  -3  11  
   2  27  30  
  -3 -38  14  
 -29   5  28  
  -6 -10  39  
  27 -29   8  
 -29   8  27  
 -18 -33  15  
   7   9  39  
  12 -20  33  
  33   7  22  
 -12 -16  35  
  15 -27  26  
  25  31   8  
 -38   4  14  
   6  13  38  
  -3 -16  37  
 -19 -35   6  
  -3  -6  40  
  18  36   4  
   4 -30  27  
  11  -8  38  
 -33  -7  22  
 -40  -3   4  
 -39 -11   1  
  -1  16  37  
 -22 -32  11  
  36  18   4  
  39   0  10  
 -15 -31  21  
  22  -1  34  
   5 -40   1  
   5  40   3  
 -10 -24  31  
 -29 -15  24  
  36   1  18  
  13 -23  31  
   7  35  19  
 -20 -32  15  
 -34 -20   9  
 -35  20   1  
  -9 -36  16  
  18 -34  12  
  10  39   5  
  -1  40   5  
  16  37   2  
   8  38  12  
  11 -19  34  
  10  39   6  
 -15 -35  14  
  17  36   8  
 -40   5   3  
 -24  15  29  
 -10  39   4  
  36  -9  16  
 -10 -18  35  
  38  -2  14  
   1  30  27  
  11  30  25  
  13  16  35  
  13  11  37  
 -13 -27  27  
 -10 -39   3  
   8  26  30  
  21 -33  10  
   6  19  35  
 -26  -9  30  
  10  13  37  
 -28  26  13  
 -34 -13  18  
  20  13  33  
  -6 -23  33  
  17   0  37  
 -15 -26  27  
  -6  40   3  
   6 -12  38  
  -2 -40   7  
 -31  -7  25  
   3  29  28  
   5 -35  20  
  20  25  25  
 -30 -23  14  
 -31   4  26  
  -3   6  40  
  40   1   5  
   2 -22  34  
 -17  23  29  
  19   7  35  
  30  16  22  
  24  -5  32  
   5 -40   5  
  -1 -35  20  
 -23  32   9  
  32  20  15  
 -28 -25  15  
 -16 -12  35  
 -39  -6   9  
  40  -6   2  
  10 -25  30  
  -4 -40   4  
 -24   5  32  
  18 -27  24  
 -26   7  30  
 -20 -33  13  
  10 -39   4  
 -38   8  11  
  -3  14  38  
  -2  18  36  
  -3  10  39  
  35  10  18  
   8 -39   7  
  14  38   0  
 -11   2  39  
 -30  18  20  
 -25 -24  21  
 -27  11  28  
  28  -3  29  
 -24 -25  21  
  28  13  26  
   7  38  12  
  -5  39   9  
 -10 -23  32  
 -10  15  36  
 -40   3   6  
  28  -2  29  
 -29  27   8  
   8 -15  37  
 -38   5  13  
  36  18   5  
  37 -11  12  
   1 -31  26  
 -19 -29  21  
  24  15  29  
 -12  32  22  
   1 -27  30  
   7 -26  30  
 -30  -4  27  
  40  -4   3  
 -23  33   4  
 -22 -29  18  
 -36  -7  17  
  -1 -22  34  
 -39   9   7  
  39 -10   6  
 -24  30  13  
   7  40   3  
  -4 -39  11  
  21  34   5  
  30  -8  26  
  29 -18  22  
  30 -13  24  
   2 -20  35  
   6  -2  40  
 -34  18  13  
  -2 -39  11  
  -7 -38  12  
   1  20  35  
  -4  -3  40  
  16  33  17  
 -19 -21  29  
   0 -25  32  
  16 -13  35  
  25  21  24  
   3  -4  40  
  17 -12  35  
 -32   1  25  
 -23  23  24  
   6  -8  39  
  20 -32  15  
  -6   2  40  
 -35 -20   5  
 -17  36   6  
   0  11  39  
 -14  17  34  
  -1 -38  14  
 -11  13  37  
 -20  27  23  
  12  17  35  
 -10 -38  10  
   4 -29  28  
   7  40   0  
 -10 -34  20  
 -35  17  11  
 -24  -7  32  
  -3 -37  16  
   9  -5  39  
 -25  29  13  
  -2 -18  36  
  26   9  30  
   9 -22  33  
  30  27   5  
   6 -37  15  
  14 -26  28  
  30  23  14  
   2  38  14  
 -13  30  24  
 -10  39   1  
  -4 -29  28  
  38 -13   3  
  -5   5  40  
 -18  36   5  
   1 -40   7  
 -16 -19  32  
  21 -34   5  
  26  30   8  
  -6 -39   8  
 -25 -26  18  
 -35  18   9  
  16 -36   9  
 -18 -20  30  
  -7 -35  19  
 -12 -17  35  
 -15  32  20  
  26  31   4  
   3  27  30  
 -10  36  16  
  38  12   8  
   4 -27  30  
  26  30   7  
  40  -1   6  
 -24  -5  32  
  20  33  13  
 -33 -14  19  
  11 -21  33  
  24  13  30  
  -5  -9  39  
  39  -1  10  
 -16  19  32  
  35  12  17  
 -21  30  17  
  30  27   2  
  -2 -26  31  
  13  38   6  
 -23 -33   6  
 -20   5  35  
 -14 -27  27  
  23 -33   4  
 -35   5  20  
  18  17  32  
 -20  25  25  
  35  14  15  
 -21 -27  22  
  36 -19   0  
   7  -2  40  
 -35  18  10  
  23  31  12  
  36 -18   3  
  33 -17  16  
 -29 -28   1  
 -18 -26  25  
  17 -18  32  
  15  36  11  
  12  36  14  
 -11  38   8  
   8  -6  39  
 -22  30  16  
  -6  17  36  
 -35 -20   4  
  24  25  21  
  12  35  16  
 -11  34  19  
  37 -14   9  
 -27 -20  23  
 -31   8  25  
 -27   8  29  
 -15 -10  36  
 -25 -28  15  
 -23  21  26  
  23 -14  30  
  28   9  28  
 -18  24  27  
  18  19  31  
  12  20  33  
 -24  22  24  
  -4 -22  34  
 -12  38   6  
   5  40   0  
  39  -2  10  
  -5   9  39  
  37 -14   8  
 -15  -8  37  
 -39  -2  11  
