  34 -97  90  
 -79 -72  85  
   5  95  98  
 -94 -39  91  
  62 -94  77  
 -98 -69  65  
  89 -44  94  
  79 -74  83  
 -19  99  92  
 -95 -62  76  
 -73  96  64  
 -89  92  48  
 -93 -72  69  
  55 -95  81  
 -87  56  89  
 -92  65  77  
 -87 -99  35  
  89 -60  84  
 -96  71  66  
  58 -90  85  
 -49  81  98  
 -94  13  98  
 -98  93  18  
 -87  73  76  
 -71  68  95  
 -98 -94  14  
 -90  28  99  
  77  82  77  
  36 -98  88  
  98 -71  63  
 -94 -97  18  
  82  44 100  
  74  86  76  
  50 -95  84  
 -96  86  45  
 -83  97  49  
 -81  84  71  
  84 -62  88  
 -95 -85  49  
 -52 100  77  
  90 -81  63  
  81  78  77  
 -79 -74  83  
 -90  98  31  
 -90 -85  58  
 -39  90  95  
   7 100  93  
  82 -57  93  
  52 -100  77  
  98   4  95  
 -97  -5  96  
  76 -75  85  
 -15 -95  97  
  55 -88  89  
 -53  88  90  
 -73 -83  80  
 -62  91  81  
  96 -94  25  
 -89  73  73  
  88 -47  93  
  95  55  81  
 -94  54  83  
 -100  87  33  
  62 -93  78  
 -46  82  99  
  94 -33  93  
  11 -92 100  
 -87 -87  59  
 -82 -93  57  
 -52 -93  85  
 -90  93  43  
  98  19  93  
  90  93  43  
  45  94  88  
 -72 -62  98  
  49  83  97  
  99 -91  24  
  91  59  83  
  89  63  82  
 -98  95   4  
  28 -99  90  
 -85  93  52  
  85 -84  66  
 -92  96  30  
  30  94  94  
  39  87  98  
 -95 -37  91  
  83 -60  90  
 -89 -92  47  
 -77 -64  93  
  94  99   7  
  86  88  59  
  83  92  57  
  82 -65  88  
  53  85  93  
 -77 -91  67  
  91 -49  89  
 -88  89  55  
  92 -46  90  
 -76 -91  68  
  94  27  95  
 -84  61  89  
 -81  59  93  
  93  99  13  
  38  87  98  
  81  73  82  
  80 -84  72  
 -77  64  93  
  79 -73  84  
  19  93  98  
 -65  71  97  
  50 -98  81  
  91 -93  41  
  74 -85  77  
 -63 -74  96  
 -84  59  90  
 -60 -81  92  
 -99 -94   5  
 -93  14  99  
  76 -55  99  
 -100  74  56  
  93  39  92  
 -92  80  61  
 -100 -74  56  
 -83 -46  98  
  93   1 100  
 -48 -90  91  
 -39 -93  92  
 -53 -91  87  
  62  72  98  
 -59  89  85  
  80  64  90  
 -28 -91  98  
 100  71  60  
 -82  78  76  
 -97 -65  71  
 -15 -99  93  
 -23  97  93  
  95  97  14  
 -93 -100   3  
  44 -100  82  
  90  39  95  
 -93  86  51  
 -90 -97  33  
  82 -97  50  
 -49 100  79  
 -79  94  60  
 -97  88  38  
  89  51  90  
  56 -94  82  
 -78  84  74  
  78  99  53  
  58  81  93  
 -49  99  80  
 -99  -4  94  
  66 -80  89  
  33  96  91  
 -92  99  19  
  92 -94  37  
 -96  96  12  
 -93 100   5  
 -74 -96  63  
  66  85  84  
  -3 -97  96  
 -84  91  57  
 -81  93  59  
  86 -51  93  
  77  78  81  
  58 -80  94  
 -93 -99  13  
  57 -94  81  
  67  83  85  
  66  86  83  
  77 -85  74  
  87 -63  84  
 -100 -60  71  
  98 -69  65  
  77  70  88  
 -94  12  98  
  44 -91  92  
  43  88  95  
   5 -99  94  
 -96 -90  36  
  77 -80  79  
 -90  72  73  
  90  49  90  
  88  54  89  
  80 -47 100  
  82 -92  59  
  89 -88  54  
  94  94  32  
  41 -87  97  
 -31  89  99  
  46 -81 100  
 -75 -84  77  
 -15 -94  98  
 -38 -88  97  
  94 -30  94  
 -90 -31  98  
 -57  85  90  
 -67 -79  89  
 -95  -1  98  
  73 -88  75  
 -72 -86  78  
 -98  66  68  
  71  92  72  
  81 -51  97  
  57  91  84  
  74  61  97  
  90 100  22  
  73  59  99  
  25  92  98  
 -71  96  66  
  37  90  96  
  69 -62 100  
  94  39  91  
 -57  86  89  
 -97  83  49  
 -99 -90  27  
 -92  13 100  
  96 -76  60  
  73  58 100  
 -72 -59 100  
  46 100  81  
 -75 -75  86  
  82 100  44  
 -69  87  79  
 -57  91  84  
 -79 -51  99  
  15  99  93  
 100 -62  69  
 -97 -25  93  
  68 100  63  
  95 -59  78  
 -82  91  60  
 -25 -94  96  
  90  51  89  
  91  97  30  
 -95 -84  51  
  91  94  39  
  44 -90  93  
 -84  71  81  
 -98  50  81  
  56 -89  87  
  90 -33  97  
 -93 -65  76  
  98  93  20  
  93  76  65  
 -49  89  91  
 -89 -71  75  
 -63 -99  70  
  59 -96  77  
 -92  31  96  
 -90  30  98  
  62 -84  88  
 -90 -59  84  
 -96 -65  72  
 -74  64  95  
  95   7  98  
  88 -88  56  
  95 -93  32  
 -69 -90  76  
  30 -94  94  
  95  32  93  
  93 -81  59  
 -89  26 100  
  76  53 100  
 -87  98  38  
 -97 -89  37  
  98  45  84  
  73 -100  58  
  97  92  28  
  79 100  49  
 -48  98  82  
 -30 -93  95  
 -83 -97  49  
  74 -71  90  
 -86 -87  60  
  72 -69  93  
  51  79  99  
  92  56  84  
 -68  63 100  
  90  99  26  
  74 -77  85  
 -53  98  79  
 -75 -97  60  
  98 -80  51  
  81 -45 100  
  54 -97  79  
  90  67  78  
 -61  84  89  
 -95 -38  90  
 -35  88  98  
 -91  97  31  
  87 -99  36  
  52  93  85  
  92  47  89  
  63 -100  68  
  34  89  98  
  30 -93  95  
