  24  26  22  
  33   8  24  
 -25  -9  32  
   8 -21  35  
  13 -37  14  
   3  40  11  
  25 -11  31  
 -19  23  29  
  28  12  28  
  36 -20   4  
   7 -39  13  
 -31 -27   6  
  19 -23  29  
 -26  29  14  
   4 -35  22  
  38  -3  16  
  -8  34  22  
 -25  26  21  
 -20   3  36  
 -25 -12  31  
  14 -36  15  
  13  22  33  
  16  10  37  
  20 -28  23  
 -31  24  14  
  16   9  37  
  26 -31   9  
 -25 -29  16  
  14  -4  39  
  22 -35   0  
  41   1   7  
   2  35  22  
 -14 -36  15  
  26  14  29  
 -27  31   5  
 -18 -28  25  
 -40   1  11  
  -7  41   3  
 -12  21  34  
   0  -6  41  
 -24 -34   1  
  27  12  29  
 -28  10  29  
 -19  37   2  
  16 -35  15  
  19 -16  33  
  14  38  10  
 -21  14  33  
  36  17  12  
  10 -39  11  
  34   1  24  
  35 -17  15  
  32  -4  26  
  -3 -38  16  
  32  25   9  
 -29 -17  24  
  15  38   6  
  28  -7  30  
 -23  15  31  
   3 -39  14  
  -4 -39  13  
  34   0  24  
  34 -13  20  
 -22  14  32  
 -12  25  31  
   5  -2  41  
  15  -6  38  
  37  -9  17  
 -30 -27  10  
 -30  -7  28  
 -11  32  24  
 -11  36  17  
 -10  -4  40  
 -38  -1  17  
  23  29  19  
 -39  10  11  
  19   9  36  
   4 -11  40  
  12  39   7  
  29 -17  24  
 -19  37   1  
 -30  18  22  
  27  29  13  
 -16 -38   5  
 -27   6  31  
  32 -11  24  
  19 -36   7  
 -14 -17  35  
 -33  18  17  
  34  23   6  
  20  23  28  
 -27  -7  31  
 -15  26  29  
  11   2  40  
  37 -13  13  
 -30   0  29  
  41   6   1  
  18  31  21  
  20  34  13  
  -9  25  32  
  29 -27  12  
  13 -11  38  
  11  -3  40  
 -41  -3   4  
   7 -21  35  
   6  -3  41  
  35  19  12  
 -40 -11   2  
  29 -30   0  
  40  10   5  
   5   1  41  
 -32 -13  23  
   7  40   8  
  36  18  11  
  15  12  37  
   3   4  41  
 -12 -33  22  
 -23 -25  24  
 -12 -21  34  
   6  -1  41  
  40   1  11  
 -41   5   2  
 -41  -3   5  
  13  10  38  
  19 -30  21  
  -2 -41   5  
  19  23  29  
 -22 -35   1  
 -22 -20  29  
 -36 -11  18  
  13 -31  24  
 -21 -19  30  
 -40  11   2  
   5  30  28  
  12  25  31  
  26 -12  30  
  39  14   2  
   5 -37  18  
 -17  -1  38  
  14 -28  27  
  39 -11   8  
   6  18  37  
 -24  34   3  
  14  -9  38  
   5  22  35  
 -15 -14  36  
 -15  38   6  
  13  34  20  
 -20  -3  36  
 -16  10  37  
  11 -34  21  
  -1  39  14  
  19 -24  28  
 -20  -4  36  
  20  -6  36  
 -10   3  40  
 -31  26   9  
   7   2  41  
  36   9  19  
  25  24  23  
 -10   5  40  
 -11 -24  32  
  29  -9  28  
  36 -20   3  
  -7 -41   1  
 -39  13   5  
  12 -21  34  
  12   8  39  
 -24 -26  22  
 -25  33   2  
  21  -6  35  
 -15  34  19  
 -37   9  16  
 -33 -17  19  
 -29 -29   6  
   4 -25  33  
 -15 -38   6  
   8  14  38  
  27 -19  25  
   7 -13  39  
  39  -8  11  
  11  10  39  
 -28 -29  10  
 -35 -19  12  
 -22  29  20  
  34   5  23  
 -37 -12  14  
   5  32  26  
  31  17  22  
  17 -34  17  
  37  16  10  
   9  14  38  
  15 -19  34  
   5 -39  13  
 -34 -12  21  
  26  -9  31  
  24  13  31  
  24 -22  26  
   6 -29  29  
   9 -40   7  
 -12  26  30  
  24  -3  34  
  -1 -41   7  
  41   5   5  
  34 -20  13  
  -3 -37  18  
   7  -8  40  
 -35  19  11  
  -5 -20  36  
 -19 -30  21  
   4  11  40  
 -37 -16   9  
 -17  32  20  
 -18 -36  11  
 -23 -26  23  
   7  13  39  
 -29 -16  25  
 -10  38  14  
 -33  17  18  
 -18  -5  37  
  -8  -7  40  
 -26  25  21  
  33 -25   5  
   9  30  27  
  37  11  15  
  10  27  30  
 -22 -15  32  
 -36  -2  21  
  35   7  21  
 -19  15  34  
 -34  23   7  
 -26  15  29  
 -38   8  15  
  22  20  29  
  24 -30  16  
 -37 -13  13  
  -3 -17  38  
  25   4  33  
   3  -6  41  
  36 -21   1  
 -38 -14   9  
  26   5  32  
  37 -12  14  
   7  30  28  
  33 -25   0  
  28 -21  22  
  38  16   2  
  17  38   1  
 -18 -30  22  
 -34 -10  22  
 -10 -18  36  
  -6  27  31  
 -40   3  10  
  33  -1  25  
   7  41   2  
 -24 -29  18  
   4 -39  14  
  14  39   0  
  -6 -41   5  
   9 -10  39  
   2  40  10  
  40 -11   3  
   6 -30  28  
 -25   1  33  
  20 -32  17  
  11 -40   4  
 -17 -37   8  
  34 -22   8  
   0  22  35  
  31 -27   6  
  13 -37  13  
 -22 -13  33  
   7 -38  15  
 -41  -6   5  
  27  19  25  
  14  -3  39  
 -25  29  16  
  11  40   1  
  21 -28  22  
  -4  41   4  
  32   6  26  
   3  35  22  
   5  -4  41  
  22  30  18  
 -41   1   5  
  -4 -16  38  
   6   1  41  
 -35 -22   5  
 -26 -29  15  
  32  26   3  
 -37  19   3  
 -12 -15  37  
 -22  34   8  
   9  27  30  
 -29  -6  29  
  23  -5  34  
   5 -35  22  
  34 -15  18  
  16  -5  38  
  -3  -5  41  
