   9  17  40  
 -21 -15  36  
 -22  -6  38  
 -33  10  28  
 -17 -22  35  
 -44   6   2  
  -7  16  41  
  -6  27  35  
  40   0  20  
   4 -23  38  
  31 -11  30  
  24 -35  13  
  12  42   9  
  -9  27  34  
  10  40  17  
 -26 -15  33  
 -26 -10  35  
  28  22  27  
  -1  43  12  
 -20 -36  17  
  18 -25  32  
 -27  -6  35  
 -31  25  20  
 -18  22  34  
   2  33  30  
  35  26  10  
 -35  -8  26  
 -24 -18  33  
 -29 -16  30  
 -43  -8   8  
 -44  -1   5  
 -31  19  26  
 -37  17  18  
 -40  15  12  
  13 -38  19  
   1  14  42  
   6 -18  40  
 -18  14  38  
 -21  36  15  
 -26 -14  33  
 -28  -6  34  
  27  26  24  
   0 -11  43  
  44   6   3  
  21  39   6  
  23  35  15  
   3 -39  21  
 -15 -38  18  
 -29 -30  16  
 -34  29   2  
  30 -29  16  
  37 -19  16  
 -14 -38  18  
 -18  39  11  
 -32 -28  13  
  14 -20  37  
 -16  -6  41  
  36  12  23  
  24 -37   6  
  -6  44   1  
  43  11   4  
 -30 -21  25  
 -19  38  14  
  27  19  30  
   2   5  44  
  43  -8   7  
  -8  20  39  
  -2  -6  44  
   6  42  14  
   8 -25  36  
 -39   8  20  
  -6  44   5  
  35  13  24  
 -14  38  18  
  27 -26  24  
  22  32  22  
 -33   2  30  
  27 -34   9  
 -22  35  17  
 -29  -7  33  
 -22 -18  34  
  28 -32  13  
  23  25  29  
  -2  15  42  
  29  32  10  
 -14  34  25  
 -31 -21  24  
  41  -8  15  
 -10 -39  19  
 -32 -11  29  
   1  36  26  
  29   0  34  
  24 -29  24  
  25  36   8  
 -34  28   6  
  26 -36   4  
 -13  30  30  
 -14 -14  40  
 -20   1  40  
  34  -1  29  
   5   5  44  
  35 -22  17  
 -31  27  17  
  17  29  29  
   4  23  38  
   6 -35  27  
  16 -41   5  
  32 -31   4  
  33   1  30  
  44   1   7  
 -27 -13  33  
 -20  34  21  
  11   2  43  
 -24   4  37  
 -34 -14  25  
  21 -38  10  
  36   3  26  
 -33  29   7  
  -9 -43   8  
  -2 -40  19  
  -9  17  40  
   4  -4  44  
  31 -13  29  
 -18 -40   7  
   7   2  44  
  21 -20  34  
  43  12   1  
  26 -17  32  
   0  43  12  
  -2 -32  31  
 -29  33   6  
  -3  40  19  
  19 -40   1  
  28 -16  31  
   8  33  29  
  35 -17  22  
 -41 -12  12  
  42  14   1  
 -23  -5  38  
 -30  33   2  
 -38  14  18  
  11 -41  13  
  -4 -23  38  
   1 -42  15  
  40 -19   6  
  23 -10  37  
  37 -22  12  
 -14 -33  26  
 -22  38   8  
 -39 -14  16  
  25  32  18  
  21  39   4  
   1 -26  36  
 -26  10  35  
   2  11  43  
   3 -43  11  
  -2 -34  29  
  -6 -29  33  
 -29 -20  27  
  32   4  31  
 -12  -2  43  
  31 -20  25  
 -19 -40   5  
  23 -19  33  
 -25 -36   9  
   5   3  44  
 -28   7  34  
 -17 -37  18  
  20  29  27  
 -23 -12  36  
  27 -19  30  
  25  36   9  
  20 -37  14  
 -23  33  19  
  32  30   7  
 -37  24   7  
 -12  43   2  
  38  22   7  
  -2 -39  21  
  21 -13  37  
   0  15  42  
 -34 -19  22  
 -44  -5   4  
  20 -38  11  
  44  -4   6  
 -20   8  39  
  -3  11  43  
 -34  28   7  
  -3 -31  32  
  31  21  24  
 -39  11  18  
  -8 -37  23  
  24   4  37  
 -39 -18  11  
  39   0  21  
 -28  30  17  
 -28  -7  34  
  33  20  22  
  -9  23  37  
  -1  29  34  
   1  -7  44  
 -44   8   1  
  41 -17   0  
  21   3  39  
  31 -29  13  
 -25  14  34  
 -42  12   9  
   5  26  36  
  -5   0  44  
 -11  10  42  
 -22 -16  35  
  43  -6  10  
 -19 -22  34  
  32  -2  31  
 -13 -26  34  
  15  20  37  
  39 -21   5  
 -44   6   3  
  30  -7  32  
  -4 -37  24  
   3  27  35  
  14 -22  36  
  28  31  16  
 -33  -3  30  
 -35 -27   4  
  17 -28  30  
  26  15  33  
  39 -14  16  
  19 -16  37  
 -26  26  25  
  -3  43  12  
  -7  -3  44  
  15 -32  27  
 -36  26   2  
  -1  44   6  
  29  31  14  
  -6  -3  44  
  -5  41  17  
 -30  16  29  
  29  25  23  
 -22  30  24  
  21 -37  13  
  38  -3  23  
 -32   2  31  
 -28 -29  19  
  41  17   5  
  37  -1  25  
 -24 -35  14  
  36 -26   5  
  20 -28  28  
 -38  22   6  
  25 -37   1  
  13 -27  33  
 -41 -14  11  
 -32  31   1  
 -35  -3  27  
 -36  14  22  
   4  43  10  
  13  11  41  
 -28  33  11  
  44  -7   1  
  -3  32  31  
 -14  -6  42  
 -12  41  12  
 -42   1  15  
  -9  15  41  
 -11 -41  13  
  22  16  35  
 -10 -33  28  
  -5  -2  44  
 -20  38  11  
 -27 -23  27  
 -16 -29  30  
  30 -32   6  
   0  44   5  
 -19  -6  40  
  20  -8  39  
  31 -28  16  
   5 -40  19  
 -17 -41   5  
 -21   6  39  
  35  22  17  
  18 -12  39  
 -23 -28  26  
  19  26  31  
  20  -9  39  
 -17  41   4  
  42 -11   9  
 -41  16   8  
  -5  16  41  
   2  17  41  
  23  31  22  
  25  -2  37  
 -21  39   1  
  44   6   0  
  39  -4  21  
  44   6   1  
  34 -10  27  
  26 -19  31  
 -41 -17   1  
