  32 -21  50  
  29  37  42  
 -11 -31  54  
 -21 -25  54  
 -17  60   7  
 -58  25   3  
  54  -5  32  
   7  28  56  
 -46 -41  14  
 -34 -30  44  
 -46  -8  42  
  46  43   3  
 -37 -42  29  
 -49  39   5  
 -35 -49  18  
  31 -44  33  
 -18  59  13  
  44 -45   5  
  11 -27  56  
  49  -8  39  
  29  36  43  
   6  61  15  
 -45 -38  23  
 -53  27  21  
  62   4   9  
  -4 -27  57  
 -19  11  59  
  32  -7  54  
  -5 -49  39  
  18 -34  50  
 -36  37  36  
 -22 -56  19  
  61   2  15  
  40  24  42  
  58  23   7  
   0  58  24  
 -18   7  60  
   4  59  21  
  10 -50  37  
   1   5  63  
  39 -49   6  
 -50  16  35  
  55  27  14  
  -7 -50  38  
  -3 -53  34  
   3  12  62  
  47 -41   7  
  32 -18  51  
  -1 -47  42  
  55  17  26  
  13  24  57  
 -52  -8  35  
 -17  58  18  
  28 -55  12  
 -49 -39   5  
 -17  55  26  
   3 -32  54  
  32 -37  40  
  44  16  42  
  -2 -58  24  
  63  -3   2  
 -51 -32  19  
 -25 -25  52  
 -17  52  31  
  18 -22  56  
  -3  47  42  
  35  48  21  
  50 -31  23  
 -26  51  26  
  48  20  36  
 -56 -11  27  
 -16 -55  26  
  -3 -41  48  
  22  55  22  
 -40 -48   9  
  53  33   7  
   2 -10  62  
  -9 -51  36  
  62 -10   4  
  44 -41  18  
 -57  18  20  
 -58 -12  22  
  48  39  12  
  51 -35  11  
  56 -16  24  
 -29 -53  18  
 -54 -25  20  
  35 -28  44  
 -34  53   1  
 -39  -6  49  
 -54  -8  31  
  32 -54   4  
 -15  17  59  
  31  -1  55  
  28  56   7  
  17 -59  14  
  60  18   8  
  58 -15  19  
 -25  27  51  
 -43  27  37  
 -26  -6  57  
  50  37   9  
  62 -11   0  
  36 -30  42  
   1  56  29  
  62 -10   2  
  11  62   0  
 -40 -23  43  
  -8  -9  62  
  34  51  15  
 -13  26  56  
 -30  51  21  
  62  10   3  
  24  36  46  
 -32   2  54  
 -42 -13  45  
 -23  34  48  
 -57  -3  27  
  33 -19  50  
  48   6  40  
 -63  -1   5  
  13  46  41  
  13  60  15  
 -51  -1  37  
   2  22  59  
 -48 -32  25  
  52  10  34  
  35 -19  49  
 -31 -47  28  
 -45  22  38  
  23  38  45  
 -30  54  13  
  52  22  28  
  -1  63   4  
 -32  29  46  
 -31  18  52  
 -28 -19  53  
  23 -20  55  
  19 -56  21  
 -14  -9  61  
  37  51   3  
  15   3  61  
 -49 -39   4  
 -53  31  15  
  -7 -30  55  
 -54  10  31  
 -38  -4  50  
 -61 -10  13  
  35  30  43  
 -62   0  10  
 -44  -1  45  
 -49  38  10  
  19  59  10  
  -8 -35  52  
  37 -22  46  
 -17   9  60  
  23 -54  23  
  36 -46  24  
   2 -27  57  
 -24 -30  50  
  18 -51  32  
  -4 -62   9  
  40  25  42  
   5 -49  39  
 -34  22  48  
  18  34  50  
  46  19  39  
 -49  31  24  
 -51  -5  37  
  58  16  19  
   5  21  59  
 -51 -37   3  
  18  48  37  
 -49  -8  39  
 -17   8  60  
 -36  46  23  
  23 -34  48  
  50  31  23  
  60 -19   3  
  55 -18  25  
 -47  31  28  
 -39 -20  45  
 -12 -55  28  
  25  35  46  
 -61  11  11  
  24  33  48  
  22  51  30  
  34 -11  52  
 -44  33  31  
  -5 -32  54  
 -16 -61   3  
   7  -8  62  
 -20 -23  55  
  58 -12  22  
 -23 -43  40  
  19 -40  45  
  29 -49  27  
  -6  57  26  
 -42 -37  29  
   4 -54  32  
 -32   1  54  
  21  57  17  
 -41  43  21  
 -43  35  30  
  -2  -2  63  
  -4  55  30  
  17 -21  57  
  -8  57  26  
 -40   6  48  
   7 -21  59  
   8  33  53  
  37  51   1  
  11  53  32  
  28 -47  31  
  51 -32  18  
  34 -23  48  
  42  44  16  
 -62  12   1  
 -59  14  17  
  46 -10  42  
  19  41  44  
  50  -3  38  
   6 -19  60  
  27 -21  53  
  -3   2  63  
 -24 -56  16  
  -3 -43  46  
  14  61   5  
 -12  50  36  
 -50 -37  11  
  14  -5  61  
   5  42  47  
 -63   2   3  
 -37  49  15  
 -41 -17  45  
  40 -26  41  
 -28  54  16  
 -57 -23  14  
  14 -31  53  
 -17 -18  58  
 -56   6  28  
  55 -20  23  
  15  48  38  
  61  -4  15  
  49 -12  38  
  43  -5  46  
 -25  15  56  
 -30  29  47  
  48 -31  27  
   9  57  25  
 -22 -22  55  
   7  61  13  
 -11  60  16  
 -60 -10  17  
 -18  12  59  
  40   6  48  
 -41 -46  12  
  24   2  58  
 -19 -44  41  
  35  52   8  
  25   3  58  
  42  47   4  
  55  31   1  
 -60  -3  19  
  10 -49  38  
   9  52  34  
  46 -41  13  
  19 -58  15  
  -3  63   1  
 -32  -3  54  
 -39  49   5  
  -8 -26  57  
 -13  14  60  
  14 -50  36  
   7  33  53  
 -15  61   7  
 -33 -40  36  
  47 -22  36  
 -14  46  41  
  56  13  26  
  45 -14  42  
 -37  49  14  
  32  29  46  
 -53 -15  31  
 -50  35  15  
  31  51  20  
 -25 -48  32  
  31  23  50  
  -1  43  46  
  58  19  15  
  22  15  57  
  45 -25  36  
   6 -28  56  
  63  -5   2  
 -47   7  41  
  62 -12   2  
 -39 -21  45  
 -15   5  61  
 -19   1  60  
   7 -55  30  
