  24  33  38  
  40 -38  10  
  10  18  52  
  21  20  48  
  38  39  14  
   3  -9  55  
  20  -5  52  
  28  -7  48  
  15  -4  54  
  16 -37  39  
 -10 -29  47  
  16 -49  22  
  54  11   9  
  29 -21  43  
  52 -12  17  
  -3  -1  56  
  50  18  18  
 -39  39   9  
  32 -45   8  
  25  22  45  
  20 -35  39  
 -46 -15  28  
   7  19  52  
   4 -56   2  
 -43 -34  12  
   2  21  52  
  45 -33   1  
 -18 -11  52  
  46  30  12  
   4 -49  27  
  13 -49  24  
  32 -29  36  
   9 -53  15  
  50  23   9  
  10  21  51  
 -32  46   3  
 -40 -38   9  
 -25 -17  47  
 -18  42  32  
  11 -33  44  
  12  47  28  
   2  47  30  
  48   4  29  
 -38  10  40  
  -9 -48  27  
 -46   4  32  
  13  40  37  
  29 -45  17  
  48 -15  25  
 -32  40  23  
  30 -47   2  
 -48 -14  25  
   6 -35  43  
 -41 -37   9  
 -11 -17  52  
  23  51   4  
 -29 -29  38  
  -4  51  23  
 -52  18  10  
 -10  55   3  
 -50  17  19  
 -44 -17  30  
 -54  13   7  
 -30 -47   4  
  13 -22  50  
  50  23  11  
 -46 -16  28  
 -49 -11  25  
  51   2  23  
  35  26  35  
 -11 -55   2  
 -13  12  53  
  33  15  43  
  43  28  23  
  25  48  14  
  -3 -56   1  
   7  47  30  
 -47  11  28  
 -49   9  26  
  52 -14  15  
 -18  53   5  
  10 -45  32  
 -26   7  49  
 -28  46  16  
 -56  -2   4  
 -54 -14   3  
 -42   8  36  
 -29 -39  28  
  15  46  28  
  -6  31  46  
 -14 -19  51  
 -38 -25  33  
  23 -10  50  
  23  17  48  
 -50  25   1  
 -50  16  20  
  36  27  33  
 -20  18  49  
  34  44   7  
 -16  19  50  
  30   4  47  
 -25 -20  46  
 -12 -41  36  
 -12 -24  49  
   6  43  35  
 -29  -9  47  
 -47   0  30  
 -38  -9  40  
 -40  -2  39  
 -27 -49   1  
 -26  33  37  
 -30 -12  46  
  17  51  16  
   2  49  27  
  43 -34  12  
 -45 -10  32  
  24 -40  31  
  -9 -55   7  
  43 -32  16  
  35  25  36  
  17  -6  53  
 -29  21  43  
   6 -50  25  
 -17  44  30  
 -21 -24  46  
  46  10  30  
  33 -26  37  
 -22  12  50  
 -36 -42   7  
 -45  33   7  
 -32  46   2  
  10  47  29  
  -1  45  33  
  41  -3  38  
 -46 -31   8  
  27 -22  44  
 -31 -36  30  
  15  50  20  
  54  -5  13  
 -34 -44   6  
 -21 -28  44  
 -30   6  47  
  -7 -55   8  
   0   5  56  
 -19  51  14  
  41 -34  18  
  48 -22  19  
  28 -16  46  
  39  18  36  
 -44 -24  25  
 -48  -3  29  
 -56  -2   3  
  11 -15  53  
 -30 -36  31  
  49 -27   4  
 -43 -36   1  
  29  36  32  
 -10 -54  10  
   5 -37  42  
  54  14   4  
   9  53  15  
  48  17  23  
  -2 -48  29  
  12  14  53  
   3 -55  11  
  47 -30   5  
  -5  28  48  
 -10  12  54  
 -46 -26  18  
  29  37  30  
 -34  20  40  
  39 -28  29  
  23 -29  42  
  25 -18  47  
  50  10  23  
   9  32  45  
  30 -15  45  
 -47  28  13  
  -6 -24  50  
  26 -48  13  
 -49   0  27  
  47  28  12  
 -28 -41  26  
 -37  23  35  
  29 -48   2  
 -14 -54   2  
  15 -52  14  
  43  23  28  
  -6  50  24  
  46  12  30  
  35  30  32  
  -6  22  51  
  51 -20  11  
 -46  30  12  
  -2  14  54  
   9 -47  29  
  25  44  24  
  38 -41   6  
  22  50  12  
 -33  37  26  
 -10  51  21  
  41   8  37  
 -40 -39   4  
  31  46   8  
  -6  41  38  
   5 -53  18  
  -2  -1  56  
 -41  35  16  
 -15  54   4  
 -35  -9  43  
 -38  30  28  
  42 -35  11  
  56  -4   3  
  41 -38   2  
 -29 -48   4  
   7   9  55  
 -13  -6  54  
 -30  -5  47  
  -8 -44  34  
   3  29  48  
 -33 -36  27  
 -18 -51  15  
 -15 -11  53  
  15 -11  53  
 -35 -37  23  
 -14 -34  42  
  37  -2  42  
 -53  12  14  
  -6  17  53  
 -41 -17  34  
 -27 -49   5  
  31  28  37  
  -6  39  40  
  37 -41   8  
  51   4  23  
  53  18   5  
 -44  14  32  
  10 -54  12  
  37  40  13  
  15 -43  33  
  -3  36  43  
  34  43  12  
   5  54  14  
 -11 -52  17  
   0 -21  52  
  50   7  24  
 -48 -18  22  
 -26  40  29  
  21 -46  24  
  50 -14  21  
  37  28  31  
 -38  40   9  
  54  15   0  
   8 -13  54  
 -41 -21  32  
  38   3  41  
 -47 -27  15  
 -31  44  16  
  41 -25  29  
  33 -30  34  
  -3 -20  52  
 -14  -7  54  
  25  27  42  
  16  49  22  
 -12 -20  51  
 -45  16  29  
  10 -48  27  
  25  24  44  
  23  20  47  
  38  39  12  
 -42 -36   9  
  -7 -50  24  
 -10   5  55  
 -33  35  29  
  34 -44   8  
  33  32  32  
 -17  27  46  
 -16 -49  22  
  54  -3  15  
 -33 -32  32  
  40  39   4  
 -20 -37  37  
 -41   4  38  
 -24 -19  47  
  13 -54   8  
  21  -4  52  
 -24  50   6  
 -17 -53   5  
  -7   7  55  
  17  47  25  
  15  35  41  
 -41   9  37  
 -46 -20  25  
 -25 -22  45  
 -55   1  10  
 -38 -40   9  
  -9 -38  40  
  20  52   6  
  10 -29  47  
  54   4  14  
