 -27 -25  32  
  39  28  10  
  45 -15  13  
  39  26  14  
  38  30   7  
   4 -44  21  
 -47 -14   3  
  12 -46  11  
 -38 -28  14  
   1 -48   9  
  17 -44  14  
  18  39  24  
 -16 -22  41  
 -37 -32   1  
 -15 -38  27  
  -4 -33  36  
 -48  10   4  
 -44 -10  19  
  22 -33  29  
  39  27  13  
  13  -5  47  
   1 -49   2  
  -7 -40  27  
  31 -28  26  
  25  42   3  
  46 -15   9  
  48   8   6  
  28 -14  38  
  22 -16  41  
  19  23  39  
   4 -23  43  
 -35 -32  13  
  19  26  37  
  -6 -48   8  
   7 -15  46  
  42  18  17  
  30 -38   9  
   5 -29  39  
  -6 -34  35  
  46  15   7  
 -36 -32   9  
 -32  37   1  
  43 -22   7  
 -33  36   3  
 -33 -36   1  
 -16   4  46  
  -4  49   2  
 -47  -7  11  
   8 -48   4  
  28  -5  40  
 -33 -25  26  
  19  45   6  
  39 -19  23  
  13  14  45  
  17  21  41  
  -3 -38  31  
  43 -10  21  
 -24 -40  15  
  33  22  29  
  22   8  43  
   3  49   1  
  15  43  18  
  27 -35  21  
  28  21  34  
   2  49   4  
  45 -11  16  
 -48 -10   4  
 -13  19  43  
  -4 -14  47  
  38  31   4  
  35  22  26  
  39  29   5  
  42  15  20  
 -40  25  14  
  34 -34   9  
  47  14   0  
 -26 -41   8  
 -31 -38   1  
 -31  27  27  
  14  23  41  
  35 -28  20  
 -21  14  42  
 -15  22  41  
  41  27   2  
  37  -2  32  
 -43  16  17  
  14  47   1  
  15 -45  13  
  21 -40  19  
  28 -40   3  
  26   5  41  
   2  33  36  
  42  24   9  
  15  31  35  
 -21 -28  34  
  14  10  46  
 -31  38   1  
  40 -17  23  
 -45 -15  13  
   9  48   5  
  -9   2  48  
  27  20  36  
   2 -39  30  
 -42  10  23  
  12  15  45  
  41  17  21  
  45 -17   9  
 -22  25  36  
   9  38  30  
   0 -44  22  
  -9  46  15  
 -40 -16  23  
 -18  44  11  
 -25  42   3  
  -9  28  39  
 -32 -37   3  
  36   5  33  
 -45 -19   2  
  15   8  46  
  45  10  17  
  14 -17  44  
 -44  18  12  
 -27 -39  12  
  45 -19   0  
 -28  40   6  
 -40   3  28  
   6 -45  19  
  36  32  10  
 -37 -32   3  
 -22  34  28  
 -34  22  28  
 -11 -30  37  
  18  17  42  
  -1   0  49  
  31  12  36  
  45  -2  19  
 -24 -42   9  
  44 -18  11  
   9  32  36  
  -2 -48  10  
  27  36  20  
 -27   7  40  
 -26  41   6  
  41  19  19  
 -12  -6  47  
  45 -19   3  
 -29 -39   5  
 -16 -37  28  
  13  40  25  
  37 -32   2  
 -26  12  40  
  34  10  34  
 -22  44   1  
 -37  20  25  
 -15  43  18  
 -31  -9  37  
 -36 -30  14  
  -6  29  39  
 -17  46   3  
   1 -28  40  
  20  40  20  
  13  47   6  
   6  48   9  
  29  11  38  
  29 -11  38  
  -9  -5  48  
  -7 -46  16  
  44  18  12  
  31  37   8  
 -44  -3  21  
  24  32  28  
 -11 -36  31  
  27 -32  25  
  -9 -48   5  
  46  14   9  
  12 -45  15  
  -7   5  48  
 -15 -45  13  
 -21  41  17  
  17  23  40  
  -9  32  36  
 -44  19  11  
 -36  32  10  
   7  -6  48  
 -37  29  14  
  14  41  23  
 -45 -17   8  
  13  10  46  
  36  32   8  
 -21  36  26  
   1  28  40  
 -10   1  48  
 -13  28  38  
 -29   7  39  
 -28  39   9  
 -19 -17  42  
  20   9  44  
 -47  -4  13  
 -31 -26  28  
 -24  19  38  
 -13   1  47  
  14   2  47  
 -32  36   9  
 -33 -35  10  
 -44 -14  17  
 -34  12  33  
 -28  13  38  
  -6  38  30  
  31  29  24  
  32  37   3  
  44 -21   1  
  31  15  35  
  36 -10  32  
 -43   1  23  
 -17  39  24  
 -24 -34  26  
  14  25  40  
  38  10  29  
  34  -4  35  
 -33  12  34  
 -30  27  28  
 -19  42  16  
 -22  36  25  
 -25 -41  10  
  -8  17  45  
  22 -38  22  
  22  32  30  
  14 -29  37  
  33  35  10  
  46  14  10  
 -32  19  32  
  34  33  13  
  30 -11  37  
  31 -24  29  
 -19  31  33  
 -21 -39  21  
   0 -33  36  
  18  42  17  
  15  36  30  
   0  47  13  
  39  13  27  
   5 -45  19  
 -26  33  25  
  21 -42  14  
 -26 -29  30  
   1  48   9  
 -47 -13   2  
  31  38   1  
 -17 -27  37  
  22 -43   7  
 -34   3  35  
  38 -17  26  
 -28   0  40  
 -22 -26  35  
  45 -19   5  
   8 -35  33  
 -31  15  35  
  10 -48   0  
   0   0  49  
  44  -9  19  
 -36  33   6  
  17 -21  41  
  19 -17  42  
  18 -44  12  
 -37  26  19  
 -27  24  33  
 -17 -13  44  
   8 -43  22  
  49   3   1  
 -14   1  47  
 -16 -46   4  
  28 -34  21  
  45  16  12  
 -34   1  35  
  30  38   6  
  47  14   2  
 -39 -25  16  
 -33   0  36  
   7  48   6  
 -34 -31  17  
   3   9  48  
   6  25  42  
  40 -26  12  
 -12  37  30  
   6 -36  33  
 -44 -20   9  
 -28  40   1  
  31 -19  33  
  41 -27   2  
  27  36  19  
   9 -44  19  
  21  40  19  
  38  30   8  
 -31 -37   7  
 -20  32  31  
  -4  -2  49  
 -32 -28  24  
 -40 -24  15  
 -37  -3  32  
 -24   9  42  
