  -8  20  23  
 -10 -24  18  
  -6 -21  23  
 -13 -12  26  
 -24  11  17  
  30  -1   9  
 -22 -22   6  
   8  21  22  
 -31  -3   6  
 -24 -17  11  
 -23  -8  20  
   4  24  20  
  23 -20   7  
  19  -7  24  
 -10 -28  11  
  19  16  19  
 -27  -2  16  
   9  -9  29  
 -15 -20  19  
 -22 -18  14  
   9   8  29  
   5 -22  22  
 -22 -20  10  
   4  -1  31  
  -8 -24  19  
  10   7  29  
  14 -27   8  
  29  -2  12  
 -31   4   4  
   0  -6  31  
  -9 -28  11  
  26 -15   9  
 -25  17   9  
 -15  22  17  
  15  22  17  
 -27   9  14  
 -21   9  22  
 -23 -17  13  
 -30 -10   2  
  25   0  19  
  25  -7  18  
  31  -4   2  
 -22 -21   8  
 -15  17  22  
  -7 -29  10  
 -16 -14  23  
  17   4  26  
  -6 -31   1  
   5 -31   1  
  -2   4  31  
  -3 -16  27  
 -27   9  13  
 -14  11  26  
 -29   9   9  
  27  16   3  
 -14  -1  28  
  24  -5  20  
 -17   5  26  
 -28  14   4  
 -19  24   8  
  29   8   9  
  18  26   0  
   0  16  27  
 -29  10   8  
 -22  -6  22  
 -28   1  14  
 -26   7  16  
 -16  24  13  
 -23   3  21  
  19   7  24  
  29   6  10  
  15 -27   5  
   8   6  30  
   9   0  30  
 -18  22  13  
  21   3  23  
  19  14  21  
  15  23  15  
 -19  -2  25  
 -12 -23  18  
  29  -7  10  
  10   6  29  
  -8  17  25  
 -19   3  25  
 -11 -10  28  
  -5   2  31  
  23  21   5  
 -18  12  23  
 -10  30   1  
 -22 -14  18  
 -13  25  14  
  26   1  18  
  17 -20  17  
  20 -23   7  
 -19  20  15  
   8 -23  20  
   3  29  12  
 -16  27   4  
  26  17   4  
  -7 -18  25  
  14   5  28  
  11 -10  28  
 -28  13   6  
  18 -13  22  
 -30  -6   8  
   1 -10  30  
  19 -24   7  
 -16  -8  26  
   0  27  16  
 -14  26  11  
  -6  13  28  
  23  21   3  
   5 -17  26  
 -10  10  28  
 -21 -21  10  
  29  12   4  
  -2   9  30  
   9  30   3  
  31  -1   4  
 -19  24   7  
 -14  27   8  
  24  13  16  
  29  -6  11  
  29  -5  11  
  30  -9   4  
 -13  27  10  
 -23 -16  14  
  12  27  11  
  22 -20  10  
  -1  30   9  
  30   7   7  
  24  19   7  
  10   2  30  
 -31   3   3  
  30  -1  10  
 -27  16   4  
 -11  -4  29  
  30  -6   8  
   6  -7  30  
 -19  -7  24  
  15   6  27  
 -10  -6  29  
  27  -1  16  
  22   3  22  
 -20 -24   4  
   9  15  26  
 -22  19  12  
  29 -10   8  
  30  -4   9  
 -11 -12  27  
  -5  29  11  
  -6   0  31  
  12 -18  23  
 -24  -5  20  
  25 -18   7  
 -28  13   5  
 -20 -23   8  
   1  31   5  
  31   0   6  
  10 -22  20  
 -25   4  19  
   2 -30  10  
  -8  25  17  
 -25  -8  17  
   6 -26  17  
   5   0  31  
 -16 -10  25  
  23  10  19  
 -12 -11  27  
 -21 -14  19  
  -1   9  30  
 -12  26  13  
  20   8  23  
 -28 -12   8  
 -24  19   7  
 -12   2  29  
  27  12  11  
  25 -14  13  
  25 -10  16  
  27   3  16  
  17  11  24  
   1 -12  29  
  26  10  15  
 -10   8  29  
 -24  10  18  
  -5  30   9  
 -24 -20   3  
   8  16  26  
 -12 -15  25  
  -4 -23  21  
 -31   5   2  
 -16 -17  21  
  12 -29   1  
 -20  24   4  
  31  -3   3  
  28   6  13  
 -21 -21  11  
  23  -6  21  
  28 -14   4  
  27 -11  12  
 -20   8  23  
 -13  16  24  
  31  -5   0  
 -28   2  14  
 -29  -7  10  
 -25  16  10  
  20  24   5  
   4  -4  31  
  10  30   1  
   0  -4  31  
 -13   6  28  
 -11 -21  21  
 -17  15  22  
 -30   2  10  
  -4  31   1  
  20  11  22  
  28  -7  12  
  28  -6  13  
  14 -16  23  
 -22  22   3  
  -8  -9  29  
   1  30  10  
  24 -20   1  
  -3 -29  12  
   8  23  20  
  -8  12  28  
   9  -4  30  
  10  29   8  
  23 -13  17  
  26  -8  16  
 -23 -10  19  
  28  -7  13  
   6  31   0  
  -8 -16  26  
 -17 -20  17  
  31   2   5  
  -2   5  31  
  17  15  22  
  23 -21   3  
  -5 -23  21  
   1 -14  28  
  21  19  14  
 -16  20  18  
 -12  -2  29  
 -14 -15  24  
 -24  -8  19  
  30   9   2  
  28  14   3  
 -23 -21   6  
   7  -6  30  
  28   7  13  
  27  13   9  
 -25  -3  19  
  23 -17  13  
 -30  -5   9  
  14   4  28  
 -10  16  25  
 -22 -10  20  
   7  30   6  
  21 -21  10  
  -4 -30   8  
  -8  30   5  
 -14 -16  23  
 -14  19  21  
  17 -26   4  
 -11 -25  16  
  24   1  20  
 -10  -2  30  
  -5 -28  13  
 -25   6  18  
   8  24  19  
  24 -17  11  
 -24   4  20  
   5  31   0  
 -29   4  11  
 -21 -20  12  
  -2  -5  31  
  29 -12   1  
 -21 -10  21  
  16  -2  27  
 -29  11   4  
  -9 -25  17  
  -4 -30   9  
   1  16  27  
  29 -12   0  
 -14 -21  19  
   1 -29  12  
  21  23   3  
   8 -25  17  
   3  -9  30  
  21  11  21  
 -17 -26   4  
 -14  28   2  
  -7  28  13  
  14 -15  24  
   5   1  31  
 -10  21  21  
  27 -16   0  
  29   0  12  
  26   8  16  
