  52  31   7  
  58  11  16  
 -35  22  45  
 -18 -11  57  
 -61  -1   5  
 -49  24  27  
 -34  44  25  
 -50  11  33  
  49 -19  31  
  30  53   3  
  45 -38  16  
  32 -49  18  
  24  49  27  
  46  30  26  
 -54  20  20  
  23  -8  56  
  26 -43  35  
  12 -21  56  
  38 -44  19  
   4 -45  41  
  13  55  23  
 -31  43  30  
 -19  51  27  
 -41  42  17  
 -12  50  33  
  42  40  19  
 -11 -45  40  
 -22  -4  57  
  16  59   1  
  59 -13   9  
  34 -36  36  
  26  35  43  
  50 -21  28  
  27   8  54  
  55 -23  12  
 -38 -43  21  
 -55 -23  12  
  20 -43  38  
  59   8  13  
  -7 -18  58  
  59  -2  15  
  26 -37  41  
 -11 -28  53  
  57 -19   9  
  39  39  26  
  22  11  56  
 -33  51   7  
  45 -35  21  
  56 -23   6  
 -25  33  45  
 -59 -11  10  
  53 -10  29  
  44  24  35  
  23 -24  51  
  53 -13  27  
  43  39  18  
 -13 -32  50  
 -56  13  20  
  38 -35  32  
  48 -38   0  
 -50  34   7  
 -16  24  54  
 -44  13  40  
  40  41  21  
  12  15  58  
 -48  25  28  
  57  21   7  
  14 -54  25  
 -12  48  36  
  13  23  55  
  36   7  49  
  -8 -20  57  
 -51  28  18  
 -52 -24  21  
 -49  35  11  
  21 -46  34  
   0  10  60  
 -54  14  25  
  57 -12  18  
   3 -22  57  
  32  20  48  
 -39  -3  47  
 -25  38  41  
  16  52  28  
  16  58  11  
 -58  15  12  
  46 -17  36  
  11  15  58  
 -40 -14  44  
  54 -12  26  
 -39  40  25  
  18  43  39  
 -39  36  30  
  34  48  16  
  42 -44   0  
  -1  -3  61  
  -7  54  27  
 -45  35  21  
  35 -45  22  
 -14 -56  20  
 -50  35   4  
 -32 -45  26  
 -52  25  20  
  10 -55  25  
 -30 -51  14  
 -49  32  18  
 -30  30  44  
 -21  48  31  
 -30   6  53  
  54   4  28  
 -14  -4  59  
 -30   0  53  
   7 -57  20  
   6  14  59  
   0 -24  56  
   6 -10  60  
  23 -56   8  
  11  28  53  
  26 -21  51  
  37 -30  38  
 -26  42  36  
  15  37  46  
  22 -55  14  
  26  49  25  
  19  15  56  
  26  27  48  
  12  55  24  
  25 -50  24  
  41  29  35  
 -14  59   8  
  10  60   5  
   9 -31  52  
  15 -59   6  
  50  25  24  
  -4  58  19  
 -32 -11  51  
   1 -54  28  
  19  58   0  
  45  22  35  
  29 -32  43  
 -52  -1  32  
 -13 -55  23  
  35   1  50  
  -1 -60  11  
  26  52  19  
 -24  -2  56  
 -37   7  48  
  53  28  10  
 -30  -4  53  
  40 -42  19  
 -37 -42  24  
  32 -44  28  
 -31  48  21  
  30  -5  53  
 -39 -28  38  
   9 -16  58  
  30 -41  34  
  30  52  12  
 -17 -35  47  
 -19 -10  57  
 -39 -42  21  
 -53 -28  11  
 -22 -20  53  
  15  53  26  
  55 -24  12  
 -43  19  39  
  40  37  27  
  11 -36  48  
  42 -22  38  
 -34  39  32  
  25 -50  25  
 -54 -16  23  
 -10  -5  60  
   0  41  45  
  28  46  29  
   1  32  52  
  14  58  13  
  49 -36   6  
  21  -7  57  
  -9 -56  22  
 -57 -12  18  
 -30  53   4  
 -26  40  38  
  11 -37  47  
   3 -28  54  
   8  56  23  
 -28 -23  49  
 -57   7  21  
 -43 -25  35  
   8 -54  27  
 -30  20  49  
 -48 -37   5  
  35 -34  37  
  51  32   9  
  13  50  32  
 -21  40  41  
   3  19  58  
  -1 -51  33  
 -29  53  10  
  61  -5   0  
 -31 -23  47  
  39  30  36  
 -37  21  44  
  30  30  44  
 -35  17  47  
   1  61   2  
  58 -15  11  
  -6  59  14  
  11 -60   0  
  -6  18  58  
  53  20  23  
  52 -31   8  
 -38 -25  41  
  -1  26  55  
 -38 -19  44  
 -30 -20  49  
   9  16  58  
  52   8  31  
 -29   8  53  
 -30 -46  26  
 -60   0  10  
  50  -5  35  
  19  -2  58  
   3 -36  49  
 -61   3   3  
 -15   0  59  
  42 -26  36  
  34  47  19  
 -31  48  22  
  13 -17  57  
 -54 -26  11  
 -10  57  19  
  13  48  35  
 -44 -42   3  
   1  60  11  
  21 -12  56  
  42  44   5  
  28  34  42  
   2 -61   0  
 -27  42  35  
  50  13  32  
  11  24  55  
  28 -47  27  
  32  29  43  
 -16 -34  48  
 -30  53   3  
 -24  41  38  
   4  55  26  
  37 -11  47  
 -24 -46  32  
 -38  30  37  
  28 -54   1  
  59  14   6  
  21  22  53  
 -40  46   4  
 -58 -10  16  
 -50 -12  33  
 -17 -41  42  
 -47  39   3  
  -3  59  16  
  -3  61   1  
 -27  38  39  
  25  44  34  
   0   4  61  
  43  43   2  
 -16  41  42  
   6 -36  49  
 -60  -7   8  
 -34 -41  30  
  10 -19  57  
   2  59  16  
  36 -39  30  
  46 -39   9  
  13  57  17  
  -2  19  58  
   9 -19  57  
  20  22  53  
 -18 -30  50  
 -28 -52  15  
 -46   8  39  
  13  20  56  
  22 -53  20  
  36 -40  29  
 -20  22  53  
 -46   3  40  
  36 -46  18  
  11  -4  60  
  36 -29  40  
 -24 -12  55  
  -7 -29  53  
 -36  18  46  
 -36  35  35  
 -52 -15  28  
 -19 -56  14  
 -60 -11   3  
   1 -57  21  
  44 -39  17  
 -15  59   1  
  50 -32  15  
 -31 -24  47  
