  16 -91  98  
  -8 -97  93  
 -96  94   5  
 -97  -6  93  
 -58  72  98  
  87  37  96  
  88 -90  47  
  27 -96  90  
 -66  74  91  
  11  89 100  
 -61  93  76  
  83 -63  85  
 -98 -40  83  
 -93 -76  60  
  45  93  86  
  87 -54  87  
 -95 -13  94  
 -72 -57  98  
  81  86  64  
 -86 -63  82  
 -63 -73  94  
 -48  77  99  
 -98 -57  72  
 -80 -44  99  
  95 -89  34  
 -35  83 100  
 -37 -82 100  
 -90  90  44  
  55 -82  91  
 100 -41  80  
 -52 -82  93  
  83  37  99  
 -93 -82  52  
  39  97  85  
 -91  80  58  
 -59  87  84  
  99  88  24  
 -86 -39  96  
  32  99  85  
 -49  75 100  
 -52 -97  77  
  -1 -100  90  
  61 100  66  
 -92  68  71  
  43 -97  83  
 -76  63  91  
  42 -84  96  
 -42  88  93  
 -91  -3  99  
  74 -55  98  
 -80  80  73  
 -93 -90  36  
  90  90  44  
 -54 -89  85  
 -70 -100  57  
 -92 -94  29  
 -47  86  92  
  97  33  87  
  41  80 100  
  70  97  62  
 -77  90  64  
 -94 -80  53  
  90 -92  39  
 -63  85  83  
 -99 -74  53  
  65 -62 100  
 -60  79  91  
 -14 -100  89  
  85  67  80  
 -84  90  54  
 -46  89  90  
 -42 -84  96  
 -82 -44  97  
 -85  53  90  
 -90 -44  90  
  24 -98  89  
  89  48  89  
 -89  11 100  
  98   4  92  
 -88 -92  44  
  75  62  93  
 -90  71  70  
  99 -70  58  
  12  99  90  
  83  95  46  
 -57  81  91  
  86  56  87  
  67  68  95  
  85 -84  62  
 -82 -95  49  
 -28  98  88  
  53 -85  90  
  84  49  93  
 -41  85  96  
  51  91  85  
  99 -90  12  
 -87 -54  87  
 -86 -78  68  
  61 -89  80  
  27  94  92  
  83  35 100  
 -72  80  81  
 -89 -86  53  
  80  54  94  
 -68  92  71  
  89 -14 100  
  18  90  98  
 -85  81  66  
 -90  94  33  
 -83 -88  59  
 -96 -85  41  
  67  97  65  
 -41  99  81  
 -78  61  91  
  90  21  98  
  32  92  93  
  56  76  96  
  67 -82  83  
 -100 -20  88  
  69  63  97  
  68  68  94  
 -99 -77  48  
 -76 -98  52  
  67 -66  96  
 -60 -94  75  
  87 -59  84  
 -69 -70  92  
 -66  77  88  
 -94  38  88  
  90   1 100  
  98 -23  89  
  53 -100  73  
  93  67  70  
  21  97  91  
 -83  94  48  
  88 -61  81  
  60 -89  81  
   8  99  91  
 -17 -94  95  
 -68  59 100  
  96 -50  80  
  36 -90  93  
  91  96  23  
  86  33  98  
  27 -91  95  
  67  75  89  
 -97 -59  72  
 -90  37  93  
  89 -77  65  
 -98 -88  28  
 -77 -85  70  
 -72 -98  57  
 -84  89  56  
 -99  29  86  
 -45 -93  86  
 -58 -94  77  
 -43  79 100  
  33  87  97  
 -41  84  97  
  62  65 100  
  60 -80  90  
 -88  82  60  
  76 -57  95  
 100  90   0  
 -94  89  37  
   1 -97  93  
  88 -49  89  
  -9 -97  93  
 -23 -88  99  
  57 100  70  
 -100 -35  83  
  91 -37  92  
 -51  93  83  
  87 -88  53  
 -94 -64  72  
  93 -69  68  
  63 -85  83  
 100 -87  24  
 -99 -87  26  
 -89 -51  87  
  89 -89  48  
  98 -21  90  
  70 -62  97  
 -92 -67  72  
 -92  97  15  
 -92 -41  89  
 -34  95  89  
 -88  27  98  
 -86  87  56  
  68  88  76  
  98  79  47  
 -80  74  79  
 -92  84  51  
 -98  33  86  
 -64  79  88  
 -94 -96  10  
 -75 -92  63  
 -15 -90  99  
  83 -64  84  
  96  94  10  
  83 -72  78  
  20  96  92  
 -76 -88  68  
  44 -81  98  
  92   9  98  
 -84 -54  90  
 -87  33  97  
  46  80  98  
  90 -90  44  
 -93   8  97  
 -65  96  68  
 -85  99  33  
  99  74  53  
   4 -95  95  
  94 -78  56  
  96 -94   2  
 -29  90  96  
 -77  82  74  
 -89  49  88  
 -76  91  64  
  99 -91   7  
  74 -67  90  
  82  70  80  
 -95 -91  28  
 -15 -95  94  
 -85 -69  78  
  71  55 100  
  89 -23  98  
 -67 -95  68  
 -75 -70  87  
  75 100  49  
  76 -59  94  
  89 -75  67  
  83  63  85  
  84  37  98  
 -90 -98  18  
  37 -91  92  
  77 -83  73  
 -67  65  97  
  90  99  14  
  77  83  73  
  94  74  61  
  96  -7  94  
  88 -53  87  
  73 -78  82  
 -78 -82  73  
 -34 -89  95  
  95  43  85  
  84  98  37  
  38 -83  99  
 100 -70  56  
  86 -71  75  
  96  73  59  
  87 -47  91  
 -75 -51  99  
 -87  97  34  
  98 -13  91  
  74 -88  70  
  54 -87  87  
 -90 -18  98  
 -95  29  91  
 100  20  88  
  98 -53  75  
  62  88  81  
 -27 -93  93  
  95 -95   3  
 -95 -80  52  
 100 -35  83  
  69 -80  83  
  74  79  80  
 -49  99  77  
 -98 -78  49  
 -71 -97  60  
 -59 -88  83  
  88  37  95  
 -79 -87  65  
 -84 -91  52  
   3 -98  92  
   3 -99  91  
  65 100  62  
 -92 -93  32  
 -95 -15  94  
 -96 -66  67  
  49 -83  94  
 -75 -85  72  
  79  92  58  
  91 -72  68  
 -90 -52  85  
 -58 -100  69  
  -3 -99  91  
 -73 -54  99  
  99  80  44  
 -73 -93  64  
  84  33 100  
  54 -72 100  
  95  95   9  
  97 -88  31  
  70  92  69  
 -96 -92  20  
  82 -95  49  
