  -5 -30  73  
  -7  60  51  
  77  17   6  
 -67  11  40  
 -28   0  74  
 -27 -17  72  
 -20  46  61  
 -58   8  53  
  12  59  51  
  77  14  12  
  75  16  18  
   9 -44  65  
 -39 -29  62  
  27 -56  49  
  30  71  18  
  28   4  74  
  74 -14  24  
  19  75  15  
 -19 -62  45  
  74  11  25  
   3 -70  37  
 -19 -17  75  
  -2  79   2  
  62  27  41  
  53  27  52  
 -12  35  70  
 -12  75  22  
  12  77  14  
  66  42  10  
  -4 -71  34  
  54  49  30  
 -46 -63  13  
  12   6  78  
  61 -49  10  
  21 -63  43  
 -19   9  76  
   7 -23  75  
 -21  75  12  
  40  60  32  
 -17  77   3  
  66 -39  19  
   1  -6  79  
  42   2  67  
  31 -68  26  
 -25 -27  70  
 -44 -63  18  
 -69  -3  38  
 -20  73  23  
  73 -10  28  
  46  32  56  
  40 -37  57  
 -61  22  45  
  17 -76  14  
   5  34  71  
 -38 -36  59  
 -29 -38  63  
 -64   6  46  
  17  25  73  
 -17 -46  62  
  52  41  43  
 -31  51  52  
 -38 -13  68  
 -53  35  47  
 -54 -17  55  
  38  49  49  
  61  -4  50  
  76   6  21  
 -27   5  74  
 -31  72  11  
 -52  57  16  
   2 -75  24  
   1 -74  27  
 -73  -4  30  
  41  29  61  
  55 -21  53  
  -7 -60  51  
  -7 -43  66  
  30 -32  66  
 -24  47  59  
  60 -42  30  
 -25  -1  75  
 -73  10  28  
  27 -74   5  
  59 -30  43  
   6  10  78  
 -75  23   9  
 -21  76   4  
 -21 -46  61  
  23  35  67  
 -72 -32   8  
  38  58  38  
  63  40  26  
 -57  51  19  
  38  65  24  
 -66  41  15  
  18 -34  69  
  57 -35  42  
  56 -40  39  
 -59  14  51  
  30 -18  71  
 -25  56  50  
  26  10  74  
  61 -20  46  
 -42  -1  67  
  71  -5  34  
  67 -22  36  
  15  77  10  
  48 -61  14  
 -29 -19  71  
 -53  38  45  
  75   1  24  
   7  72  32  
  75 -24   4  
 -73  30   7  
   8 -77  15  
 -51  58  17  
  45  35  55  
  53  36  46  
 -49  55  29  
  37  63  30  
  75  24   3  
  29  22  70  
  35 -47  53  
 -11 -13  77  
 -17 -70  33  
  10 -31  72  
  24 -49  57  
 -23  75   9  
  45  46  46  
  43 -66   1  
  54 -17  55  
  11 -25  74  
  55  45  34  
  59  48  22  
 -22 -12  75  
 -47 -23  59  
  22 -68  34  
  39  20  66  
 -62 -25  42  
 -68 -36  17  
 -60 -26  44  
  49  35  51  
  79  -4   3  
  13   1  78  
  34 -52  49  
 -66 -28  33  
   7 -67  41  
 -30 -73   3  
 -33  47  54  
 -72  31  10  
 -31 -72  11  
  74  28   4  
  11 -76  19  
 -64 -46   6  
 -35  58  41  
 -15  -8  77  
  -3 -64  46  
 -11 -30  72  
 -59 -50  16  
 -77   2  18  
 -22 -45  61  
 -45  62  20  
  23 -37  66  
 -13 -41  66  
   1  57  55  
  67  22  36  
  19 -75  17  
  57  39  38  
 -72 -19  26  
  14 -59  51  
 -49   3  62  
  63 -40  26  
   4 -22  76  
  65 -42  17  
 -62  -5  49  
 -73   5  30  
 -20  74  19  
 -74  20  20  
   3 -62  49  
  60 -49  15  
  -8 -68  39  
  48  34  53  
   0 -11  78  
  -6  76  20  
  51  52  31  
 -14 -56  54  
 -66  -8  43  
 -53 -42  41  
 -32  72   5  
 -53 -32  49  
  75   4  24  
 -71 -19  29  
 -21 -18  74  
 -23  53  54  
  40 -39  56  
 -75  -3  25  
  -8 -70  36  
 -73 -27  12  
  12 -60  50  
   6  20  76  
 -66 -38  21  
 -18 -72  27  
 -20 -33  69  
 -30  17  71  
  26  59  46  
  49  60  15  
  10 -14  77  
  46   8  64  
  37 -67  19  
 -22  69  32  
 -69  21  32  
  57  41  36  
 -58 -32  43  
 -17  18  75  
  48 -53  34  
 -12   7  78  
 -51  34  50  
 -19 -67  37  
   3  28  74  
 -20 -15  75  
 -43 -58  32  
  26 -46  59  
  66  43   2  
  43  20  63  
  79   4   2  
  71 -30  18  
 -60  51   7  
   4  40  68  
 -35 -45  55  
   0 -77  18  
 -22 -62  44  
 -21  44  62  
  21 -30  70  
  27 -62  41  
  64 -12  45  
  22  51  56  
 -56  13  54  
  76 -22   3  
 -33 -33  64  
  16 -63  45  
   8 -72  32  
 -58  50  19  
  -3 -34  71  
  12 -53  57  
  28  73  11  
 -55   2  57  
  -6  73  29  
  67 -25  34  
  73 -30   5  
 -27  74   1  
  33 -71   9  
 -69  30  24  
 -66 -11  42  
  70 -36   8  
  58  31  44  
 -22  61  45  
  36  63  31  
 -20   6  76  
 -15  49  60  
 -13 -55  55  
 -68   7  40  
  34  13  70  
 -29 -70  23  
 -25  75   3  
   9  72  31  
  13  34  70  
  42 -65  16  
  14  72  29  
 -75 -10  23  
  73 -21  21  
  47  14  62  
 -74 -26   9  
   5  77  17  
 -79   6   1  
  45 -64  10  
  25 -74  12  
  65 -44  10  
   4 -30  73  
  66 -43   5  
  62 -45  20  
   7  23  75  
 -47  49  40  
  -4  75  24  
  14  77  12  
 -51   8  60  
 -62 -43  24  
  71  35   3  
  46 -45  46  
   6 -59  52  
  10 -76  20  
  76 -13  17  
   1 -62  49  
 -20 -57  51  
 -47  60  20  
 -77  -8  15  
 -31  54  49  
  28 -12  73  
  54  54  20  
  21  63  43  
 -47 -63  10  
