  77  26   7  
  54  61   4  
  81   5   4  
  53 -40  47  
  37  22  69  
  32 -24  71  
  65  -5  49  
  56 -21  55  
  66  26  40  
 -39 -61  37  
  33 -48  57  
 -54 -38  48  
  10 -77  25  
  50  32  56  
 -44 -25  64  
  15 -74  31  
  65   5  49  
 -32  75   2  
 -80  -5  15  
 -76  30   2  
  51  49  40  
 -27 -77   1  
  61  35  41  
  26 -65  42  
 -75 -29  14  
 -63 -31  41  
  61 -33  43  
  16  66  45  
 -73  13  34  
 -30 -56  51  
 -62 -52  10  
  70  33  25  
 -63  31  41  
  22  26  74  
  58  56  13  
  -8   4  81  
 -14  72  36  
  49 -54  36  
   1 -62  53  
  42  58  39  
  56 -59   5  
 -68   8  44  
  34 -55  50  
   0  34  74  
 -36 -43  59  
  68  -8  44  
 -19 -19  77  
  81  -8   6  
  73  14  34  
  34 -74   0  
  43 -13  68  
 -42 -64  28  
  45 -51  45  
 -18  15  78  
 -40 -47  53  
  -2 -27  77  
 -57   6  58  
  74 -22  26  
 -32 -54  52  
 -20 -70  37  
 -47 -66   9  
 -23 -78   5  
 -79 -16  11  
  58  50  28  
  75  -4  32  
 -75  -3  32  
  32 -44  61  
  54  25  56  
 -29 -62  44  
  20  72  33  
 -67 -42  20  
  41  41  57  
  -8 -19  79  
  54 -10  60  
  -4 -50  64  
 -56  51  30  
  -9  79  19  
 -37 -53  50  
 -14 -79  15  
 -21 -43  66  
  47  25  62  
 -54 -57  21  
 -38   1  72  
 -38 -21  69  
   7 -22  78  
  20 -76  21  
 -30  66  37  
 -10 -55  59  
  42 -66  22  
   1  66  48  
  17  68  42  
  14   8  80  
 -67  -6  46  
  16 -13  79  
 -37  25  68  
   4 -57  58  
 -74 -29  19  
  79  18   9  
  18 -62  50  
  11   9  80  
  59 -40  40  
  -5 -20  79  
   0 -38  72  
  40 -68  21  
  -1 -49  65  
  56 -27  53  
   6   8  81  
  12 -48  65  
  17  20  77  
  70 -31  28  
  -5   6  81  
  54  36  49  
 -53 -47  40  
 -52 -59  22  
 -43 -60  34  
 -60  43  35  
   4 -45  68  
  18  79   8  
 -35 -50  54  
  15  80   6  
 -23 -78   7  
 -56 -53  26  
 -11 -79  16  
  14 -28  75  
  35 -22  70  
  66 -48   2  
  66  34  34  
  36 -65  33  
 -25  -7  77  
   4 -53  62  
  68  34  29  
 -66 -37  30  
 -10  61  53  
 -46  52  43  
 -31  40  64  
  79  20   3  
 -48 -58  31  
   9 -18  79  
  24  38  68  
 -78 -21   9  
 -39  68  22  
  11 -80  11  
 -11  10  80  
  59 -44  35  
 -29  66  38  
 -29  30  70  
  16 -69  40  
  32   4  75  
 -66  33  35  
   9 -72  37  
 -68 -44  11  
 -16 -66  45  
  67   2  46  
 -21  20  76  
  22  14  77  
  11  25  77  
 -67 -21  41  
  39 -20  69  
  26   2  77  
  16  21  77  
 -27 -74  20  
  42  43  55  
 -51 -41  49  
  30  71  26  
 -15 -14  79  
 -23   0  78  
  50  64   8  
 -64  50   5  
 -35 -41  61  
  -2  19  79  
  46 -67   0  
  18  72  34  
  64  25  44  
 -12  36  72  
  63  30  42  
 -36  -5  73  
  70  23  35  
 -37  50  53  
   2 -80  16  
  27 -10  76  
  17 -73  32  
 -45  56  38  
 -24 -62  47  
  20  42  67  
  60 -52  19  
  38   2  72  
 -32  75   4  
  12  72  36  
 -55  22  56  
 -56  -1  59  
  76  23  19  
  24  53  57  
  68  24  38  
  69 -31  31  
 -56 -15  57  
  -3 -57  58  
 -65 -40  28  
  75  -1  32  
 -79 -17  12  
  81   0  10  
  65 -44  21  
 -39  71  10  
 -60  -3  55  
 -30  42  63  
  74 -17  30  
 -22  66  42  
 -54 -51  33  
 -43   2  69  
 -53 -50  37  
  48  29  59  
 -26  42  65  
  14  34  73  
 -23  78   3  
 -81  -8   4  
  -5 -19  79  
 -17 -40  69  
 -60 -53  16  
  66  18  44  
  39  50  51  
  -1 -68  45  
  60  -1  55  
  47  65  13  
 -77  -4  27  
  33 -62  41  
   4 -68  45  
 -26 -35  69  
  50 -38  52  
  81 -11   0  
  49  65   6  
  34   7  74  
  21  67  41  
 -69  43   8  
  80  14   9  
  15  22  77  
 -65  -5  49  
  70   6  41  
  58 -16  55  
  53  36  50  
 -36  54  49  
 -42 -12  69  
  26   6  77  
  42 -23  66  
  30 -75  11  
  56  45  38  
  25 -16  76  
  55  15  58  
   3 -57  58  
 -53  15  60  
 -72 -31  22  
  26  28  72  
  -6  69  43  
 -74 -14  31  
 -61  47  27  
  65 -47  13  
  33 -73  15  
  70 -39  16  
  78  24   0  
 -16  74  30  
 -24 -32  71  
 -20  61  50  
  49  51  41  
  57  43  39  
 -61 -20  50  
  58 -34  46  
  45 -47  49  
 -34 -60  43  
 -29 -74  17  
 -61  23  49  
  78  10  22  
  57 -44  38  
  78 -23   2  
 -58  56  13  
   1 -79  19  
 -62 -23  48  
 -26  73  26  
  31   5  75  
  37  47  55  
 -29 -65  40  
 -32 -75   3  
  44 -61  31  
  -1 -15  80  
  54  58  18  
 -47  13  65  
  48 -27  60  
  45 -41  54  
 -30 -53  54  
  19 -69  39  
  59 -41  38  
  80 -14   9  
  20 -64  46  
 -49  13  64  
  73 -33  14  
 -27 -76  10  
 -38  -7  72  
  23 -33  71  
 -20 -75  25  
  35  41  61  
 -41  35  61  
  22  67  41  
 -22  49  61  
