  46 -56  61  
   5 -93  15  
  55  18  75  
 -37  68  54  
  81 -31  38  
 -69 -18  62  
  36 -58  65  
  30 -53  72  
  83  -9  44  
 -75 -50  28  
 -81  27  40  
 -60  11  72  
  40 -73  45  
 -67 -66   8  
 -34  81  35  
  35 -47  74  
  63  -4  70  
 -65 -67  14  
  57  50  56  
 -52  28  74  
 -54 -19  75  
  14  39  85  
 -31 -61  65  
 -62 -63  34  
  88 -34   7  
 -53  77  14  
  80 -25  44  
  57  31  69  
  19  47  80  
 -69 -23  60  
  19  83  41  
  63  69  13  
  78 -13  52  
  15 -44  82  
  -2  76  56  
  28   7  90  
   7 -62  71  
  44  83   8  
  67  65  14  
  21  -7  92  
  31  89   4  
 -45  48  68  
 -23 -91  11  
 -28  90   1  
  83 -44  11  
 -54 -66  41  
 -37  46  74  
 -39 -53  68  
  61   4  72  
  -1  56  76  
  58 -62  42  
 -44  -9  83  
  31 -16  88  
 -13 -57  74  
 -72  50  35  
  28  20  88  
  34  19  86  
  -5  90  28  
  59  42  61  
  47 -43  70  
 -92 -19   8  
  52 -79   5  
  61  72   3  
  68  60  27  
 -56 -65  40  
   9  89  30  
   7 -69  64  
  60 -72  12  
 -70 -23  59  
  94  -9   7  
   6  86  39  
 -29  61  66  
  66  38  56  
  46 -10  82  
 -21 -27  88  
 -67  66  10  
 -38  -7  86  
  -9  65  68  
 -85  10  40  
  85   5  41  
 -33  50  73  
  38 -73  46  
 -66  65  18  
  -6 -24  91  
 -80 -21  46  
  37  18  85  
  78 -53   4  
   7  74  58  
 -72   6  61  
  85   9  40  
  72 -52  33  
 -34  88   4  
 -31 -57  69  
  -5 -43  84  
 -54  60  49  
  79 -18  49  
 -92 -21   2  
  19  91  18  
  41  69  50  
 -58  64  38  
 -66 -48  48  
 -82  47   1  
 -22  14  91  
 -57  75   4  
 -21  44  81  
 -25 -70  58  
  17  74  56  
 -88 -17  30  
  17 -38  85  
 -87 -14  34  
  54 -67  39  
  -8  50  80  
  -5  32  89  
  90  21  20  
  46  82  10  
 -68 -50  42  
 -26  87  27  
 -34  14  87  
 -50  58  55  
  63 -45  54  
 -17  -5  93  
 -93  10  13  
 -55  69  34  
 -16 -89  27  
 -28 -87  24  
  38 -72  48  
 -29  88  18  
  89   0  32  
 -53 -71  33  
  94  -9   4  
 -81 -26  41  
 -93 -13  10  
  92 -18  13  
  35  87  13  
  57 -68  33  
  64  68  13  
  27  17  89  
 -88  -1  34  
  35 -77  42  
 -33  80  38  
  15  -9  93  
  44 -30  78  
  -8 -40  85  
  85 -38  15  
  72 -10  60  
  27  18  89  
  42  11  84  
 -14 -81  47  
 -16 -93   5  
  62  65  29  
 -30  63  64  
  74  49  32  
 -66  35  58  
 -75 -24  52  
 -74  53  25  
  48  38  72  
  58 -40  63  
   3  93  17  
   7 -94   7  
 -31  58  68  
 -64 -61  34  
 -77  17  52  
  60  68  27  
 -33  57  68  
 -90 -29   6  
 -57 -68  32  
  75  22  53  
 -37  34  80  
  -9 -86  38  
  47  61  55  
  16  84  40  
 -60 -12  72  
 -94   7   8  
  74  59   3  
  42  22  82  
  77 -48  27  
  23  12  91  
 -77 -11  54  
 -13 -91  22  
 -34 -15  87  
 -80 -48  16  
 -24  62  67  
 -57  75   8  
 -17 -89  27  
  94  -7   1  
  53 -73  28  
 -74  49  33  
  81  49   3  
 -12 -13  93  
  14  86  37  
  55 -77   3  
  29  89  13  
  27  39  82  
 -32  83  32  
 -13  93   9  
 -82  16  44  
  15  50  79  
   3 -92  21  
   1 -94  10  
  82  45  15  
 -74  55  20  
  22   1  92  
 -13  91  21  
  18  92  11  
  13 -92  17  
  -4 -83  45  
  89 -24  21  
 -64 -50  48  
 -49  76  27  
  59  72  15  
 -14  65  67  
  29  83  34  
 -62  65  29  
  30  86  25  
  -1  11  94  
 -17 -87  33  
  42 -39  75  
  36 -24  84  
  85 -20  36  
 -25  -3  91  
  78  13  52  
 -70 -24  59  
  69   9  64  
  82 -22  41  
  86 -26  29  
 -46  40  72  
  15 -77  53  
  91  -8  25  
  89  -7  31  
 -63  67  21  
 -64 -53  45  
  -7 -94   7  
 -20  28  88  
  60 -68  27  
  15 -45  82  
 -14 -68  64  
  83 -20  40  
 -90  29   3  
 -37  80  34  
  68  49  44  
  47 -81  12  
 -16 -91  20  
   1 -28  90  
 -71  -9  62  
  -1  16  93  
 -90  -8  27  
  25  91   2  
 -42 -24  81  
 -75 -26  51  
  13  16  92  
  20  -6  92  
 -34  88   3  
  77   1  55  
 -91  -6  24  
 -52 -17  77  
   3 -26  91  
  64  45  53  
   0  94   9  
 -65 -61  32  
  35  73  49  
  -4  22  92  
 -43 -36  76  
 -70 -18  61  
  78  45  29  
   8  70  63  
  26  91   4  
  18  75  55  
 -29  69  58  
  51  19  77  
  32  89   5  
   7  88  34  
   8  88  33  
  25 -79  45  
  10  94   1  
  30  89  11  
 -49  11  80  
  57 -60  46  
 -26 -11  90  
  46 -39  73  
  44 -79  27  
 -91 -25   1  
 -48  27  77  
 -46 -69  45  
  76  -8  56  
 -85 -37  18  
  32  88  11  
 -88 -11  32  
 -80 -32  39  
   5 -86  39  
  56 -38  66  
 -44  28  79  
  23 -90  17  
 -30  25  86  
   7 -61  72  
 -19  88  28  
  39 -34  79  
 -44  82  16  
  -7 -66  67  
 -40 -85  12  
  74  -1  59  
