 -100 -45  99  
 -99 -65  88  
 100 -79  74  
  94 -63  95  
 -76 100  77  
 -62  95  94  
  65  96  91  
  96 -99  52  
  88  68  97  
  91  98  62  
 -99  76  79  
 -98 -100  46  
  81 -87  87  
 -81  87  87  
  51  98  98  
 -74  86  94  
  72 -87  95  
  93 -91  69  
 -99 -72  82  
 -82  87  86  
 -93  76  86  
  93 -57  99  
  70 -86  97  
 -92  80  83  
  85  98  70  
  98 -65  89  
  94 -61  96  
  85 -78  92  
 -92  97  62  
 -100 -89  62  
  81  96  77  
  83 -90  82  
  80  81  94  
 -77 -100  76  
 -89 -92  73  
  75 -100  78  
  95 -96  59  
  50  97  99  
  90  94  69  
  92 -78  85  
  84 -80  91  
 -70 -93  91  
 -72  81 100  
  92  67  94  
 -98  68  87  
 -96  62  93  
  87  94  73  
 -88  69  96  
 -87  65 100  
  52  99  96  
  99  80  75  
 -95  95  61  
 -96 -85  73  
 -84  95  75  
  91 -99  61  
 -95 -71  88  
 -98 -97  53  
  73 -96  85  
 -81 -96  77  
 -93 -99  57  
 -65 -94  93  
 -58 -95  97  
 -94  79  82  
 -93  97  61  
 -88 -73  93  
  98 -86  69  
 -96  76  82  
  75 -82  97  
 -87 -94  73  
 -76  86  93  
 -84  77  94  
 -96  73  85  
 -77  94  84  
 -85 -78  92  
  67 -85 100  
 -100  85  67  
  85  67 100  
  99 -52  96  
 -82  85  88  
 -52 -96  99  
 -90 -79  86  
 -72  97  85  
  82  91  82  
  68  94  91  
 -69 -96  88  
  79 -93  83  
  99 -93  58  
  95  99  54  
 -65  99  88  
 -98  78  78  
 -83 -94  78  
  81 -90  84  
 -71 -100  82  
  95 -97  57  
  78  98  78  
 -44  99 100  
 -80 -83  92  
 -90  89  76  
  98 -56  95  
  73 -95  86  
 -86  76  93  
 -95  68  90  
 -79  81  95  
 -98 -74  82  
 -96 -96  58  
  87  72  95  
  88 -93  73  
  82 -92  81  
 -99 -96  53  
 -87  82  86  
 -82  91  82  
 -93 -96  62  
 -85 -87  83  
  52  98  97  
 -96  54  98  
 100  48  97  
  95 -94  63  
 -86 -92  77  
  85  93  77  
  99  76  79  
 -100  49  97  
  85 -96  73  
 -94 -58  98  
 -85  95  74  
  97  73  84  
 -79 -99  76  
 -92 -96  64  
 -74 -82  98  
 -99 -83  71  
  86  73  95  
 -86  77  92  
 -93 -98  59  
  78  89  88  
 -73  89  92  
  99  86  67  
 -83  87  85  
  81 -86  88  
 -85  91  79  
 -66 100  86  
  87  81  87  
 -84 -82  89  
  95  95  61  
  69  90  94  
  70  83 100  
  88  86  81  
  97  68  88  
 -80 -81  94  
  92 -87  76  
 -92 -70  92  
 -97  87  69  
 -54  96  98  
 -89 -96  68  
 -87  83  85  
 -97 -57  95  
 -73  90  91  
  91 -68  94  
  92  76  87  
  72 -95  87  
 -76  87  92  
  94 -74  86  
  92 -80  83  
 -93  91  69  
  91  59 100  
  80  76  98  
 -97  90  65  
 -62 -94  95  
  98 -89  65  
  94 -72  88  
 -71 -93  90  
 -71  94  89  
 -83 -98  73  
  99 -46  99  
 100  61  90  
 -71 -95  88  
  78 100  75  
  50 -98  98  
 -62  98  91  
  93 -64  95  
  87 -83  85  
 -54 -95  99  
  98  96  54  
  78  99  77  
 -80 -96  78  
  87  80  88  
 -89 -68  96  
  83 -71  99  
  94  59  97  
  98 -93  59  
  96  54  98  
  98  53  97  
  82 -94  79  
 100 -95  52  
  88  76  91  
 -90  97  65  
  65 -91  96  
 -66  99  87  
 -89  67  97  
 100 -96  51  
  82 -71 100  
 -96 -99  52  
 -98 -93  59  
  89 -85  81  
 -90  88  77  
  98  80  76  
  97  77  80  
  96 -56  97  
  90 -72  92  
  99 -96  53  
  70 -87  96  
  64  98  90  
  96  98  54  
 -61 -96  94  
  96  61  94  
 -95  98  56  
 -96 -80  78  
 -94 -82  79  
 -76  89  90  
 -83  88  84  
  66  89  97  
 -90 100  60  
  96  78  80  
 -79 -78  97  
 -88 -83  84  
 -63 -88 100  
 -81 -79  95  
  84  89  82  
  80  83  92  
  68 -90  95  
  82 -79  94  
  94  95  62  
 -72  88  94  
  75 100  78  
 100  96  50  
 -95  87  72  
 -83 -91  81  
 -93  99  58  
  92  86  77  
 -95  93  64  
 -99 -84  70  
 -76 -88  91  
  93 -73  88  
 100 -71  82  
  77  98  79  
 -83 -76  95  
  75  90  90  
 -89 -86  80  
 -84  89  82  
 -92  88  74  
  80  87  88  
  77 -93  85  
  82 -91  82  
  98 -52  97  
  70 -92  92  
 -86 -99  68  
  92 -58 100  
 -78  84  93  
 -70  85  98  
  74  95  85  
  67 -94  92  
 -99  52  96  
 -95 -94  62  
  84 -77  94  
 -100 -86  66  
  59  92  99  
 -82 -85  88  
 -88  91  76  
  94  85  75  
  92 -69  92  
  87  74  93  
 -81  85  89  
 -100 -88  63  
 -66 -100  86  
 -65  91  96  
  96 -50 100  
  96  92  64  
 -77 -90  88  
  80  96  78  
 -86 -82  87  
 -90  68  95  
 -95 -98  56  
  61 -94  96  
  70 -99  84  
  82  81  92  
 -69  87  97  
  73 -84  97  
  89  68  96  
 -96  56  97  
 -69  95  89  
 -57 -99  93  
  96  64  92  
  93 -76  86  
  67 -93  93  
 -99 -98  48  
 -85 -89  81  
 -98 -73  83  
 -91 -64  97  
  99 -65  88  
 -97  61  93  
  59 -97  94  
 -92 -93  68  
