   2 -70  51  
  18  83  17  
 -70 -37  35  
 -48  62  37  
  56  60  27  
 -57  49  43  
 -30   3  81  
 -42   9  75  
 -47 -47  55  
  40 -74  21  
  78  -5  37  
  43 -46  59  
  30 -67  46  
  -4 -86   8  
  65  47  32  
  39   7  77  
  86 -11   1  
 -41  76   4  
  15   4  85  
 -63 -44  40  
  28 -46  68  
 -50  69  14  
 -12 -52  68  
  60 -58  22  
 -41  38  66  
 -49   4  71  
  39 -77   3  
  41  12  75  
  51  70   0  
 -79 -32  15  
 -12 -30  80  
 -56 -15  64  
 -64 -31  49  
 -82   9  26  
   8  41  76  
  39  76  12  
  29  26  77  
 -83 -12  22  
 -80 -32   7  
  -9  42  75  
  31  65  48  
  21  21  81  
 -17  48  70  
  20 -76  36  
 -46 -42  60  
 -24 -74  38  
  39 -47  61  
 -47  32  65  
 -49  21  68  
  58 -32  56  
 -30  80  15  
 -65  12  56  
  -7  -6  86  
   3 -15  85  
  49  19  69  
 -81  30   1  
 -30   6  81  
 -55  64  20  
   3  43  75  
  -5  83  23  
  62 -57  20  
  33 -60  53  
  33 -71  37  
  43  75   2  
  61 -29  54  
 -74 -36  27  
  18  84  11  
  85 -13  11  
  67 -12  53  
  28  16  80  
 -25 -78  28  
  -4 -73  46  
  43  58  48  
 -38  53  57  
  64 -58   2  
 -60 -57  26  
 -46 -57  46  
 -80 -21  26  
 -47  36  63  
  34  78  16  
  48  69  20  
  75  43   7  
 -40 -50  58  
  74  10  44  
  76  18  37  
  58 -29  57  
 -28 -18  80  
  69  52   6  
 -68  51  15  
  49   4  71  
 -19  49  69  
  17  25  81  
  -3 -83  24  
  -2  52  69  
 -68 -52  11  
  -2  80  33  
  47  20  70  
  59 -63   1  
 -41   6  76  
  59 -39  50  
  17  84  10  
 -54  31  60  
 -64  55  19  
 -67 -50  23  
 -84  20   3  
  -7 -86   5  
 -82  18  20  
 -41  64  41  
 -59 -62  13  
  20  26  80  
  53 -13  67  
 -22 -75  37  
   2 -66  56  
  40  35  68  
   0  85  16  
 -35  72  33  
  38 -52  58  
 -78  37   1  
  52  -4  69  
  68  15  51  
 -11 -63  58  
 -32 -80   6  
  20  -3  84  
  -8 -85  14  
 -63 -58  12  
  59 -29  56  
 -10  29  81  
  51   3  70  
  -9  71  49  
   6 -78  37  
  38 -71  32  
  75 -36  24  
  68  23  48  
 -39  77   2  
  78 -28  24  
  -6  86   7  
   6 -41  76  
  85 -16   6  
  45 -63  39  
  35   3  79  
  -7  59  63  
  52  52  46  
  15  71  47  
  54 -58  35  
  34  64  47  
  -7  69  52  
 -26  69  45  
  54 -43  52  
 -24  14  82  
  24 -53  64  
  20   8  84  
  51  40  57  
  14  80  30  
 -59 -21  60  
  33  42  68  
 -53 -49  48  
 -42 -47  59  
  43 -74  12  
 -53  53  43  
 -14 -43  74  
  70 -32  39  
 -10  12  85  
 -16 -56  64  
  49  70  12  
  57 -20  62  
 -52 -66  21  
 -66 -44  35  
 -85 -13  11  
  55  62  25  
  58 -44  47  
 -57  60  25  
 -75  29  32  
  11  80  31  
  67 -40  37  
 -12  46  72  
  86  -3   8  
 -66 -21  52  
  -7  47  72  
 -27  70  43  
  69 -28  44  
 -16 -48  70  
  29 -21  79  
  75  35  25  
  40  65  41  
 -31  10  80  
  54  42  53  
 -28  42  70  
  59  33  54  
 -42  31  69  
  51  67  19  
  13 -68  52  
 -10  69  51  
  26 -82  11  
  77  -2  39  
  79 -35   5  
  43 -72  22  
 -12 -85   9  
  54  66  14  
  22  74  39  
   4  78  37  
  63  42  42  
 -84  19   6  
  15  82  24  
  49  51  50  
  63  32  50  
  46 -71  19  
  68 -48  23  
 -80 -24  23  
  84 -21   1  
 -58 -22  60  
 -45  43  60  
  59   2  63  
 -24  80  23  
  52  58  38  
  25 -76  33  
 -55  62  24  
  62 -60   2  
  62 -56  23  
  -4  70  51  
 -40  31  70  
   2  67  55  
 -55   2  67  
   2  37  78  
 -33  22  77  
  24  14  82  
   7  49  71  
 -43   2  75  
 -84  10  17  
  30  39  71  
  16 -36  77  
 -46  70  22  
 -57  20  62  
 -62   6  60  
  27   7  82  
   9  85  12  
 -60 -23  58  
  39  18  75  
  71 -41  28  
 -38 -41  66  
  31   0  81  
 -82 -27   1  
 -69 -16  50  
 -85  16   5  
  44 -72  19  
  36  16  77  
 -34  41  68  
 -30  15  80  
  79 -24  25  
  68  53   7  
  80  25  21  
 -39 -77   8  
 -58  33  55  
 -22 -53  65  
  30  44  68  
  26  21  80  
  50 -69  14  
 -31 -28  76  
  49  -2  71  
 -24 -52  65  
  21 -74  40  
   8  66  55  
  14  72  46  
 -20 -58  61  
 -11 -68  52  
  10 -86   4  
  83  23   6  
  57 -65   7  
 -37 -78   6  
  -4 -82  28  
 -15  68  51  
  14 -10  85  
  59 -63   8  
 -20 -84   8  
  65   6  57  
  59 -63   0  
  16  34  78  
  68  24  48  
 -84  -7  20  
 -36  61  50  
 -47  69  22  
  18 -41  74  
  70  48  16  
 -72  48   6  
 -71 -44  22  
 -62  59  13  
  27  18  80  
 -23  44  71  
 -84  11  17  
  14 -55  65  
 -25 -57  60  
  14 -52  68  
  -7  26  82  
  80  22  25  
 -11  13  85  
 -45  46  58  
 -61 -41  46  
   3  20  84  
 -30 -56  59  
 -18 -77  35  
 -60 -49  39  
