 -11  20  18  
  10 -22  16  
  19   0  22  
 -10  -4  27  
 -19 -22   2  
   1   3  29  
 -26   3  13  
   5 -10  27  
   6  28   3  
   9 -17  22  
  -9  23  15  
  -8 -16  23  
  20   2  21  
 -18  18  14  
  19  14  17  
  26  12   3  
  19  15  16  
   0  -1  29  
  11 -21  17  
  15  23   9  
  17 -23   5  
 -25  -4  14  
   8  10  26  
  27  10   0  
   1   0  29  
  23 -17   6  
   9 -25  12  
 -19 -22   1  
 -26  -8  10  
 -16  16  18  
  17  23   4  
 -15 -22  12  
  -2 -16  24  
 -10   2  27  
  -8   0  28  
  -2  21  20  
  -3  23  17  
  -3 -16  24  
  27  -2  11  
 -23  16   8  
   7 -15  24  
  -6   4  28  
  27  -1  11  
 -17  10  21  
  21   5  19  
 -21  19   7  
  17 -20  12  
 -13   7  25  
  25   1  15  
   4 -16  24  
 -10 -21  17  
 -14  17  19  
   2 -28   7  
  24  11  12  
  28   6   3  
   7  21  19  
  27  -3  10  
 -11 -12  24  
  -7 -11  26  
  22   1  19  
 -29   3   1  
 -12  22  15  
 -22 -19   1  
  -1  28   7  
  -6  22  18  
   0 -23  18  
   8   0  28  
 -16 -16  18  
 -16  20  14  
  18 -23   0  
 -15  17  18  
 -13 -10  24  
  -4  12  26  
 -10  27   1  
  -5   9  27  
 -27 -10   3  
 -10  26   8  
  10  15  23  
  17  17  16  
   0  21  20  
 -23 -13  12  
   4 -27  10  
  21 -20   2  
  25  15   2  
  -8  12  25  
   8   2  28  
 -13  26   3  
 -18  23   1  
  -6   9  27  
 -23  -1  18  
 -23  -9  15  
 -20  12  17  
  29   0   0  
 -12 -16  21  
   6  24  15  
   5 -12  26  
  -9  19  20  
  28  -6   5  
  23 -13  12  
 -23  -6  17  
 -12  18  19  
  11 -20  18  
 -26 -12   4  
  -9 -12  25  
  19 -22   2  
  -1  24  16  
  11   1  27  
 -28  -4   7  
   0   1  29  
   0 -22  19  
  13  15  21  
  27 -10   4  
  -3   6  28  
   2 -11  27  
  23  -1  18  
   1  26  13  
  16  -7  23  
 -12   4  26  
  28   5   6  
  19  16  15  
 -25  11   9  
 -24  14   8  
  27  -6   8  
  17  -8  22  
  27   3  10  
  -3 -20  21  
  16   3  24  
 -11  19  19  
  -2 -28   7  
  22 -18   6  
 -20  -3  21  
  29  -3   0  
  21   6  19  
 -16 -19  15  
  27  -8   6  
  -5  21  19  
   7  -4  28  
  -2  28   8  
   6 -27   8  
  11  17  21  
 -21 -20   2  
  -7 -21  19  
   8  22  17  
  22  10  16  
 -20  -1  21  
 -21 -17  10  
  16  24   3  
  26 -10   8  
  16   1  24  
 -25   1  15  
  -5  -9  27  
   7  27   7  
  28   7   2  
   9  22  17  
  18 -14  18  
 -22 -19   3  
  10  24  13  
 -24  12  11  
 -10  23  15  
 -13 -25   6  
  18   9  21  
  -4   6  28  
 -28   6   3  
  21  -7  19  
  13 -26   2  
   5   9  27  
  25  12   9  
  -3   0  29  
   2 -15  25  
  -1  27  10  
   6 -19  21  
  28   8   0  
  -7  28   2  
 -17 -22   9  
  19 -22   0  
 -10 -27   4  
 -11  -7  26  
   1  27  10  
   2  22  19  
   9  -6  27  
  18 -17  15  
 -16 -23   7  
  22  19   3  
  -5  14  25  
 -20 -21   1  
  20  14  16  
  17  15  18  
   3  20  21  
 -22  18   6  
   6  25  13  
 -21  14  14  
  21  -9  18  
   6 -28   4  
 -27  -8   7  
  21 -20   1  
  27 -10   3  
 -27   2  10  
 -18   5  22  
   3  21  20  
  26   8  10  
 -12  26   4  
  29   0   3  
  22  -9  17  
  25   5  14  
 -28  -3   7  
  21  20   3  
  28   7   3  
 -23 -17   3  
 -27  -2  11  
   6   9  27  
  22   2  19  
 -11 -25   9  
  17  -9  22  
 -21  16  12  
  22  13  14  
  20  18  11  
  24  -6  15  
 -11  27   2  
  13 -10  24  
 -19  14  17  
 -14 -17  19  
   5  19  21  
 -11 -22  15  
   0  24  16  
  26  -3  12  
  14 -23  11  
  22  -2  19  
  11  20  18  
  -7  -8  27  
  -8  10  26  
   4 -26  12  
  -9  25  11  
   3 -29   1  
  -2 -11  27  
  -2 -15  25  
  16  24   1  
  27   9   5  
   6 -11  26  
  -9  12  25  
  20  11  18  
 -11 -20  18  
  15   7  24  
  -6  18  22  
  21 -17  10  
 -19  11  19  
 -13  -1  26  
   3  14  25  
   6  21  19  
  20  -2  21  
 -19  13  18  
  -7  -1  28  
 -22  18   5  
  -1  13  26  
   7 -28   0  
 -17   3  23  
 -14   9  24  
  29  -1   1  
  -5  25  14  
  23 -17   5  
   8  -2  28  
  22  18   6  
   8  -1  28  
 -12 -25   8  
  -9  -9  26  
 -27   0  11  
  15   1  25  
  18  19  13  
  15  17  18  
 -14  -4  25  
  -2 -26  13  
 -10  -5  27  
  -8 -18  21  
 -17  23   4  
 -23   0  18  
  25 -10  11  
  19   9  20  
  29   1   1  
 -17  16  17  
 -14  -3  25  
 -26   8  10  
 -24   4  16  
 -17  23   3  
 -16  12  21  
 -27   5  10  
   9  -5  27  
  -5 -23  17  
  -8  -1  28  
 -22  16  10  
   8  28   1  
 -12  -5  26  
   0 -10  27  
  27   7   8  
 -10 -15  23  
   9  14  24  
 -20  21   3  
   0 -21  20  
 -15 -15  20  
  22   8  17  
  27  -6   9  
  -5  19  21  
