  65  66  54  
  83 -62  26  
 -38  96  28  
  29 -72  74  
  66 -32  78  
 -94   2  51  
 -72  65  45  
  68 -41  72  
 -82 -69   1  
 -59  75  48  
  46 -23  94  
  63  81  31  
  93  16  50  
  63   9  86  
  96   5  47  
  29 -99  28  
  40  53  84  
  92 -55   0  
 -41 -98  14  
  88 -59  15  
  96 -47   7  
  49  14  94  
  57  32  85  
  63  38  78  
  76   7  75  
  40  92  37  
  61  42  77  
  66 -38  75  
  56  91   9  
 -50 -45  83  
 -76  74  14  
  92 -54   8  
  -4  88  61  
 -78  60  42  
  64 -85   9  
 -92  54  11  
 -31 -76  69  
  87  17  60  
   3 -77  74  
  79  72   2  
 -45 -47  85  
 -30  33  97  
  97 -45   6  
 -57 -77  48  
 -48  40  87  
  49  30  90  
 -39 -66  75  
  75  44  62  
  43  52  83  
 -64  65  56  
 -77  63  39  
 -41  91  38  
 -76  72  21  
  25 -84  61  
  33  30  97  
 -53 -80  47  
  70  12  80  
  86  -6  63  
  -6 -84  66  
  -3  58  90  
  44 -85  48  
  85 -23  61  
  81  70   2  
  40 -88  46  
 -53 -23  90  
  46 -94  23  
  62  83  26  
 -56 -67  62  
  -7 -98  42  
 -33 -85  56  
 -13 -41  98  
 -92   7  54  
  78  45  58  
 -83  25  63  
 -35 -42  92  
 -71  -7  80  
   7 -100  38  
 -50 -80  51  
 -64 -16  84  
  64 -86   2  
  84 -52  41  
 -74   2  77  
  99 -39  10  
  48  59  75  
  41  92  36  
 -62 -87   7  
  -5  94  51  
  33  60  82  
  90 -22  54  
  28  40  95  
  16  83  66  
  20  90  54  
  92  52  16  
 -85 -46  46  
  55  32  86  
 -64  75  41  
  37 -42  91  
  44 -66  72  
  58 -34  83  
 -20  79  69  
  80 -71   6  
  17  48  94  
 -81 -62  32  
 -90 -58   4  
 -33 -71  73  
 -60  21  86  
  25  77  70  
  99 -31  26  
 -19 100  33  
  70  -3  81  
  70  17  79  
  52  54  76  
  70  59  55  
 -69 -58  58  
  44  53  82  
 -27 100  27  
 -84  60  29  
  66  81  23  
  18  69  80  
  -1 -93  53  
 -49  28  91  
 -37  97  25  
  23 -58  87  
 -74 -77   4  
  38  28  96  
  40 -15  98  
  21 -87  59  
 -34  23  99  
 -94  15  49  
  66 -82  19  
  73 -78   2  
 -71  60  53  
  84   9  66  
  47  53  80  
  61  60  64  
  -2 -76  75  
 -27 -62  83  
 -54  81  44  
 -91  46  33  
   2  62  87  
 -41   4  99  
  51  88  33  
  48  94  19  
  71  51  62  
  78  65  34  
 -50  69  65  
  46 -83  49  
 -63  37  78  
 -10  96  46  
  38  15  99  
 -53 -90  24  
 -27  98  33  
  90 -53  24  
   0 -99  40  
  73  -6  78  
  46  62  74  
 -55 -43  81  
  17  69  80  
  -5 -43  98  
  56  47  78  
  82 -47  50  
 -38  99  16  
  80  69  18  
 -34  60  82  
 -45   8  97  
 -76   6  75  
 -100 -36  14  
  63 -56  66  
  -2  55  92  
 -52  26  90  
  89  -6  59  
  72  41  68  
  96  13  45  
 -14 -73  77  
  15  85  63  
 -76 -74  12  
 -12 -87  61  
 -87  62   5  
 -60 -62  63  
 -64 -84  16  
 -51 -83  44  
 -80 -48  52  
 -56  81  42  
  50  72  61  
  84 -66   4  
  76 -40  64  
 -35  50  88  
  99 -23  33  
  64 -49  70  
  70   1  81  
  67 -81  21  
  58   4  90  
  31  33  97  
 -59  41  79  
  -9  54  92  
 -44  22  95  
 -41 -59  79  
 -45  45  86  
   9 -76  75  
 -63 -37  78  
 -74 -13  76  
  86  34  54  
 -81   0  70  
 -11 100  37  
  24  98  36  
  30  99  28  
 -47 -96   1  
  -3 -79  72  
  92 -54   4  
  53  -5  93  
 -59 -82  36  
  68  -9  82  
  -1  84  66  
  47 -21  94  
 -33  97  30  
  30 -39  95  
 -68  74  37  
  85  -3  65  
  82 -69   1  
 -64  18  84  
  48  19  94  
  28 -59  85  
 -85  45  47  
  46  96  10  
  10  91  55  
  86 -60  21  
  78 -71  17  
  31 -60  83  
  43  13  97  
  58 -45  78  
 -41 -24  96  
  80  45  55  
  74  77   7  
 -12  52  93  
 -72 -46  64  
 -65 -47  71  
  72  78  12  
  75 -59  48  
 -81  68  17  
  28  74  72  
  48  95  13  
 -96  25  40  
 -39 -82  57  
  70 -57  57  
  17 -61  86  
  93 -29  44  
  54 -42  82  
 -79  13  71  
  55 -32  86  
  50  29  90  
  77 -72  19  
  68  21  80  
  85 -53  37  
 -86  35  53  
 -86  37  52  
  43  83  52  
 -100  30  24  
  -5 -65  85  
 -81 -70   6  
 -68  79  24  
  -2 -80  71  
 -86 -16  62  
  33 -19 100  
  61  48  74  
 100 -17  34  
  55  22  89  
 -27 -94  43  
 -64 -55  66  
  86 -54  34  
  94  16  49  
 -40  85  51  
 -98 -42   7  
 -95 -49   4  
 -41 -97  19  
  89  57  16  
 -38  88  47  
 -38  96  29  
  23 100  30  
  31 -52  88  
 -75  65  40  
   1 -78  73  
  82  41  55  
 -13  70  80  
  40  70  70  
  70 -24  77  
  29 -80  65  
  60 -65  60  
  43  94  28  
 -46  10  96  
  28  85  59  
  81 -59  37  
 -39 -69  72  
 -20  82  66  
  99 -32  24  
  61  65  59  
  45 -27  93  
 -71 -51  62  
 -63 -82  27  
  78 -24  69  
  97  -8  44  
