 -28 -68  38  
 -72  23  34  
 -63  11  53  
  64  52   7  
  76 -33   8  
 -76  19  27  
  38  15  72  
  22  -5  80  
 -34 -71  26  
 -71 -43   6  
  -2 -81  18  
  80  16  15  
 -27 -64  45  
  41 -32  65  
 -54  34  53  
 -21  -3  80  
 -64  53   4  
  13 -74  35  
  34  45  61  
 -82   5  11  
  79  17  19  
  57 -60   5  
   2  49  67  
 -80  21   8  
   0  75  35  
 -54  32  54  
 -78   5  28  
  25  73  31  
  18 -28  76  
  81 -14  10  
 -32 -53  55  
 -17 -74  33  
  48  68   0  
 -39  -3  73  
   9 -38  73  
 -20  77  23  
  70  -2  45  
  67  19  45  
  59  -5  58  
  70   2  45  
  22 -78  19  
 -59  25  53  
  35 -38  65  
  -3  82  13  
  33  76   6  
 -56  59  17  
  24 -15  78  
  73 -36  16  
  -2  19  81  
   1  69  46  
  26 -63  47  
   6  83   0  
  44 -68  19  
 -24  33  72  
  21  79  14  
 -34  75   9  
 -75  24  27  
 -35   0  75  
   2  61  56  
 -42  60  39  
  51 -49  43  
  21 -47  65  
 -10 -82   9  
 -18 -65  48  
   3  -5  83  
  66  -6  50  
  -1 -81  17  
  18   0  81  
 -62  10  54  
  19 -61  53  
 -15  80  16  
   5 -63  54  
  41   1  72  
  55   6  62  
  60  55  16  
   1  74  38  
 -49 -58  34  
  37  68  30  
  10 -62  54  
  38 -38  63  
 -38  -2  74  
  23 -59  54  
  63  27  47  
  27  55  56  
 -55  -5  62  
  51   7  65  
 -25  75  25  
  51  61  23  
 -48  56  38  
 -35 -69  30  
  -3 -39  73  
  75  36   1  
 -59 -22  54  
 -50 -48  46  
 -16  78  23  
  73 -35  19  
 -73 -21  33  
  65 -41  32  
  67 -49   0  
 -63  53   9  
  -7 -82  11  
 -61 -51  24  
 -74 -37   3  
   1  19  81  
 -32  60  48  
  54 -24  58  
 -44 -29  64  
  53 -19  61  
  36  23  71  
   6 -80  21  
  42  70  16  
 -20 -67  45  
 -82   3  12  
 -52 -48  43  
  37   4  74  
 -66 -36  35  
  53 -57  29  
 -48  27  62  
  -9 -78  27  
   6  27  78  
 -59 -41  42  
  26  65  45  
 -72 -41   8  
 -48 -51  45  
  39 -15  72  
 -23  61  51  
  26  45  65  
 -63 -30  45  
  70  32  31  
  43 -42  57  
  -1  66  50  
  50  34  57  
 -40  68  26  
   1  83   4  
  25  68  40  
  42 -26  67  
  74 -38   2  
 -14 -21  79  
  52 -64  11  
   2  57  60  
  16 -66  48  
  50 -17  64  
 -33 -64  41  
 -21 -75  29  
 -51   8  65  
  75  35   3  
 -45  28  64  
  66 -42  28  
  50  45  49  
  28 -50  60  
  65 -28  43  
 -33  73  22  
  75 -27  23  
  -1  70  45  
 -62  53  15  
  45 -48  51  
 -55 -61  12  
  61 -53  20  
  61 -52  22  
  53  42  48  
  18  26  77  
  17  65  49  
  28  58  52  
  64 -53   2  
 -20 -11  80  
  67 -45  20  
 -29 -76  17  
 -81  18   5  
 -38 -59  44  
  -3 -82  11  
 -30  70  33  
 -77   4  31  
  25  25  75  
  54 -50  38  
  -6 -50  66  
 -77  28  13  
 -33  17  74  
 -22  55  58  
 -54  47  42  
  -4 -28  78  
  31 -62  46  
 -20  75  30  
  68  15  45  
  44  18  68  
  40 -66  31  
  -5  25  79  
 -41 -72   1  
  43 -70  12  
  83  -2   6  
  11  81  15  
  69 -32  33  
  51 -41  51  
  11 -52  64  
 -60 -34  46  
  12 -39  72  
  73  31  24  
 -67  42  26  
  11 -49  66  
 -22  -5  80  
  61  24  51  
  57 -56  22  
  -1 -68  48  
 -51  51  41  
 -55 -36  51  
 -53  15  62  
 -83   0   5  
  39  29  67  
   8  69  45  
  44  59  38  
 -16  78  24  
 -74  30  22  
  10  72  40  
  -1  62  55  
  22 -54  59  
  70  36  26  
  -9 -77  30  
   9 -51  65  
  58 -34  49  
  37  52  53  
  21  -5  80  
 -46 -64  26  
 -16 -58  57  
  68   6  47  
  28 -78   5  
 -47 -67  14  
  23  61  51  
 -75 -29  21  
  66 -38  33  
 -53  -2  64  
  53  34  54  
 -29 -59  51  
  43  45  55  
 -47 -29  62  
   4 -60  57  
  15 -74  35  
 -76 -13  31  
  70  42  14  
  51 -15  64  
  57 -38  47  
  70  30  33  
 -81 -16   7  
  27  41  67  
 -70 -39  21  
 -40  72   8  
  37   8  74  
  52  26  59  
  13  -3  82  
  29  29  72  
 -13  46  68  
   2  31  77  
  12 -15  81  
 -52 -43  48  
 -24  58  54  
 -17  66  47  
 -52 -62  18  
  56   5  61  
  73   4  39  
 -79 -25   4  
  25  79   8  
 -80  -4  21  
  59   5  58  
 -63 -42  34  
  73 -39   4  
  75 -32  16  
  64 -53   1  
 -43  65  28  
 -19   2  81  
 -62  52  18  
 -61 -27  49  
  55  58  23  
  36 -12  74  
 -77 -28  14  
 -18  51  63  
 -26 -58  53  
 -55 -27  56  
 -82  -8   8  
 -25 -35  71  
 -15  72  39  
  38 -12  73  
  28   5  78  
 -27  36  70  
  67  40  29  
   4 -81  18  
  11  63  53  
 -24 -69  39  
  82  -9   7  
 -39 -57  46  
  18 -46  67  
 -61   2  56  
  40  25  68  
  33   7  76  
  64 -50  18  
  56 -25  56  
  76 -28  19  
 -48 -64  22  
  12   3  82  
 -25   8  79  
  65 -30  42  
 -55  32  53  
 -42 -62  36  
