 -49  63  94  
 -98  64  40  
 -30 -70  97  
 -63  91  55  
 -74  91  38  
 -80  71  62  
  93 -29  76  
 -80 -91  23  
   4  75  98  
  84  51  75  
  37 -98  65  
 -87  62  62  
 -34 -85  83  
 -78  91  29  
  79  27  91  
  43  89  74  
  83  64  65  
  61  63  87  
 -76  70  68  
 -93  76  28  
  54  94  59  
  53 -67  89  
 -90 -62  57  
   8  80  94  
 -92 -67  48  
 -99  12  73  
 -87 -53  70  
 -74 -97  19  
  94 -76  25  
 -87  34  81  
 -34 -95  71  
 -18  74  97  
  96  19  75  
  99 -73  10  
  80 -90  27  
 -37  94  71  
 -11  87  87  
  65 -85  62  
 -96  37  68  
 -56 -50  98  
  82 -91  15  
  89 -18  84  
 -20  84  88  
 -71  58  83  
 -42 -80  84  
 -97  62  45  
  13 -95  78  
  75  82  54  
  89 -20  83  
 -60  69  83  
  28 -89  81  
  79 -82  48  
  51  75  84  
 -68 -74  72  
 -29 -98  69  
  65 -93  49  
  -4 -74  99  
  35  65  99  
 -33 -93  74  
 -69 -68  77  
 -12 -99  73  
 -87 -25  84  
  81  72  59  
  26 -73  96  
 -83 -74  54  
 -56 -89  65  
  70  44  92  
   0 -94  80  
 -74 -63  76  
 -77 -95  17  
  31 -94  74  
  68 -26 100  
  35  94  72  
 -93 -41  70  
  63  81  69  
 -47  57  99  
  26  77  93  
 -89  48  71  
  49 -93  65  
 -73 -84  54  
 -21 -83  89  
 -68 -91  48  
 -60  99  43  
 -95  69  39  
  62  54  92  
 -23  93  78  
 -82 -14  91  
 -80  94   2  
 -75 -87  46  
  67  99  31  
  35  69  96  
 -85 -81  38  
  58 -72  82  
  48  89  71  
  42  62  98  
 -93  54  61  
  50  74  85  
 -43  58 100  
 -94 -21  77  
  45 -96  63  
 -59  61  90  
  51  95  60  
 -54  61  93  
  86 -36  81  
 -84  -7  90  
  14  93  80  
 -96  11  77  
  85  64  63  
 -66 -89  55  
  34 -66  99  
  74 -92  37  
 -53  77  81  
 -34 -93  74  
 -59 -85  67  
 -94 -71  37  
 -68  82  62  
  39 -61 100  
 -66 -47  93  
  -1 -79  95  
  80  -4  94  
 -37 -97  67  
  51 -70  88  
 -20  75  96  
 -89   9  85  
 -48  80  81  
  26 -92  78  
 -72  81  59  
 -98   9  75  
  -2 -94  80  
  -4 -75  98  
  88  78  37  
  50  79  81  
  31  92  76  
 -41 -98  63  
 -97 -55  53  
  79 -81  49  
 -38  91  74  
  21  92  80  
  26 -85  86  
  92 -20  80  
 -95  79   4  
 -81 -67  65  
 -61 -97  46  
  79 -77  55  
 -82  86  34  
 -44 -96  64  
 -43 -91  72  
  82  65  66  
 -87  72  50  
  42 -71  92  
 -49  83  77  
  66 -94  46  
  61  78  74  
  54 -56  96  
 -76 -32  92  
 -60  40 100  
  29 -71  97  
 -18  87  86  
 -91 -78  29  
  74 -70  70  
 -50 -88  71  
 -91 -27  79  
  22 -72  98  
 -67 -61  84  
  60 -85  67  
  47  97  60  
  84  90  11  
  80 -14  93  
  71 -24  98  
 -18  78  94  
 -21 -84  88  
  54  90  65  
 -81 -77  53  
 -74  98  12  
 -27  73  96  
 100  43  58  
  10 -100  72  
 -17  83  90  
 -67  97  36  
  83 -39  83  
 100 -45  57  
  64  89  57  
 -10 -73  99  
 -64  92  52  
 -93 -75  32  
 -84  10  90  
 -78 -71  64  
  81 -42  83  
 -97 -59  48  
  -6 -79  95  
 -98 -27  70  
  96  70  34  
 -61  52  94  
  69  95  39  
  18  78  94  
 -79  93  18  
 -55  72  84  
  89 -53  67  
  87  64  60  
  30 -92  77  
  89 -80  30  
  72  90  45  
 -77  85  46  
  92 -49  66  
 -100  24  68  
  69 -63  81  
  93 -20  79  
 -95  37  70  
  75  95  25  
  56 -94  57  
  87  59  65  
 -64 -52  92  
 -100 -63  35  
  20 -71  99  
 -81  93   3  
   0 -93  81  
 -85 -87  22  
  55  82  74  
  96  51  59  
 100 -44  58  
  46 -95  64  
 -57  93  58  
  74  33  93  
  65 -84  63  
  88  71  50  
 -95  75  25  
  48 -90  70  
  74 -99   6  
 -59 -87  65  
   7  80  94  
  83 -91   8  
 -96  54  56  
 -79 -80  51  
  91  73  40  
  -1  87  88  
  20 -85  87  
  83 -34  85  
 -88 -26  83  
 -58  74  80  
  92   5  82  
  68 -90  50  
 -87  45  75  
   6  84  90  
 -91  80  23  
 100  28  67  
  64  88  58  
  36 -95  70  
 -38 -78  88  
  89 -35  78  
  69  80  64  
 -66  98  36  
  74  99   4  
 -90  69  49  
 -53  78  80  
  69 -97  32  
 -65 -85  62  
 -92  27  78  
  79 -69  65  
  72  68  74  
 -75  41  89  
 -72  42  91  
 -67  60  85  
 -79  19  93  
  39  71  93  
 -53 -84  73  
  52  50 100  
 -78  18  94  
 -91  20  81  
  97  73  22  
  19 100  70  
  93  16  80  
 -71  77  65  
  31 -81  88  
 -81  79  49  
  73  38  92  
  84 -21  88  
  79  81  50  
 -69 -60  83  
  -5 -99  74  
  37 -75  91  
  83 -62  67  
 -93 -79  19  
 -76 -97  10  
 -37  62 100  
 -73 -48  87  
 -25 -82  89  
 -99 -31  67  
  18 -90  83  
 -58  58  92  
  80  53  78  
 -88  11  86  
  72 -91  42  
  73 -18  98  
  64  58  88  
 100 -55  47  
  88 -66  56  
  52  77  81  
  44  78  85  
 -29  71  97  
 -99 -61  42  
