  39  32  58  
  27  68  24  
  56  52  11  
  -5  11  76  
 -69  34   6  
 -32 -70   1  
 -13 -13  75  
  65  22  35  
  48  17  58  
  28  32  64  
  66  30  26  
 -70  30  11  
  55 -18  51  
 -34  51  47  
   6  70  31  
 -39  62  23  
  -1 -11  76  
  21  51  54  
  -4  38  67  
 -18 -75   1  
 -10 -75  14  
 -66 -39   4  
   4  63  44  
  33   9  69  
  14 -46  60  
  28 -59  41  
  22 -73   9  
  19  70  26  
 -62 -32  33  
  44 -44  45  
  40 -44  49  
  47  60  10  
  18  64  39  
 -13 -69  32  
  47  19  58  
 -10 -40  65  
 -24  73   6  
  62  43  16  
  55  -8  53  
  76   2  13  
  32  69  11  
 -36  36  58  
 -25  -2  73  
 -34  57  39  
 -45  47  41  
 -30  -3  71  
 -17 -39  64  
 -40 -65  11  
 -16 -74  13  
 -43 -44  46  
 -48  60   6  
 -55  31  44  
 -10 -14  75  
  25 -73   3  
 -16 -70  28  
  56 -40  34  
 -40 -19  63  
  62  45   7  
 -12  21  73  
  14  40  64  
  17   3  75  
 -39  46  48  
  53  17  53  
  55 -52  13  
 -17  61  44  
 -60  42  23  
   9   7  76  
 -42  64   9  
 -61  14  45  
 -58  19  47  
  68  22  28  
  -5  10  76  
  73  -4  24  
  16  -5  75  
  50  51  29  
   4 -75  16  
  65 -26  32  
  23 -15  72  
 -29 -68  21  
 -41   1  65  
 -20 -72  19  
 -19 -44  60  
 -29  54  47  
  76  11   2  
 -12 -72  25  
 -13  50  57  
 -73  11  22  
 -20  70  25  
 -23  41  61  
 -37  64  22  
  63  38  22  
  49 -55  22  
  57  36  37  
   8 -68  35  
  15 -51  56  
   7 -72  27  
 -55  35  41  
  60  45  18  
 -41  60  25  
  34 -11  68  
  73 -10  22  
 -23  44  59  
  34  69   2  
  71   8  29  
 -32   5  70  
 -64  27  33  
 -26 -61  39  
 -21 -67  31  
 -54  47  29  
 -20  52  53  
 -72  15  22  
  70 -32   1  
  -5 -41  65  
  77   2   0  
 -28  53  48  
  76 -13   0  
  42  -8  64  
  47  10  60  
  13  29  70  
  45  49  39  
 -62 -44  11  
  66 -14  37  
  60  28  39  
  10 -55  53  
 -34  -6  69  
 -31  58  40  
 -24 -45  58  
 -76   6  10  
  61  -1  47  
  -2 -73  24  
  27  72   6  
 -57  45  25  
 -63  34  28  
 -60 -42  24  
  -5  77   1  
  72  14  24  
 -30   0  71  
  31  51  49  
  -3 -36  68  
  34 -36  59  
   0  72  27  
  22 -71  21  
   1  34  69  
  71  29   3  
  30  65  28  
  29  60  39  
 -15 -14  74  
   2  77   5  
 -22  21  71  
 -17 -51  55  
  -8 -68  35  
   5 -30  71  
  15 -14  74  
  32  -4  70  
  55  23  49  
 -13  75  10  
  25 -21  70  
 -45  46  42  
  23 -23  70  
 -41  45  47  
  26 -41  60  
 -48 -48  36  
  -9 -43  63  
 -75  -9  14  
 -71   4  29  
  74  14  17  
  25 -48  55  
  47  49  36  
  21  22  71  
 -70  32   3  
  21 -58  46  
  57 -46  23  
 -67  15  35  
  31 -63  32  
  61  -4  47  
  28 -67  25  
 -68  -3  36  
  -4 -70  32  
  -3 -77   4  
 -31 -69  13  
  -1  65  41  
  47  21  57  
 -44 -56  29  
  49  24  54  
  71 -25  15  
  72  -3  27  
 -71  22  20  
 -26  15  71  
 -23 -30  67  
 -66  38  10  
 -32 -24  66  
 -68 -34  13  
 -13  31  69  
  61  44  16  
  45 -23  58  
 -36  61  30  
  57 -25  45  
  30  32  63  
 -75  14  11  
  22 -53  51  
  56  53   0  
 -32 -31  63  
  57 -50  14  
 -11  72  25  
 -18  75   3  
  61  -5  47  
  16 -73  18  
 -25  57  45  
  -1 -17  75  
 -66  12  38  
 -50  16  56  
 -15  53  54  
  73 -20  15  
  48  -4  60  
  29  52  49  
  39  48  46  
 -35  59  35  
  31 -64  29  
 -22 -15  72  
  13  36  67  
 -57  19  48  
  43  -3  64  
 -36 -58  36  
 -55 -24  48  
 -63 -44   3  
 -54 -51  21  
  36 -68   1  
 -54   8  54  
 -55 -53  10  
 -73  19  16  
  -9  75  15  
  -4  67  38  
  11  21  73  
 -45  14  61  
 -77  -5   1  
 -23  58  45  
  -1  -1  77  
  28  59  41  
 -44   1  63  
 -70 -21  24  
  65   7  41  
 -33 -25  65  
  52 -13  55  
 -36  26  63  
 -65  39  14  
 -38 -66  11  
  64  24  35  
 -36  62  28  
   9 -26  72  
  -6  -9  76  
  -4  74  20  
  47  29  54  
 -38 -66  10  
 -26  45  57  
  42  45  46  
 -76   6   9  
  12  34  68  
  74  19  11  
  71 -24  17  
 -40  56  34  
  48 -59  11  
  54 -42  35  
 -60  -5  48  
 -51 -53  23  
 -37  27  62  
 -52  45  35  
   2  76  11  
  66  24  31  
  56   0  53  
  13 -76   3  
   9 -29  71  
  34 -62  30  
 -36  13  67  
   0  47  61  
   9  40  65  
  21  24  70  
   2  75  18  
 -71  14  27  
 -51  21  54  
 -58  47  18  
  50 -50  30  
 -13 -55  52  
  41 -65   0  
  73 -18  16  
 -10  61  46  
  45 -30  55  
 -34  -4  69  
 -75  16   5  
  42   9  64  
 -55  18  51  
  64  12  41  
  -3  69  34  
 -18 -75   2  
 -50 -33  48  
 -22 -17  72  
 -15 -54  53  
 -12  76   4  
 -59  44  22  
  26 -72   6  
  50  57  12  
