  17 -59   6  
   8  36  49  
  -7  -4  61  
  24 -39  41  
  28  40  37  
 -15 -57  18  
 -16 -41  43  
 -20 -33  48  
  24 -10  56  
  23  27  50  
  52  17  28  
  -2 -53  31  
 -19  54  23  
  30  40  36  
  10 -41  45  
 -30 -50  20  
 -56  15  20  
 -19 -53  25  
  57  18  15  
  58  -1  21  
  46 -36  19  
  36 -50   4  
  19  49  32  
 -45 -39  15  
 -20 -58   2  
  31  21  49  
  44  41  12  
  44  41  14  
  -3 -44  43  
  12  23  56  
  56 -10  23  
 -28  48  26  
  47  39   6  
 -30  42  33  
  47 -32  24  
  -9  61   1  
  17 -24  54  
 -24 -32  47  
 -31  46  27  
 -18  58  10  
  -6  57  22  
 -32  48  22  
 -20  41  41  
  54  14  26  
 -22 -48  32  
  23 -56  10  
  23  40  41  
 -61   2   8  
  33  -3  52  
  -8 -55  26  
   2  -9  61  
  -8  26  55  
  58  -5  20  
 -45 -30  29  
  23  57   4  
  29 -23  49  
 -57  14  18  
   6 -56  25  
  -4  -6  61  
  37  48  10  
  -5 -52  32  
 -58   1  21  
  23  28  50  
 -26   0  56  
 -29  47  27  
 -17 -33  49  
  26  23  51  
 -17  59   1  
  35  21  46  
  -5   6  61  
  30 -50  20  
 -22 -43  38  
  -3  34  51  
 -47 -11  38  
  36  43  25  
  25   0  56  
  40 -43  19  
 -22  54  19  
 -56   7  25  
  -2 -25  56  
  37 -49   1  
 -24  44  36  
  26 -34  44  
  56 -23  11  
  34 -51   5  
  39  39  27  
 -27  37  41  
  45  -8  41  
  -8  53  30  
  43  44   1  
 -35 -23  45  
  -6 -17  59  
  13  58  16  
 -25  22  52  
  47  10  38  
  42 -16  42  
   1 -61   9  
  19  58   7  
 -60 -14   1  
  23  57   1  
 -21 -20  54  
  -2 -48  38  
 -41 -27  37  
 -33  36  37  
  29  54   0  
  -1 -58  21  
  37 -45  19  
  34  18  48  
 -46 -14  38  
 -51  29  18  
 -28  26  48  
  49  -4  37  
 -48  32  22  
 -24  38  42  
 -32   9  52  
 -42   3  45  
 -12 -60   4  
  36 -10  49  
 -48 -20  33  
  26  30  47  
 -31 -12  52  
  51 -23  25  
  26  52  20  
  29   5  54  
  21  52  25  
  14 -14  58  
 -56  -3  25  
  41  -1  46  
  38 -20  44  
 -58  10  17  
 -54  -1  29  
  -7 -57  22  
 -16 -13  58  
  12  46  39  
   7 -59  15  
  -6  61   7  
  25 -23  51  
  17 -59   4  
 -52  10  31  
 -56  22  12  
  -7  55  27  
  57 -12  19  
  26   8  55  
  41  35  30  
 -43 -30  32  
  43 -42  13  
 -61   0   8  
  -2  38  48  
  53 -14  28  
  10 -49  36  
   8 -59  15  
  37 -48  10  
  19 -53  25  
  60   8  12  
  37  43  24  
  -4 -20  58  
  61  -4   7  
  34  -2  51  
 -18 -41  42  
   1 -29  54  
  44  37  22  
  -7 -20  58  
 -15 -46  38  
  -2   6  61  
  59  -1  17  
  18 -23  54  
  21 -54  20  
  23 -52  23  
 -27  40  38  
  51  33   9  
   7   6  61  
 -36 -20  46  
  59 -17   4  
  10 -42  44  
  -8  28  54  
 -37  49   4  
  39 -45  15  
  -5  60  13  
 -46 -32  25  
 -32   5  52  
  -4 -60  14  
 -24  23  52  
  32  52   5  
 -61  -1   7  
 -23 -51  25  
  22  48  32  
   5 -54  29  
 -29  12  53  
 -17  15  57  
 -37   0  49  
  61  -1   7  
  -8  42  44  
  38  10  47  
  56 -21  15  
  23  23  52  
   5  53  31  
 -32  27  45  
 -56  -7  25  
  58  20   3  
  56  17  19  
  43  43   8  
  40 -34  32  
 -10 -58  17  
  38  43  22  
  50 -26  25  
 -47  -8  39  
 -35  23  45  
 -31 -52  10  
   1  33  52  
  30  16  51  
  52 -22  25  
   7   3  61  
 -60 -13   5  
  22  22  53  
   7  19  58  
   3  37  49  
 -20  40  42  
 -23  -4  57  
 -40  46   6  
  13 -45  40  
 -22 -57   6  
  42  36  27  
  42 -40  21  
   6   3  61  
 -27 -55   2  
  31 -46  27  
  54  19  23  
 -39  46  12  
 -45  41  10  
  35  23  45  
  24  50  26  
  23  18  54  
 -24 -40  40  
  47  39   7  
 -59  18   1  
 -26 -41  38  
 -17  22  55  
 -18 -50  31  
   6  16  59  
   7  30  53  
 -52 -26  20  
 -10  60   9  
 -61   2   9  
  -8 -33  51  
   7  59  15  
 -58  21   1  
  -1 -51  34  
  52  33   2  
 -20 -44  38  
   5  57  23  
 -35 -46  21  
  38  -5  48  
  41  46   2  
 -21  49  31  
 -57  12  19  
 -46  -7  40  
 -22  48  32  
 -52 -27  19  
 -21  45  36  
  37   9  48  
  19  53  25  
   2 -44  43  
  27  29  47  
  10   8  60  
  51   1  34  
  34 -45  24  
  56  -1  25  
  41  33  32  
  -8   3  61  
  21  49  31  
  20 -30  50  
 -49  34  14  
  37  10  48  
 -27 -55   4  
 -49  13  35  
  22  53  22  
 -47 -35  18  
  59  17   2  
  59  18   1  
 -43  -2  44  
 -18  29  51  
 -51  27  21  
 -19  17  56  
 -53   6  31  
   5 -53  31  
  37  37  32  
 -16  43  41  
  31   3  53  
   2 -18  59  
 -31  26  46  
 -35 -48  15  
  21 -47  34  
  33 -49  17  
 -11 -18  58  
  24 -52  22  
  27 -40  38  
   4  51  34  
 -33  26  45  
 -50 -18  31  
  10  41  45  
