 -46 -33  93  
 -63   3  89  
  32  60  85  
 -83 -44  55  
  21 -99  41  
  63  65  61  
  63 -80  39  
 -68  55  65  
  19 -75  77  
  79  73  19  
  48 -98   4  
   2 -95  53  
 -55  94   4  
 -98 -33  35  
  -1 -60  91  
  52  46  84  
  37 -31  98  
  60 -90  13  
   9 -88  64  
 -67  25  82  
 -95   7  53  
   0  94  55  
 -48  94  28  
 -73  41  70  
  75 -50  61  
  38  44  92  
  73 -80  11  
 -32  68  79  
  98  -1  48  
 -91  35  49  
  97 -49  10  
  42   8 100  
  80  61  42  
  76  78   1  
 -75  78  15  
  84  -5  69  
 -85 -68   5  
  97  41  28  
 -85  68   1  
 -42 -93  39  
  38  62  81  
  58 -90  21  
  43  94  35  
  -9  70  83  
 -17 -96  49  
 -86 -66  11  
  74  54  59  
 -89 -55  31  
 -98 -45  15  
 -55  46  82  
  54  29  90  
   0 -52  96  
   6  68  85  
 -82 -51  51  
   1  89  63  
 -81 -15  71  
  36  86  56  
 -65   6  87  
 -14  48  97  
 -86  -6  67  
 -63 -61  65  
   9  59  91  
  86 -63  22  
  22 -56  91  
 -59 -13  91  
  29  91  53  
 -90 -52  33  
   0 -98  48  
  81  73   0  
  52 -50  82  
  60  18  89  
  83   0  71  
 -53 -29  91  
  22 -72  79  
 -88 -55  33  
  98 -19  44  
 -83 -71   2  
 -14  67  85  
  62  55  71  
  99  33  31  
 100 -21  38  
  39 -41  93  
  -3 -64  88  
  98 -11  46  
 -26  49  94  
  89  -9  62  
  64 -87  13  
  16  97  47  
  50 -23  94  
 -59  85  35  
  61  89  16  
  49  97   8  
  93  -6  57  
  91  29  53  
  41 -92  42  
  69 -35  77  
  57 -14  92  
  68  73  44  
  48 -43  88  
 -98 -28  39  
  77 -28  72  
  37 -94  41  
 -90 -16  59  
  55  67  66  
 -17 -42  99  
  99 -44  12  
 -84  27  64  
  80 -54  51  
  39  85  56  
 -17  94  53  
 -57  92  12  
 -11 -74  79  
  80  20  71  
   2  63  89  
  18  59  90  
  93  10  56  
 -38 -28  98  
  48  97  11  
  17  77  75  
 -55  94   7  
  -3 -93  57  
 -70  83   7  
  66  10  86  
  55 -66  67  
  70  80  25  
 -71  24  79  
  60 -76  50  
  62  86  26  
  40  81  61  
 -10 -99  44  
 -81  26  68  
  86 -67   0  
 -36  99  28  
  -5  96  51  
   8  45  99  
  23  94  50  
 -96 -33  40  
 -57  -3  93  
  37  88  53  
 -46  -4  99  
  86 -34  58  
 -10  52  95  
   5 -85  68  
 -52  57  77  
  88 -60  22  
 -74 -69  41  
 -39 -79  64  
 -92  44  38  
  -6  45  99  
 -70  68  48  
 -16  92  56  
  90 -24  57  
 -35 -95  40  
 -91  13  59  
 -52 -60  75  
 -95 -11  52  
  85  61  31  
 -71 -49  67  
 -90  59  18  
  48  65  73  
 -67  72  47  
 -78  72  24  
 -74 -76  26  
 -99 -14  44  
 -52 -12  95  
 -75 -60  52  
  81 -57  45  
  99  12  44  
  80  40  62  
 -66 -71  50  
 -56  26  90  
  75 -71  35  
 -55  82  46  
 -97  18  46  
  91 -28  53  
 -79  45  60  
 -38  54  87  
 -19 -42  99  
 -87   6  65  
 -59 -29  87  
 -46  78  61  
 -47 -61  77  
 -46  23  96  
 -94  25  49  
  55 -93  14  
  -2  79  75  
  53 -20  93  
  67 -70  50  
  67 -17  84  
  98   5  48  
  28  92  51  
  39  27  98  
  41 -63  79  
  94 -50  23  
 -45 -91  39  
 -17 -66  85  
  82  72   0  
  21  56  91  
 -83 -54  45  
 -27  77  72  
  76  62  48  
 -58  89  25  
 -43  -4 100  
 -49  48  85  
   4  43 100  
  50 -55  80  
 -68 -44  73  
  -7 -88  64  
 -26  96  44  
  69  -7  84  
  26  96  44  
  78  -8  76  
  92 -14  57  
 -86  58  34  
 -60 -63  66  
  84  15  68  
  75 -78  11  
  54  92  22  
 -56  93   9  
  22 -87  62  
   7 -78  76  
  61 -40  81  
  26  95  47  
  12 -82  71  
 -74 -60  53  
  51 -93  26  
  79  58  48  
  55  86  38  
  97 -40  30  
  62  -8  89  
 -43 100   6  
 -85 -50  47  
  60 -30  86  
 -21 -87  62  
  84  35  60  
  86 -62  26  
  84 -51  47  
 -68 -29  80  
 -82  66  28  
  47  91  37  
 -59 -22  89  
 -47 -39  90  
  -7  76  78  
  28 -86  61  
  78  75  11  
  25  35 100  
  -7 -55  94  
  54 -32  89  
 -94 -45  32  
  22  68  82  
  74  78  17  
 -64 -85  23  
  26 -84  64  
  56  82  45  
   2  58  92  
 -74  17  78  
  82  32  64  
  49  84  49  
  60  66  63  
  50  59  77  
  66 -83  26  
  84  27  64  
 -97 -43  25  
 -80  -2  74  
 -40  25  98  
 -40 -100  17  
  53  90  31  
 100  18  40  
 -69  46  71  
 -52   2  96  
  62 -25  86  
  89 -34  53  
  98  40  26  
  30 -97  39  
 -86  27  61  
 -27  98  39  
 -89  56  29  
  95  50  20  
  14  98  46  
   5 -79  75  
  15  89  61  
 -21  99  40  
 -87  44  49  
  94 -52  18  
  92 -36  46  
 -60 -57  71  
 -93  48  30  
 -82  72   3  
  98 -36  31  
  79  22  72  
  44 -77  63  
  13 -99  44  
 -92   1  58  
 -67 -48  71  
  54 -39  86  
 -16  89  61  
 -30  91  52  
 -61   3  90  
 -55 -50  80  
 -80  62  40  
