 -15 -39  35  
 -25 -48   5  
 -15 -41  33  
  29 -46   3  
   5  51  19  
 -28  40  24  
 -13  14  51  
  35 -37  20  
 -27  -3  47  
  44  -9  31  
 -50   0  22  
  -3 -49  24  
  22  -2  50  
  33  -3  43  
 -50 -21   5  
  11 -53   8  
  42  33  11  
 -44  10  31  
  52  13   9  
  10  -7  53  
  25 -27  40  
  53  -4  13  
 -47   1  28  
 -24   8  48  
  42  32  14  
 -37 -40   3  
   5  42  34  
  40 -11  35  
  -1 -36  41  
  21  41  29  
  28   8  46  
 -24  16  46  
  43 -10  32  
  23 -49   8  
  46  29   2  
  28  24  40  
  33  10  42  
 -43 -24  23  
  -5  18  51  
 -51  -6  18  
  45 -26  17  
  26 -48   3  
  39  10  37  
  45   7  30  
 -28 -45  13  
  -8 -54   2  
 -31 -30  33  
  22 -32  38  
   4 -36  41  
 -54  -4   7  
 -38 -25  30  
 -43  -6  33  
  26   0  48  
  52 -10  12  
 -25 -26  41  
 -26 -39  28  
 -54   4   6  
  38 -36  15  
 -42  13  32  
  -7 -42  34  
 -36  30  28  
  24  25  42  
  -8 -46  28  
  47  23  15  
 -29 -41  21  
 -17   2  52  
  44  12  30  
 -53  11   8  
  25 -41  26  
 -49  18  15  
 -24  33  36  
 -49   5  23  
   8 -45  30  
  37 -26  30  
  21  -2  50  
  50  22   2  
 -33 -33  28  
 -47 -24  14  
 -13  31  43  
 -35 -32  27  
   9 -32  43  
  43 -28  18  
  21 -50   7  
  33  28  33  
 -43 -32  11  
 -37 -19  35  
 -34 -11  41  
  28  12  45  
  11 -13  52  
   7 -54   2  
 -40 -37   2  
 -32 -37  24  
  29 -40  23  
 -53 -12   4  
  48   4  25  
 -50  20   9  
 -32 -25  36  
 -51  15  13  
 -50  -5  21  
 -43  16  29  
 -35  33  26  
  46 -24  17  
  -4  50  21  
 -12  34  41  
   6   1  54  
  25 -45  18  
  49 -24   3  
 -23 -44  23  
  32 -41  17  
  10  26  47  
  22  50   3  
 -54   6   3  
  13 -53   3  
  19  49  14  
  -5  -3  54  
 -33  43   4  
 -36 -29  29  
 -38  33  21  
 -23 -21  45  
  51 -19   2  
 -28 -46   7  
 -18  38  35  
  12 -45  28  
 -27 -22  42  
  54   4   5  
  22  16  47  
  38  18  35  
  26   1  48  
 -41  33  14  
  24 -28  40  
 -25  -4  48  
  -7  43  33  
 -54   0   6  
 -37  13  38  
 -17  30  42  
  45  21  23  
  18  12  50  
  53 -13   4  
  54   3   7  
 -15  -6  52  
 -27 -17  44  
  -5  39  38  
 -46  -5  29  
   1  51  19  
  19  36  36  
 -16 -42  31  
   1  35  42  
  12 -53   0  
 -26 -48   4  
 -33 -43   5  
  28   1  47  
  -7  28  46  
  49 -10  22  
 -19 -11  50  
  32  35  27  
   0  53  12  
   4 -23  49  
   7 -30  45  
 -12  10  52  
   4  -6  54  
  29  10  45  
  -5 -34  42  
  30  11  44  
 -24  -2  49  
 -54  -6   2  
  29 -38  26  
  48  23  11  
  38 -38  10  
 -34  36  23  
 -19  28  43  
   3  -5  54  
   5  19  51  
  25   4  48  
  22   2  50  
 -45 -26  16  
 -15  31  42  
 -23  15  47  
  52   0  17  
 -39  30  23  
 -31   8  44  
  17  38  35  
 -44 -28  15  
   2 -54   7  
 -50 -17  13  
 -25  30  38  
  28 -47   2  
 -34 -38  19  
  24  36  33  
 -48  16  20  
  45 -20  23  
   1  36  41  
 -26  40  26  
 -11 -42  33  
 -15  -7  52  
  49  24   2  
  24 -34  35  
  47 -17  22  
 -14  22  48  
 -46 -29   2  
  24  49   2  
  37 -30  26  
   1 -22  50  
  28  45  12  
 -51   7  18  
 -12 -28  45  
  50  13  17  
 -49   9  22  
   8   4  54  
  -8 -51  18  
  30  45   6  
  37 -10  39  
 -49  15  19  
  16 -52   3  
 -26  28  39  
 -36  32  25  
  50  21   6  
 -38 -19  34  
  50 -21   4  
  -8 -52  15  
   4 -41  36  
 -34 -14  40  
  24 -40  28  
  42 -29  19  
 -42  14  32  
  23 -28  41  
  19 -37  35  
  -6 -53  11  
  23  49   5  
   9 -52  14  
 -34 -39  17  
 -36 -15  38  
  -5 -52  15  
  38 -32  23  
  -9  46  28  
 -22  -9  49  
  35  26  33  
 -19  10  50  
   0   7  54  
 -52 -16   4  
   0  26  48  
   4 -52  15  
 -52   4  16  
 -15 -46  25  
  49  20  12  
  -7 -52  15  
  23 -21  45  
 -46   2  29  
  36  40   7  
  52   9  14  
 -12 -47  25  
  -8  34  42  
 -14  34  40  
 -53  12   5  
  -1  16  52  
  47 -27   6  
  11  -6  53  
  43  10  32  
  24 -47  14  
 -50  20   8  
 -47  15  23  
  13  52  10  
 -54  -2   6  
  -6  34  42  
 -26 -46  14  
  42 -32  14  
 -50   2  21  
  13  -4  53  
  36   3  41  
  13 -51  15  
 -42  22  27  
  24  49   3  
  36   9  40  
   4  27  47  
 -49  23   8  
  12 -42  33  
  21 -33  38  
 -30  14  43  
 -48  18  19  
 -24  46  17  
   5 -47  27  
  34 -35  24  
   3 -54   5  
 -19  -5  51  
   5 -29  46  
  11 -52  12  
 -16  51  11  
  29 -42  19  
  12  11  52  
  14  52   9  
  44 -32   4  
  31  36  27  
 -13 -22  48  
  28 -46   7  
 -31  43  12  
  36 -15  38  
  23  48  12  
 -41 -33  15  
 -10  -6  53  
  -2 -54   6  
  29 -29  36  
