  10  17  14  
  24   0   2  
   9  22   0  
  16 -17   5  
  16 -16   8  
   9 -13  18  
  23   4   5  
   5   5  23  
  -1  10  22  
   5 -23   5  
 -24   0   3  
  -9 -22   4  
  -1   0  24  
  -8   5  22  
  15  18   4  
 -12 -17  12  
 -22  10   1  
 -23   7   3  
  -2   9  22  
   5  12  20  
 -14  16  11  
  -1  -3  24  
 -11  20   8  
   5 -12  20  
  12 -17  12  
   9   1  22  
 -23   6   1  
  22   4   9  
   5 -21  10  
 -10  14  17  
   0   3  24  
  14  18   7  
 -11 -19  10  
  19  12   8  
  12  19   8  
  17  12  12  
  22  -1  10  
 -22   3   9  
 -19   7  13  
  -5  -8  22  
  -2   0  24  
  12 -18  10  
  -8 -19  12  
   7  23   2  
  10 -15  16  
  -3  -9  22  
  11 -17  13  
 -16  -6  17  
 -23   1   6  
 -20   4  13  
  -1  22  10  
  10  21   6  
 -10 -12  18  
  -4 -15  18  
  -1 -16  18  
  -1  -6  23  
 -23   5   4  
 -21  11   2  
   1  -3  24  
  23   3   7  
  24  -1   1  
  -6  23   1  
 -16 -11  14  
  16  18   2  
 -11  10  19  
  23   6   4  
  -1  15  19  
 -15  17   8  
 -22  -7   6  
   9  21   8  
  23   7   2  
 -21   5  10  
   5  -8  22  
   6  18  15  
 -12 -12  17  
 -14  19   4  
  11  -7  20  
   6  -4  23  
   5   4  23  
  -5 -22   8  
 -20  -6  12  
   5   8  22  
   2  11  21  
   1   0  24  
   8  16  16  
   3  19  14  
  18  16   2  
   0  -1  24  
  18  15   6  
   3  24   0  
  19   8  12  
  10 -12  18  
  15  -6  18  
  15 -12  14  
 -24   2   2  
   1  20  13  
  -1  24   2  
   1   9  22  
  -9  21   8  
   8 -15  17  
 -14   4  19  
   2  -7  23  
  12  20   5  
   6 -19  13  
 -20 -12   6  
  -1  21  12  
  13 -12  16  
  -9 -18  13  
 -22  -9   2  
 -13   3  20  
 -15   8  17  
  12  14  15  
  -2 -13  20  
   5  23   4  
 -22  -5   8  
   3   1  24  
  24   2   0  
  -4 -23   6  
   0  20  13  
 -17  15   8  
   0  23   7  
  12 -10  18  
   6 -13  19  
 -21  -5  10  
   3 -14  19  
  20  12   5  
  22  -6   8  
  23   6   3  
   6 -23   2  
 -11  -8  20  
  -1  13  20  
   3 -11  21  
 -16  18   1  
   2 -18  16  
 -16 -10  15  
 -24  -2   1  
  17  11  13  
 -18   9  13  
  10  20   9  
   6 -22   8  
  -2  -1  24  
   2   6  23  
  -6  18  15  
 -20 -11   7  
  -8  22   6  
   9  20  10  
  19 -14   4  
  12  10  18  
   9  -2  22  
  -4 -22   9  
  -5 -18  15  
   8  15  17  
  17   9  14  
  11  -3  21  
  11   2  21  
   9 -10  20  
 -18  14   7  
 -14  14  14  
  11 -21   2  
  12  13  16  
  -6   1  23  
   3  14  19  
  17  -3  17  
  -1 -17  17  
 -20  11   7  
  11  14  16  
  -3  13  20  
  14 -10  17  
 -16  13  12  
  19   0  15  
   2  16  18  
 -11 -14  16  
  20   0  13  
 -17  -9  14  
  -6   2  23  
  11  10  19  
  23  -7   2  
 -18 -12  10  
 -19 -11  10  
  -4 -18  15  
   5  21  10  
 -14  15  12  
  16   2  18  
  -9 -10  20  
 -18  -8  14  
 -11  13  17  
 -16   0  18  
  18  15   4  
   2  20  13  
 -21   8   8  
 -23   2   6  
  -1  -9  22  
  -6  -3  23  
   0  19  15  
 -13 -17  11  
 -10  16  15  
   1 -23   6  
  -6 -17  16  
   3   7  23  
  10  -2  22  
  14  18   8  
 -22  -1   9  
  -2  20  13  
   1  12  21  
  13  17  11  
  -2  10  22  
  23  -7   3  
  -8 -15  17  
  -9  -7  21  
   1  -6  23  
  18  11  11  
 -20 -10   9  
  -2  23   6  
  -1 -20  13  
   1  23   7  
  18  -2  16  
 -17 -17   1  
   3 -17  17  
  -7 -14  18  
  24   0   1  
   1   2  24  
 -18  -2  16  
 -20 -11   8  
 -21 -11   2  
 -12  21   1  
   5  -5  23  
  10   9  20  
 -10  22   2  
   5 -17  16  
  21  -5  11  
  11   3  21  
 -16 -16   8  
 -23   5   5  
  16 -18   0  
  -7 -19  13  
 -11 -20   7  
  18  10  12  
 -12 -15  14  
  -1 -23   6  
  18   0  16  
   4 -18  15  
  -3 -22   9  
  10  18  12  
  22   3   9  
   1 -24   2  
 -20  -3  13  
 -14 -15  12  
  -2 -24   2  
  16   5  17  
   5  18  15  
   4  20  13  
   6  15  18  
 -18 -11  11  
 -19  -7  13  
   4  19  14  
   2 -11  21  
   2 -10  22  
 -17 -16   5  
  24  -2   0  
 -18  13   9  
  16  17   5  
  11   5  21  
  -5 -11  21  
 -11 -21   5  
  -1  18  16  
  11  21   4  
  13 -19   6  
  -4  13  20  
   3  23   7  
 -15   0  19  
 -22  -1  10  
   9  10  20  
  16  -2  18  
   9   2  22  
  -1 -24   1  
  24  -2   1  
   4 -20  13  
  11  11  18  
   9   4  22  
  -1   7  23  
  -4  22   9  
  22  10   1  
 -22 -10   2  
  -8 -21   9  
   8  21   8  
   9 -19  12  
  20 -12   5  
 -15 -11  15  
  17  15   8  
   8 -20  11  
   5  14  19  
   6  -7  22  
  -4  -5  23  
  -5  22   8  
 -20   2  13  
 -14 -19   3  
  -8 -22   5  
   1 -18  16  
  -9 -19  12  
  -1  19  15  
