 -14 -18  58  
  28 -30  47  
 -29  55   6  
  46  17  39  
 -10 -61   8  
   9 -49  38  
 -14  60   9  
  48  29  28  
 -44  15  42  
  62   6   6  
  62  -6   2  
  40 -43  22  
  51   5  36  
  28  30  47  
 -14 -56  24  
  54 -29  13  
  11 -25  56  
   6  16  60  
 -40  27  40  
 -15 -60  10  
  17  60   3  
  18 -34  49  
 -41 -45  14  
 -50 -35  14  
 -12 -13  60  
 -35  -2  52  
 -11 -29  54  
 -22  -6  58  
  16 -60   9  
 -28  54  15  
  -6 -59  19  
  56  23  15  
  28  54  15  
  -4  60  17  
  31  21  50  
  21 -29  51  
  32 -53   7  
  21  23  54  
 -44 -23  38  
 -46  42   2  
  -5  56  27  
 -13  39  47  
  -5 -62   4  
 -44  44   3  
   7  32  53  
  17  22  56  
 -57  18  18  
 -58 -15  18  
   0 -13  61  
 -43   2  45  
   3 -44  44  
  62   2   7  
  46   3  42  
  53 -26  21  
 -28 -55   9  
  48 -33  22  
  37  50   6  
  31  39  38  
 -48 -40   1  
  53  32   8  
 -19  14  58  
  20  55  22  
  22 -57  14  
 -36 -51   3  
 -15 -38  47  
 -36  11  50  
  46 -14  40  
 -27   5  56  
  45  39  19  
 -34 -49  19  
 -56  11  26  
  16  54  27  
 -48 -16  37  
 -46   2  42  
 -48  22  33  
   5  55  29  
  39 -13  47  
  -5 -53  33  
 -25  53  22  
 -50 -37   7  
  -1 -39  49  
   9  10  61  
  47 -41   1  
  57 -25   4  
 -34   5  52  
 -26 -50  27  
 -12 -43  44  
  -9 -56  26  
 -40 -26  40  
 -14  44  42  
  43  21  40  
  -3  -8  62  
  41  30  36  
  27 -56   5  
 -29  26  49  
 -28 -52  21  
  -1  51  36  
  45 -41  15  
 -39  48   8  
  44  34  28  
  54  28  15  
 -46  42   5  
   4  43  45  
  -5  34  52  
  31 -46  29  
  33 -25  47  
 -36 -51   6  
 -36  24  45  
 -34 -46  25  
 -49 -27  28  
 -45 -28  33  
  20 -59   2  
  -6  -1  62  
  33  48  23  
  51  -1  36  
  44 -25  37  
 -16 -27  54  
  -9  53  32  
  41  21  42  
  -4 -59  20  
 -11  28  55  
 -31 -54   4  
  -4  23  58  
  12  48  38  
  14 -41  45  
  18  38  46  
   9 -36  50  
  45  -3  43  
  25 -38  43  
  -8 -56  26  
  -3  18  60  
 -16 -55  25  
 -46 -42   2  
  47  41   4  
  28  56   0  
 -56  14  24  
  -3  61  14  
  57 -26   3  
 -40  10  47  
 -34 -44  29  
 -24  10  57  
 -51  31  19  
 -33   2  53  
  13  54  29  
  29  36  42  
  37 -15  48  
   1  41  47  
  30  17  52  
  53  33   5  
  16  22  56  
   8  62   5  
 -49  38   9  
  43  15  43  
   4  -7  62  
 -59  -3  20  
  35  46  24  
 -39 -36  33  
 -28  45  33  
  17 -49  35  
 -56 -22  17  
 -52  35   1  
 -59  -7  19  
  27 -24  51  
  16  46  39  
   4  56  28  
   8  61  12  
   0 -23  58  
 -41  10  46  
  48  30  27  
  -4  47  41  
  25 -44  37  
  -2 -41  47  
   6  12  61  
   4 -58  23  
 -60   9  14  
 -40  17  45  
 -41  40  25  
  39 -31  38  
  32 -19  50  
 -17 -15  58  
   3  54  31  
  34 -13  51  
 -21 -24  54  
  36  26  44  
 -23  43  39  
   5   8  62  
  36  -5  51  
 -16 -54  27  
 -59  -1  21  
 -61  13   4  
 -33 -36  39  
 -35 -43  29  
 -36 -17  48  
  61  12   4  
 -47   0  41  
 -23   5  58  
 -30  49  25  
  44  -7  44  
 -10  47  40  
  53   4  33  
 -56 -24  15  
 -44 -38  23  
  19  -9  59  
  30 -46  30  
 -11 -58  20  
 -47  -5  41  
  14 -18  58  
  54  25  19  
 -55   0  30  
 -54 -17  26  
  59 -19   8  
 -25  -5  57  
  26  57   3  
 -20  59   2  
   6  -5  62  
 -23 -38  44  
 -50 -13  35  
  21 -52  28  
 -28 -47  30  
   2 -18  60  
   8 -10  61  
  42 -22  41  
  43   7  45  
 -47  36  20  
 -49   2  39  
 -42  30  35  
 -48 -36  17  
  52 -14  32  
 -17 -35  49  
 -58  15  18  
  35  50  14  
  37 -49  12  
  -6 -23  58  
  50 -16  34  
 -43 -20  41  
  11  42  45  
 -25  43  38  
 -43  45   3  
  46 -33  26  
  40 -35  33  
 -43 -45   7  
  46 -40  13  
  26 -46  33  
  59  -2  20  
 -56 -20  19  
 -13  55  27  
 -14 -22  57  
  35  36  37  
  53  19  27  
 -12  -6  61  
 -40  -4  48  
 -32  40  36  
 -34 -35  39  
 -16 -51  32  
  26   2  57  
  43 -30  34  
 -29 -54  11  
 -14 -19  58  
 -21 -59   2  
  39 -35  34  
  43  31  33  
  54  30   8  
  15 -14  59  
   8  32  53  
 -49  -7  38  
  38  39  31  
   1  -9  62  
  -3 -13  61  
  15  42  44  
   3  48  40  
 -15 -57  21  
 -51 -35   8  
  22 -16  56  
  23  38  44  
  24  18  55  
  24 -57   8  
 -59  -9  18  
  13 -60  12  
  26 -11  56  
  24  46  35  
 -52 -35   2  
 -22   7  58  
  -8  61  10  
 -11  61   8  
 -16 -56  23  
  33  11  52  
  29 -28  48  
  42  -4  46  
  19  13  58  
  59  -5  20  
  17 -12  59  
 -39  39  29  
  30 -35  42  
 -53  29  16  
  19 -44  40  
 -14   3  61  
  -5 -62   7  
  58  12  20  
 -28 -27  49  
  21  -3  59  
