  -8  14  89  
  59  28  63  
   7 -90   2  
 -35 -77  32  
  81 -29  28  
  -6 -49  76  
  64 -23  60  
  53 -70  21  
  -5  25  87  
  87 -14  20  
  48 -69  33  
 -59 -68  10  
 -66   5  62  
 -38 -59  57  
  40 -69  43  
  65 -61  17  
  68 -59   7  
 -84 -29  17  
 -85 -30   6  
 -64 -34  54  
 -63  15  63  
 -76 -31  38  
 -52 -36  65  
  49  38  66  
  33 -64  55  
 -60  15  66  
 -10 -80  41  
  44   0  79  
 -69 -56  17  
 -15  81  37  
  50  71  26  
  61 -43  51  
 -42 -51  62  
  27   6  86  
 -16   3  89  
  13 -10  89  
  33  64  55  
 -53 -72  14  
  26 -38  78  
 -86  14  24  
 -54 -19  70  
 -25 -29  82  
  57  70   7  
 -30 -19  83  
 -32  49  69  
  65  40  49  
  77 -46  12  
 -56 -11  70  
  84 -33   1  
  43 -21  77  
 -75   5  50  
 -49  53  55  
  -3 -63  65  
  83  20  30  
  26 -43  75  
  22  62  62  
   5  25  87  
 -81 -40   4  
 -72 -51  19  
  37 -59  58  
  17 -46  76  
 -54 -59  42  
  13  80  40  
 -88   4  21  
  59   7  68  
 -78 -22  40  
 -85 -10  30  
  15  20  87  
  89 -17   5  
  45  63  47  
 -90   5   6  
  50 -41  63  
 -71 -47  31  
 -70 -25  52  
 -89 -17   4  
  17  84  29  
  35 -83   6  
  89  15   7  
 -25 -61  62  
  43 -74  29  
 -69  46  36  
  -6  58  69  
  32  46  71  
 -44  59  53  
 -86  26  10  
  25 -69  53  
  34  17  82  
 -50 -74  15  
 -48  21  74  
 -58  68  13  
  27 -58  64  
 -68  57  17  
 -55 -12  71  
 -61  19  64  
 -84  32  10  
  -1  15  89  
 -20 -87  15  
 -51  20  72  
  51  47  58  
 -10 -61  66  
  27   9  86  
  40 -55  60  
  36  81  17  
  16  84  30  
  76  33  36  
 -87   6  24  
 -18 -76  46  
 -64 -16  62  
 -23  75  45  
 -30  -9  85  
 -29 -22  83  
   2 -36  83  
 -32  79  31  
 -16 -37  81  
 -35  75  37  
 -45  33  71  
 -82 -17  34  
   3  62  66  
  85 -20  24  
  52  22  71  
  50  75   5  
  71  19  53  
  49 -55  53  
  22   1  88  
 -81   7  40  
 -46  25  74  
  64 -43  47  
  -7 -56  71  
  30 -83  19  
 -31  77  36  
 -39  81  11  
 -72 -48  26  
 -18 -71  53  
 -32  37  76  
  90  -3   8  
 -24  -4  87  
  66  51  35  
  83 -34  11  
 -38   4  82  
 -88  13  17  
  -2 -67  61  
 -71  10  55  
  73 -51  16  
  65  45  44  
 -85  27  14  
  61 -53  41  
  90  -6   7  
 -76  36  34  
  48 -29  71  
  19  76  45  
  61 -12  66  
  71 -29  48  
  19   7  88  
  21  72  51  
 -23 -85  21  
  26  25  83  
 -44 -21  76  
  86 -28   1  
 -15  89   6  
 -11  75  49  
  61  33  58  
  41 -27  76  
 -24  81  33  
 -29 -41  75  
  81  11  39  
 -24 -81  32  
  47  57  52  
 -29  85  12  
  21 -35  81  
  73 -44  31  
 -56  29  65  
 -76  18  46  
 -70 -24  52  
 -65  42  47  
  56  58  41  
   0   9  90  
 -62 -17  64  
 -68 -50  33  
  54 -56  46  
  -9  84  32  
 -20 -86  19  
   2 -61  67  
 -27 -21  84  
  -9 -68  59  
  22 -44  76  
  66 -59  19  
  12  48  76  
  -1 -90  10  
  67 -57  21  
  -3 -89  17  
  63  55  34  
 -35  23  80  
  13  72  53  
  59 -64  25  
 -75 -15  48  
  53  68  28  
  88  19  10  
 -47  -3  77  
 -45  43  66  
 -72   9  54  
 -34 -71  45  
  75  42  29  
  59  67  14  
 -80  26  34  
 -37 -82  10  
  64  12  63  
   8 -81  40  
  -7 -15  89  
 -74  22  47  
  40  36  73  
  46  76  16  
  76  43  23  
 -77  38  29  
 -15 -45  77  
 -38 -63  53  
  37 -53  63  
 -52 -41  62  
 -45  74  26  
  36  38  74  
 -35 -40  73  
  78 -46   3  
  -4 -89  16  
  87  14  21  
 -41  80  12  
  86  27   9  
 -65 -53  34  
  35  41  73  
  81 -38  15  
 -59 -51  46  
  78  34  31  
 -32  71  46  
  12  43  79  
  12  61  66  
 -60  -3  68  
 -61 -12  66  
   3 -90   9  
 -81 -15  38  
 -41 -24  77  
 -39  35  74  
 -65 -51  37  
  34 -76  35  
 -53 -15  72  
  82  19  33  
  72   9  54  
  82 -20  32  
 -69  15  57  
 -63 -10  64  
 -43  79  10  
 -50 -66  37  
  -3 -88  20  
 -31  85   5  
 -77 -37  30  
 -10  -3  90  
 -41  72  36  
 -22  53  70  
  72 -38  40  
  29  80  31  
 -42 -79  12  
  35  73  40  
 -68  15  58  
 -71 -34  45  
 -81 -18  36  
 -28 -63  59  
 -87 -25   4  
  -5 -53  73  
  70  39  42  
 -27 -86   7  
  63  53  37  
 -24   9  87  
  87  22  12  
  81 -12  39  
 -44  49  62  
 -40  -1  81  
 -51 -75   1  
 -90   5  10  
  22 -12  87  
 -63 -58  30  
  88 -14  15  
 -62  30  59  
 -78 -31  34  
  84 -19  28  
 -26 -42  76  
 -48  39  66  
  20  70  54  
 -23 -10  87  
  49  76   1  
 -36 -19  81  
 -73  35  41  
  31  29  80  
  72 -26  48  
  52  65  36  
  -5  36  83  
 -22  78  40  
  44 -22  76  
 -21  56  68  
 -80 -14  40  
  14 -28  85  
  -9 -76  48  
  50 -74  16  
 -30 -85   7  
