   1 -10  10  
  11   5   7  
  14   1   0  
  -3 -13   4  
  -7  -8   9  
  -2 -12   7  
   5   3  13  
   5 -13   2  
  -5  -2  13  
   5   7  11  
  -1  -5  13  
 -12   2   7  
  13   5   3  
   9   0  11  
   0  10  10  
  -4  -9  10  
 -12  -7   2  
  -5  13   3  
 -11  -1   9  
  -8   8   8  
  -6  -9   9  
   3 -13   5  
  -4   3  13  
  -2  13   5  
   7 -12   0  
  14  -1   2  
   1   0  14  
  14  -1   0  
 -13   1   5  
  11  -5   7  
 -14   2   1  
   9  -4  10  
   3  10   9  
   2   7  12  
  -2  -7  12  
   2  14   0  
   7 -10   7  
  12  -7   3  
   3   8  11  
  -7  -1  12  
   7  -2  12  
 -10  -6   8  
   7  12   2  
 -10  -4   9  
  -1  12   7  
 -14   0   2  
 -11  -8   4  
   4  -8  11  
  -2 -13   5  
   5 -12   5  
  -1 -10  10  
  11  -8   4  
   1  -9  11  
  11  -6   6  
 -10 -10   1  
   0  -7  12  
  -6   4  12  
  -9   4  10  
  10   8   6  
   3 -13   4  
  -3   4  13  
  -5   1  13  
  -3   9  10  
  11  -9   1  
   5  -1  13  
 -11  -3   8  
   2   5  13  
  10   9   3  
 -10  -7   7  
  -1  13   5  
   1 -14   0  
   5  -5  12  
  12  -5   5  
  11  -1   9  
   0  -5  13  
   9   3  10  
   9 -10   4  
  -4  -6  12  
   6  -9   9  
  -8 -10   6  
   7   5  11  
 -14   0   1  
  12  -7   0  
  10   4   9  
  -4  12   6  
  -3   7  12  
   4  -6  12  
   9  -7   8  
   9   9   6  
 -11   7   5  
   7  12   0  
   6  10   8  
   9   1  11  
 -10   9   4  
   8  -8   8  
  12   0   7  
   8  11   4  
   5  -2  13  
   6  -4  12  
  13   5   1  
   2 -14   1  
   6 -10   8  
  13   3   5  
   9  -9   6  
 -10   3   9  
 -11   0   9  
  11   8   3  
  -5  -5  12  
  11   9   0  
   1  13   5  
  -6 -12   4  
 -11   9   1  
   7   3  12  
  -5  12   5  
 -10   6   8  
   8 -10   6  
  13  -2   5  
  -5   5  12  
  -1   1  14  
   7  10   7  
   2 -14   0  
  -7  12   2  
   8   7   9  
 -11   3   8  
  14   1   1  
  12   3   7  
  -7 -12   1  
   0  12   7  
  -7   2  12  
   0  14   0  
  12   2   7  
 -10   8   6  
   8   9   7  
   4  10   9  
  13  -3   5  
  -1  11   9  
   9 -11   0  
 -13   5   3  
   5  13   0  
  12  -7   2  
  -8  10   6  
   0  -1  14  
   9   7   8  
  -4  -8  11  
   8  10   6  
  13   5   2  
  -6  12   4  
   3 -12   7  
  -4  10   9  
  -9   7   8  
  -9 -10   3  
  -1  14   2  
  -5 -13   1  
  13  -3   4  
   9 -11   1  
   5  11   7  
 -10  -8   6  
   8  -7   9  
  -2   0  14  
 -10   0  10  
   4  11   8  
  -9  -8   7  
  12  -7   1  
  14  -1   1  
   2  12   7  
  10  10   0  
 -12  -7   3  
 -11  -7   5  
 -12   4   6  
  -3  12   7  
  -9 -11   1  
  -4 -13   4  
   1  -1  14  
   7  -7  10  
   1   9  11  
   6 -11   6  
 -11  -6   6  
 -11   4   8  
  -8  -8   8  
   6  -8  10  
   9   6   9  
  -4  11   8  
  -4  -3  13  
  12  -3   7  
   5 -11   7  
  -8   6  10  
   1  12   7  
   5   2  13  
   9  10   3  
  13  -4   4  
 -14   1   2  
   7 -11   5  
  -1   7  12  
   7  11   5  
   8  11   3  
  -1  -9  11  
  -7   7  10  
   2   1  14  
   2  -5  13  
   3  12   7  
  -7  12   3  
  11  -3   8  
  -8  -9   7  
  -1 -13   5  
 -10  -3   9  
  11   8   4  
 -10  -9   4  
  -5  -3  13  
  -8 -11   4  
   1   5  13  
 -12   0   7  
  -3  -7  12  
  -5  11   7  
   5   5  12  
  14   2   0  
   4   3  13  
  -9   0  11  
  -6   8  10  
  -7  -9   8  
  -6  -8  10  
  11   6   6  
   5 -13   3  
  14  -2   1  
  -4  13   3  
  -3  13   5  
   0   0  14  
 -11  -8   3  
  10   1  10  
   8 -11   3  
 -11  -4   8  
  -2  -5  13  
   4  12   6  
  -1  -7  12  
   6   4  12  
  -9   3  10  
   9 -10   3  
   8 -11   4  
  13   2   5  
  -7  12   1  
  -7   3  12  
 -12   7   2  
  -9  -7   8  
  13  -4   3  
   7   9   8  
   0 -11   9  
  11  -8   3  
  -7   5  11  
  -9   6   9  
 -12   7   1  
  -4  -4  13  
   7   0  12  
  12  -4   6  
 -10  -1  10  
   2  13   5  
  10  -8   6  
   7  -1  12  
   4  13   3  
   8   4  11  
  -2   7  12  
   2 -13   5  
  -5  -7  11  
   7  12   3  
   4 -11   8  
 -13  -5   1  
   3  11   8  
 -11   8   4  
 -13   2   5  
   4 -13   4  
 -10  10   1  
   9  -3  10  
   7   2  12  
   6  -6  11  
 -13   4   3  
   3  -8  11  
   1  10  10  
   1 -14   2  
 -13  -3   4  
  -3 -11   8  
  -2  12   7  
   3 -11   8  
  -9  10   4  
  11   3   8  
   4   8  11  
  -5  -1  13  
  12   7   3  
   5   1  13  
 -11   5   7  
 -13   3   4  
   0 -12   7  
   2 -12   7  
  -3  -4  13  
   4  13   4  
  -1  10  10  
   1  -7  12  
 -11  -9   1  
  11  -4   8  
  -4 -12   6  
  -4   6  12  
  13   4   3  
   3 -10   9  
