   1 -31  37  
  22  36  24  
 -29 -22  32  
  -2  -6  48  
 -40 -22  16  
 -23 -23  36  
  45   5  17  
 -15  14  44  
  39 -12  26  
  14   8  46  
  24 -42   4  
 -26 -24  33  
  42  22   9  
  12 -10  46  
  17  31  33  
 -29   7  38  
  18  33  31  
 -24 -16  39  
 -30  28  26  
  32  32  18  
   7 -48   2  
 -22 -19  39  
 -21  42  12  
 -40  16  22  
 -23 -41  11  
 -42  22  11  
  26 -20  36  
  33 -34  10  
  40   6  27  
  28  39   6  
 -32 -31  19  
  -3  42  24  
  21  31  31  
  22 -30  31  
   4  17  45  
 -17   7  45  
  21  43   9  
  -1 -24  42  
  37 -28  14  
 -17 -30  34  
   0 -38  30  
 -26  18  37  
 -14 -11  45  
  19 -42  15  
   3 -48   6  
 -17  17  42  
 -41  26   4  
 -42 -22   9  
  27  38  13  
  18 -36  27  
  16  24  39  
  28 -27  29  
   7 -17  45  
 -17  43  15  
 -25  -6  41  
  39 -29   1  
  38  30   2  
 -22  -1  43  
 -30 -30  23  
  -7 -16  45  
  10  43  20  
 -20 -34  28  
 -22  17  40  
   3  48   7  
  -2   8  48  
  22 -40  16  
  -4  30  38  
 -24  42   1  
   1 -29  39  
  36   5  32  
 -45  12  13  
 -29  23  31  
   9 -18  44  
 -40  -3  27  
 -18  42  16  
 -44 -10  18  
  31 -34  16  
 -37 -31   6  
  19 -41  18  
 -32 -34  14  
  17   5  45  
  37  23  21  
 -35  24  23  
 -20  37  24  
 -32  34  14  
 -25  28  31  
  45   7  17  
   0 -40  27  
  -9  22  42  
  19  32  31  
 -40 -27   2  
 -21  30  32  
   2 -30  38  
  43 -22   0  
 -21 -40  17  
 -18  26  37  
 -10  15  45  
 -45  18   1  
 -38  -1  30  
  -8   1  48  
 -17  15  43  
  44 -19   7  
  18 -28  35  
 -16 -36  28  
  27   2  40  
  15 -14  44  
  41  26   2  
 -47  -1  11  
   9 -31  36  
 -44  13  15  
  30  30  23  
  30 -37   9  
  19  34  29  
 -27  29  28  
  33  13  33  
  48  -4   3  
  22  27  34  
 -15  -9  45  
   9  32  35  
  38 -12  28  
  11  40  25  
 -14  41  22  
 -13  32  34  
   7  -9  47  
 -11 -25  40  
 -36  13  30  
  32  27  24  
 -18 -45   4  
   5 -25  41  
 -42   9  22  
  29  39   3  
  29 -12  37  
 -45   5  18  
  36 -32   5  
  28  20  34  
  -9  -7  47  
 -34  24  25  
  -1 -26  41  
  23 -33  27  
 -30 -38   4  
   5 -14  46  
  48   4   3  
  -2 -12  47  
  16 -38  26  
  16  46   1  
 -36  24  22  
 -23 -34  26  
 -39   9  27  
  10 -45  15  
   6  25  41  
  41 -11  23  
  -3 -41  26  
  31 -19  32  
 -15 -10  45  
 -30  10  37  
 -20   2  44  
  39  23  18  
  26  39  12  
 -15  34  31  
 -16 -27  37  
  -3  -4  48  
 -19 -41  17  
 -33 -35   7  
 -23 -27  33  
  -5 -41  25  
 -15 -23  40  
 -42   4  24  
  -4  12  47  
 -27 -39   9  
 -26  40  10  
  48   2   8  
  44  19   7  
 -11 -23  41  
  47 -10   8  
  -8  21  43  
  20  39  21  
  35 -33   5  
 -33 -19  30  
 -45  15  10  
 -42   6  24  
 -41  25   5  
  -7 -36  32  
   4 -48   3  
  39  16  24  
  29  27  28  
  32  19  31  
  37 -19  25  
 -20 -44   5  
  27 -39  11  
  -5  25  41  
  37  28  14  
   6 -45  17  
 -30  21  32  
 -16 -41  20  
  38 -30   0  
  -5  -2  48  
 -13 -43  18  
  17  42  17  
  35  33   5  
  36 -32   7  
  45  18   5  
  12 -36  30  
 -38  25  17  
  15 -45   9  
  24   1  42  
 -27  -1  40  
 -39  27  10  
 -18 -35  28  
 -44 -12  16  
  40 -20  19  
 -41  17  19  
  40 -18  21  
  -6 -48   1  
 -44  18  10  
  15  33  32  
  47  12   3  
  29 -17  35  
 -33 -32  16  
 -42 -17  17  
 -24 -42   5  
  12  37  29  
 -20 -44   3  
 -18 -31  33  
   0 -27  40  
 -31   1  37  
  32 -32  17  
 -41   2  26  
  38  30   0  
   4 -43  22  
  29  17  35  
 -12   3  47  
 -12  35  31  
  42 -24   1  
  -1  24  42  
  29   9  38  
 -16  -8  45  
  46 -12   9  
 -28  36  17  
  18 -43  13  
 -36  26  19  
 -11  34  33  
 -30 -19  33  
  -1 -47  12  
 -34 -32  13  
  39 -10  27  
 -36  -5  32  
 -19  32  31  
 -48   1   7  
   3  -5  48  
  12 -31  35  
  -3 -37  31  
  18   4  45  
 -41   8  25  
 -47  11   6  
  47  -3  11  
 -46 -14   8  
 -11 -47   2  
  10  40  26  
  35  10  32  
 -47  11   5  
  18  36  27  
 -25 -15  39  
 -10   6  47  
 -45  17   7  
 -44   0  20  
  24  38  18  
 -47  -3  11  
  43  -9  20  
   8  19  44  
   5  43  22  
 -38   0  30  
 -29  -3  39  
  11   5  47  
  22  22  37  
  11 -43  19  
  45 -18   5  
  22  41  13  
  43  18  14  
 -32  -6  36  
  24 -27  32  
 -33  10  34  
  23  42   6  
 -33  16  32  
 -45 -17   7  
  16  13  44  
  41  26   4  
   9 -35  32  
 -20  23  38  
 -25 -41   7  
   0  22  43  
  25 -19  37  
  41  26   1  
   4  45  17  
 -42 -19  15  
   0  44  20  
 -25  39  15  
  15 -29  36  
  -5  36  32  
  45  18   1  
 -15  33  32  
