  61  18  16  
   2 -51  41  
 -45 -35  32  
  17 -59  23  
 -41 -11  50  
  29  43  40  
  65   2   7  
 -61 -20  12  
  61  17  16  
  59   3  28  
  21 -60  15  
  30  38  44  
 -23  57  23  
  36  53  14  
  17 -63   8  
 -35  55   8  
  36  -9  54  
  40 -10  51  
 -47  35  29  
  51  40   8  
  65   3   6  
 -63  17   5  
  -2  56  34  
  49 -21  38  
 -34  56   2  
 -27  14  58  
   8  60  25  
  55  10  34  
 -16  33  54  
   9 -10  64  
  -6 -46  46  
 -40 -52   4  
 -49 -43   6  
  54 -35  13  
 -42 -24  44  
  64 -11   7  
 -13  60  23  
  59 -27   9  
 -17   7  63  
  42 -48  15  
 -29 -42  41  
  43 -49   3  
 -52 -14  37  
   3  40  52  
  -7 -64  12  
 -34  53  18  
   7  33  56  
  47 -20  41  
  35 -38  40  
  26  19  57  
  34  -9  55  
  -6   2  65  
  40  47  22  
   5 -61  23  
 -43 -44  23  
 -24  -3  61  
  42 -21  46  
  41  46  22  
 -42   3  50  
  51 -33  24  
 -43  48  12  
  35  17  53  
  -6  37  54  
  56  28  20  
  24 -61   2  
  23 -39  47  
 -43 -15  47  
 -56  34   5  
  42 -23  45  
 -63 -14  11  
  50  25  34  
 -15  64   1  
 -27 -54  25  
  46 -21  42  
 -13 -54  35  
  42 -41  29  
  44 -41  26  
 -61 -19  15  
 -50 -40  14  
  48 -29  34  
  55  15  32  
 -20  46  42  
 -25  17  58  
 -33 -14  55  
 -52   4  40  
 -31 -36  45  
  51 -40  11  
 -63  -1  17  
  15  61  18  
 -37 -37  39  
  57  30  12  
  54  -5  37  
 -38  43  32  
 -40  38  35  
  35  31  46  
 -30 -34  47  
   5 -20  62  
  15 -41  49  
  14  20  61  
 -19  62   8  
 -33 -41  39  
 -53 -32  21  
  35  48  27  
   4  50  42  
 -45 -33  34  
 -33 -34  45  
  -7  65   7  
  57  22  24  
  -9  16  63  
 -54  36  10  
  44  16  46  
 -31  17  55  
 -16  63   7  
 -50  33  26  
  49  36  24  
 -44 -40  27  
  21 -62   1  
  24 -11  60  
 -34  47  30  
  57  31  10  
   1  21  62  
  31  33  47  
  49  41  15  
 -35 -16  53  
  51 -41   6  
  11 -32  56  
  37  11  53  
  48  44   5  
 -58 -30   2  
  18  41  48  
 -39 -33  41  
 -46 -27  38  
  -8 -53  38  
  57 -23  23  
  62 -10  18  
 -15 -56  31  
  -5 -30  58  
 -25 -13  59  
 -14  53  36  
 -61 -12  20  
 -52  33  23  
  59 -28   4  
  63 -11  15  
 -13 -62  16  
  30 -47  34  
  -5  35  55  
  36   0  55  
  55 -25  25  
 -35 -15  53  
  46  33  33  
   4  28  59  
 -12 -56  32  
  42 -28  42  
  33 -50  26  
 -35 -45  32  
  52 -11  38  
  11 -64  10  
 -30   4  58  
  15 -64   1  
  35 -46  31  
 -57  26  19  
  33  42  38  
  45  32  35  
  13 -64   2  
 -48 -12  43  
  65  -7   3  
 -43 -40  29  
 -10  58  29  
 -26  49  35  
  -7 -45  47  
   9  25  60  
 -55  29  21  
  27  33  50  
  33  36  44  
   2  26  60  
  59 -21  20  
 -59 -16  24  
  56  34   1  
   5  18  63  
 -49  26  35  
   5  47  45  
  -7 -65   3  
  35 -17  53  
 -58   0  30  
 -15  58  27  
  26 -33  50  
  -8  56  33  
  44  47  13  
  15  58  27  
 -41  11  50  
 -55  10  34  
 -24  54  28  
  48  43  13  
 -57  -4  32  
  27  27  53  
  28 -58  13  
 -60 -24  12  
  62 -14  16  
  28 -50  32  
  -2 -21  62  
 -37  49  23  
 -45 -36  31  
   7 -42  50  
  54  37   0  
 -56  34   4  
 -35 -55   3  
 -50 -35  24  
  62   6  21  
  46  -6  46  
 -41 -43  27  
  51 -32  26  
 -41 -15  49  
 -30  24  53  
  24 -61   4  
  28 -46  37  
  49  35  26  
  -5  61  23  
 -49 -25  36  
 -39 -44  29  
  42 -50   1  
 -24  24  56  
  44  24  42  
  29 -14  57  
 -35  -3  55  
 -31 -49  30  
  30  58   3  
 -49  30  31  
 -21  48  39  
  41  39  33  
  22 -10  61  
  29  56  17  
  30   3  58  
 -37  50  21  
 -64  15   1  
 -50  41  10  
 -33  28  49  
  62 -19   9  
  23 -61   5  
 -40 -19  48  
  45  11  46  
 -41  -3  51  
  55 -31  17  
  41 -26  44  
 -18  51  37  
 -54  37   6  
 -10 -19  62  
  41 -49  15  
 -34  32  46  
  41 -47  20  
  20 -45  43  
 -15  63  11  
  -8 -35  55  
  57 -32   3  
 -16  -8  63  
  41  32  40  
   7 -17  63  
  -6 -64  12  
 -55   7  35  
  22 -60  15  
 -43 -25  43  
 -47  24  39  
 -48  35  28  
 -61   0  24  
  23  16  59  
  36  42  35  
  27   7  59  
 -29 -39  44  
   9 -29  58  
 -39 -12  51  
 -62   8  19  
  47 -12  44  
 -27  -7  59  
  -2 -58  30  
 -63  -9  16  
  -1  63  18  
  35   7  55  
  14  49  41  
 -52  -9  39  
  64  14   2  
  38  52  11  
  20 -47  41  
 -61   1  24  
 -48 -18  41  
  64  -1  13  
  31 -13  56  
  -3 -58  30  
 -18 -62  12  
  24 -51  33  
 -43  -7  49  
  -7  48  44  
 -46 -45  13  
  28 -30  51  
  11  37  53  
 -53  28  27  
 -45  42  23  
 -41  -2  51  
  47  44  11  
 -61 -15  18  
 -33 -13  55  
 -30 -58   3  
