 -59  -6   6  
  53 -11  25  
  -6  58  12  
  52   4  29  
   6  59   7  
 -11  48  33  
 -47 -23  28  
  48  21  28  
 -55  23   4  
 -54  25   2  
  55  -6  22  
  13  15  56  
  22 -19  52  
 -51 -11  29  
  25 -33  43  
  25  54   3  
   5  13  58  
 -30 -37  36  
 -16  30  49  
  17  -2  57  
  34 -33  36  
  -6  59   4  
   4 -32  50  
  35  48   3  
  31 -44  25  
  52  10  27  
  50 -30  11  
 -40  43  11  
  44  40   5  
  55 -12  20  
 -48 -29  20  
  15   8  57  
  35  24  42  
  41  34  27  
  -6 -58  12  
  34  46  17  
  39 -41  19  
 -47 -20  31  
 -26  29  45  
  33 -11  48  
 -52  28   6  
  18  50  27  
 -43   0  41  
  25 -50  20  
 -32   6  50  
  37  39  26  
 -49 -15  30  
 -27 -30  44  
  14  58   2  
 -52 -25  14  
 -30 -31  41  
 -30 -51   4  
 -33 -36  34  
 -33  15  47  
 -34  27  41  
 -28   6  52  
 -14  35  46  
 -36  43  20  
  16   8  57  
  27 -48  22  
 -49  -2  34  
  28  43  30  
  13 -12  57  
 -44 -27  30  
 -34 -26  41  
  -7 -24  54  
 -34  -1  49  
  28  12  51  
  38  33  32  
   4  17  57  
  35 -48   4  
  46 -31  22  
  47 -22  29  
   4  59   7  
 -29 -45  26  
  32  48  15  
   3  53  27  
 -12 -58   6  
 -44  26  30  
 -51 -16  26  
  56   7  19  
 -38  36  28  
   7  26  53  
 -31 -20  47  
  20  19  53  
  55  -2  23  
  53  -7  26  
  43  -8  40  
  -5  40  44  
  51 -11  29  
   5 -33  49  
  40 -40  18  
 -28 -52   6  
 -18  44  36  
   5 -55  22  
  29 -52   1  
 -10  40  43  
  -2  59   8  
 -44  24  32  
 -20  15  54  
  42  37  20  
 -51  31   1  
  58   9  10  
 -16   5  57  
  -7  58  10  
 -16 -44  37  
  13   5  58  
  23 -27  48  
  -1  59   7  
  -5  29  52  
 -58   7  10  
  51  29   9  
 -59  -2   7  
  51 -21  22  
 -25 -38  38  
  11  37  45  
  -8 -58  10  
 -17  47  32  
  59  -7   0  
  46  26  27  
  15  50  29  
  42 -20  37  
 -54 -13  22  
 -23  47  28  
  37 -24  40  
 -31  49  13  
  48 -30  18  
  55  23   2  
 -54 -23  10  
  42 -34  25  
  33  -6  49  
  54  23  10  
 -33 -23  44  
  22  55   7  
  57 -17   3  
  20  33  45  
 -50   6  32  
  46  16  34  
  27  -9  52  
 -36 -33  34  
 -54 -13  21  
 -30  51   8  
  14  47  34  
 -52   8  28  
   7  11  58  
  26 -26  47  
  15 -46  35  
 -44  -4  40  
  31  24  45  
  19 -44  35  
 -37  36  30  
  58 -14   0  
 -59  -7   5  
  32  47  18  
  32   5  50  
  34  26  41  
 -43 -41   6  
  -6  56  19  
  -3 -55  23  
  21 -52  20  
 -38   7  45  
   0 -14  58  
  55  21   8  
  43  34  23  
 -41  27  34  
  52  24  16  
   7 -21  55  
  14 -56  14  
  16   4  57  
  57  -5  16  
 -18  13  55  
  40  37  24  
 -55 -10  20  
  12  -5  58  
   8  52  28  
  52  27  11  
  56  19   6  
 -54  25   5  
 -59  -8   4  
  -1 -56  20  
  48  15  32  
  27 -52   9  
 -23 -52  17  
 -43  35  22  
 -42 -41  11  
  11 -25  53  
   9  52  27  
  32  46  20  
   8 -37  46  
  13  34  47  
  23  35  42  
 -55  22   3  
 -11 -53  25  
  -4  -6  59  
  28  40  34  
 -43 -39  13  
  44  40   1  
 -59   8   5  
 -31  51   1  
 -17 -11  56  
  -8  33  49  
  11 -58   8  
  -9 -41  42  
 -51 -29  10  
 -23  -2  55  
  51  15  27  
 -37 -33  33  
  -3   6  59  
 -49 -16  30  
   1 -51  31  
 -55  13  19  
 -37   6  46  
 -49  14  31  
 -57  -3  17  
  21  -9  55  
  18   9  56  
 -47  26  26  
 -23 -52  18  
   3  58  13  
  12  -2  58  
  -7  -6  59  
  52   6  28  
  32 -15  48  
  11 -54  23  
  29  32  41  
  47 -32  17  
 -20 -54  15  
  19  12  55  
  11  41  42  
  12 -56  16  
 -26 -37  39  
 -14  39  43  
 -29 -52   1  
  28  -8  52  
 -44  40   3  
 -46 -30  23  
  19  53  19  
 -24 -53  13  
   1  39  45  
  40  -5  44  
 -45  31  24  
  34 -41  27  
  11 -35  47  
   7  -1  59  
  -7  26  53  
   8  -5  59  
  49  -1  34  
 -34  44  21  
 -12 -57  11  
  57 -13  11  
  46  36  11  
  -6  -7  59  
 -53  -9  25  
 -26  52  13  
  12   2  58  
 -33  37  33  
  26  22  49  
 -53 -14  23  
 -36  -8  47  
 -31  23  45  
  -6  28  52  
 -49  22  26  
  14  41  41  
   5 -56  20  
 -20  -4  56  
   9  -2  59  
  42 -42   0  
 -50  18  27  
  45  12  37  
 -27   4  53  
 -22 -11  54  
  12  30  50  
  39 -10  44  
  21  41  38  
  29 -33  40  
  35 -43  21  
 -42 -42   4  
 -55 -18  13  
 -17  44  36  
  38 -19  42  
 -58  -7  12  
  40 -25  36  
 -34 -41  27  
 -19  28  49  
  16  43  38  
 -56   0  20  
  36  10  46  
 -41   6  43  
 -23 -20  51  
 -32 -50   3  
 -56  19   7  
  -5  57  16  
   9 -54  23  
 -13 -33  48  
  53  19  20  
 -57 -14  10  
 -13  39  43  
 -20 -14  54  
 -32  49  11  
  48 -34  10  
