  91  82  42  
  54 -73  92  
  75  53  91  
  20 -81  99  
 -85  -2  98  
  60  58  99  
 -80 -99  23  
  98 -85   1  
 -67 -80  77  
  71 -64  87  
  89 -41  85  
  59  68  93  
  72 100  40  
 -46  99  70  
  68  76  80  
 -48  82  88  
  92  60  69  
 -93  90   1  
 -70 -99  45  
 -82  89  46  
  60  82  80  
 -69  45 100  
   6 -92  91  
 -53  94  72  
 -52  84  84  
  67  97  53  
  99  51  66  
  24  80  99  
  73  61  88  
 -81  41  92  
 -83 -98  17  
  77 -49  92  
  72  82  70  
  84  84  51  
 -54 -97  67  
 -24 -94  86  
  59  94  67  
  71 -100  41  
 -29 -94  84  
  92  -8  91  
 -91  85  36  
  84  32  93  
 -93  74  51  
 -62 -84  77  
  86  96  13  
 -97 -82  26  
  68 -95  56  
 -96 -27  83  
 -60 -95  64  
  72 -46  97  
 -77 -90  52  
 -62 -92  67  
  92  -7  91  
  88 -23  92  
 -52 -96  70  
   6  95  88  
  38  93  82  
 -41 -96  77  
  91  67  63  
 100 -20  80  
 -97  78  36  
  88  92  23  
 -33 -88  89  
  48 -71  97  
 -87 -93  23  
 -65 -72  86  
 -98  48  70  
 -80  70  74  
 -63 -96  60  
 -91  89  24  
 -88 -60  74  
  84  17  97  
 -15  89  93  
 -86 -61  75  
  85 -97  14  
  86  53  81  
  93  89  13  
  61 -68  92  
 -77  37  97  
 -50  74  94  
 -20 -93  88  
 -73 -94  51  
 -45  91  80  
 -93  12  89  
  95  79  39  
 -50  76  92  
  91  57  72  
 -66 100  49  
 -93 -80  41  
 -52 -89  78  
  87  65  71  
 -99   9  83  
  28 -93  86  
  55  66  97  
 -84  95  25  
  54  65  98  
  60 -70  91  
   8  89  94  
  61  97  60  
  87  -2  96  
  50  97  70  
  44 -85  87  
 -97  75  41  
  98  43  73  
 -97  81  29  
  -4 -91  92  
 -35  87  89  
  91 -92   4  
 -55  67  96  
  69 -65  88  
 -15 -89  93  
  96 -68  54  
  88  93  19  
  75 -65  83  
 -61  76  85  
  85  79  57  
 -96  12  86  
  93  44  79  
 -91 -31  87  
 -68  85  70  
 -72 -94  52  
 -65 -97  56  
 -59  62  97  
 -67 -63  91  
 -90 -59  72  
  79  87  55  
 -59  81  82  
  98 -31  79  
 -98  46  71  
  79 -92  45  
 -38  89  86  
 -93 -71  55  
  69  64  89  
 -59 -96  64  
  45  99  70  
 -96  18  85  
  94 -53  72  
  44  92  80  
  47 100  68  
 -87  36  89  
  47 -84  87  
 -84 -94  30  
 -95 -37  80  
  30  95  83  
  59  79  84  
  96 -34  80  
  92 -90  16  
  83 -96  25  
 -16  81 100  
  98  30  79  
  87 -47  84  
 -73 -95  49  
 -96  87   3  
 -91  88  27  
 -85  92  33  
   0  86  97  
  57 -91  72  
 -92  91   6  
  27  92  87  
 -84 -97  19  
  62  86  74  
  29 -100  77  
  83  92  38  
  53 -93  73  
  85   9  97  
 -71  54  94  
  96 -58  65  
 -100  81  16  
  72 -72  80  
 -62  72  88  
 -89  45  83  
 -88  65  69  
  93  27  86  
  83 -83  55  
  -9  83  99  
 -48  85  85  
 -58  90  73  
 -98  83  18  
 -94 -88  13  
 -94  46  76  
 -36 -89  87  
  76 -44  95  
  53 -98  66  
 -54 -75  91  
  66 -55  97  
  67  97  54  
 -76 -37  98  
  96 -65  58  
  93 -90   2  
 -93  42  80  
 -94  70  55  
 -90   9  93  
 -70  52  96  
   4 -100  82  
 -51 -85  83  
  95 -56  68  
 -82  -5 100  
  89 -63  70  
 -100  82   9  
 -86  80  55  
 -45  85  87  
  82 -77  64  
 -90 -20  91  
 -84 -96  22  
  67  87  69  
  75 -85  63  
  95 -65  59  
 -97 -32  80  
 -93  86  27  
 -92  78  47  
 -91 -20  90  
  46 -79  92  
 -90   7  93  
  93  89  16  
  65  94  61  
 -92  73  55  
  93 -33  84  
 -95  23  85  
  82  82  58  
  95 -88   7  
  81  41  92  
  76 -99  34  
  99  74  38  
  98  73  43  
 -75  89  57  
 -70  82  72  
 -95  20  86  
 -48  97  71  
 -96 -58  65  
 -92 -77  49  
 -60  84  78  
 -82  24  97  
  39 -81  93  
  97   4  86  
  86  61  75  
 -25 -80  99  
 -87 -38  88  
  83 -96  26  
 -67  73  83  
 -67 -57  95  
 -71 -54  94  
 -49 -73  95  
  -9 -92  91  
 -91  80  45  
  70  45  99  
  92 -67  62  
  97 -85  12  
 -74 -44  97  
 -96  28  82  
 -47 -97  72  
 -88 -77  56  
  34 -94  82  
 -100 -54  62  
  61 -99  57  
 -94  15  88  
 -68  92  61  
 -72 -49  96  
  78  57  86  
  90 -70  61  
 -84  72  67  
 -29  84  94  
  54  91  75  
 -66 -87  70  
 -88  95   1  
 -86 -59  77  
 -92 -90  16  
  82 -10 100  
  98  77  35  
  53 -65  99  
 -42  91  82  
 -75 -50  93  
   1  87  96  
  99 -75  37  
 -77 -96  41  
  90 -28  89  
 -79  26  99  
 -76  98  37  
  49  90  79  
 -85 -24  95  
 -90 -40  84  
  81  40  93  
  94  67  59  
  94  34  82  
  80  62  81  
 -68 -99  48  
 -96  21  84  
  82  37  93  
 -97  83  21  
  38 -77  97  
  71 -62  89  
 -88 -12  94  
 100  38  73  
  25  92  88  
  69 -55  95  
  96 -28  82  
 -67  84  72  
  59  97  62  
 -40 -96  77  
  70  91  60  
  58 -82  82  
