  -6 -45  69  
 -68  45  11  
  32 -14  75  
  19  73  34  
  -4 -32  76  
 -44  66  22  
  25 -65  44  
  74 -36   1  
 -55  13  60  
 -82   7   8  
  32  62  44  
  12  20  79  
 -80 -18  11  
  79 -16  18  
   9  -1  82  
 -54 -20  59  
 -30 -70  32  
  30  62  45  
 -63  38  37  
  37 -72  16  
  75 -13  32  
 -30 -38  67  
  32 -18  74  
 -81   4  16  
  37  47  57  
 -61  38  41  
  39  68  26  
  72 -15  37  
 -61 -20  52  
 -59 -49  31  
  78  15  23  
  79 -23   6  
 -56  43  43  
 -55 -55  27  
  76  -6  31  
  23  29  74  
 -82   3   8  
  62  13  53  
  70 -43   6  
 -45  69   1  
 -55  40  47  
  70  34  27  
 -79 -23   1  
  53  59  22  
  74  -9  35  
  33 -74  16  
  49 -55  37  
  42  42  57  
  48 -20  64  
  56 -41  45  
 -79 -17  17  
  -9  82   3  
 -16  -3  81  
 -58 -34  48  
  17  73  34  
  78  -8  26  
 -52 -50  40  
  62 -19  51  
  64  10  51  
 -53 -28  57  
  64  29  43  
 -65 -46  22  
  74  -1  36  
  26 -28  73  
 -77 -16  25  
 -45 -36  59  
 -54  44  44  
   6  46  68  
  70  42  13  
 -58  34  48  
  50 -61  24  
 -38 -24  69  
  72 -17  37  
 -25 -27  74  
  36  30  68  
 -14 -58  57  
  50 -11  65  
 -35  53  53  
 -66  38  32  
  26  49  61  
  17  78  20  
 -19  73  34  
 -41 -38  61  
  75  30  17  
 -44 -34  61  
 -72 -20  35  
 -40  49  53  
 -58 -29  51  
  72  -2  40  
  77 -30   2  
  44  63  30  
  54  13  61  
  60 -55  13  
 -78  11  24  
   5 -82   5  
  75 -22  27  
 -80  -8  19  
 -25  63  47  
  67 -42  24  
  55  61   9  
  34  60  45  
  18 -40  70  
 -42  65  28  
 -74  -4  36  
  67 -10  47  
  80   3  19  
 -72 -11  39  
  75  33   9  
 -15  62  52  
 -29  59  50  
  78 -27   2  
 -29  63  45  
 -13 -74  34  
  -9  14  81  
   0   9  82  
  36 -45  59  
 -19  22  77  
 -15  80  13  
  -6  82   6  
 -51 -58  29  
  26   4  78  
  29 -26  73  
 -40   6  72  
  74 -35  11  
  60 -56   8  
  46  45  52  
  11 -65  50  
   0  16  81  
   2 -44  70  
  34 -64  39  
  76 -25  21  
  72  13  38  
  46 -66  18  
 -17 -35  73  
  69 -12  44  
  67  44  19  
  77  11  28  
  28 -69  36  
   5 -66  49  
  71  39  15  
  11 -45  68  
  78  24  13  
  23  25  75  
   8  71  41  
 -20 -64  48  
 -45  65  23  
  30 -74  20  
 -77 -24  17  
  46  53  43  
 -59 -37  44  
  44 -70   1  
 -66   7  49  
  -5  16  81  
 -22 -62  50  
 -11  44  69  
 -13  45  68  
  29 -77   7  
  55  60  12  
  25  78  10  
 -41  64  32  
 -18  27  76  
   9 -44  69  
 -22 -76  24  
 -72   4  40  
   7 -14  81  
 -39 -54  49  
 -46  -9  68  
   5 -79  24  
  -1  82  10  
 -34  52  54  
  50  46  47  
  25  16  77  
 -77  30   1  
 -79 -14  19  
 -75  31  15  
  -5 -82   8  
 -69  41  18  
 -75 -31  15  
  69  28  35  
 -75 -10  33  
 -31  10  76  
  46  46  51  
 -16  11  80  
 -44  66  23  
  78 -12  24  
  -2  38  73  
  19 -13  79  
  79  -1  24  
 -74 -18  32  
 -39 -25  68  
 -65 -37  35  
   4 -16  81  
 -81 -16   3  
 -42  67  23  
 -25 -32  72  
 -36 -72  19  
 -23 -72  33  
   6 -82   9  
 -41 -46  55  
  68 -45  13  
 -30 -55  54  
  60  -6  56  
  53  62  13  
 -38  30  67  
   9  43  70  
  48  -5  67  
  57  59   8  
  11 -47  67  
  81   2  16  
 -35  43  61  
  12  35  74  
  41 -63  34  
  51  65   1  
  -4 -14  81  
 -25 -58  53  
 -36  14  73  
 -41 -71   7  
  16  63  51  
 -29  -2  77  
 -46 -49  48  
  33  71  26  
  32  14  75  
  70   6  43  
  75  26  23  
 -56 -60   8  
 -44  11  69  
 -22  32  73  
   0 -24  79  
  12 -45  68  
 -59 -49  30  
  55 -61   6  
 -10  63  52  
  37  15  72  
  -3  81  14  
  36  70  24  
  46 -43  53  
  54 -27  56  
 -38 -17  71  
  -9  51  64  
  27 -77  13  
   3 -27  78  
  -7  45  69  
 -49 -66   3  
  79  22  10  
 -61 -47  30  
  82  -5   7  
 -36  58  46  
 -36 -74   8  
  50  61  24  
 -27  58  52  
 -32  50  57  
   7 -75  34  
 -27 -11  77  
 -16 -71  39  
  62 -53  13  
  12  -9  81  
 -62   3  54  
 -73 -37  11  
 -65 -43  27  
  -2 -63  53  
  -2 -73  38  
  17  49  64  
   6 -42  71  
  51 -41  50  
   2 -70  44  
 -26 -50  60  
  56  50  34  
 -75   2  34  
   7  -1  82  
  77   3  29  
  69  44   9  
  70  23  37  
  48  67   7  
 -57 -27  53  
  13 -48  66  
 -10  25  78  
 -77  10  28  
   0  29  77  
  19  35  72  
  17 -73  35  
  29  38  67  
 -10  12  81  
   5 -71  42  
 -46  29  62  
  15  77  26  
 -47  50  46  
 -15 -57  58  
  31 -49  59  
  25  69  38  
 -26  67  41  
  -9 -58  58  
  55  61  10  
 -20  61  52  
 -74 -33  16  
  17 -80  12  
 -68 -14  45  
  65 -50  10  
  34  56  50  
  45 -69   3  
  38 -73   1  
