 -60   4  95  
  97  35  45  
  67 -90   9  
  72  84  20  
  38  52  92  
 -75 -56  62  
  46 -23 100  
  44 -100  26  
 -46 -62  82  
 -85  49  55  
 -59  80  53  
 -52  45  89  
 -84 -54  52  
 -63  38  85  
  84  74  13  
 -73  56  65  
 -65 -53  75  
   0 -66  91  
 -41  91  52  
  74 -27  80  
 -18  91  64  
  78 -81   3  
  55  97  15  
 -66  91   4  
 -13 -62  93  
  24  53  96  
  12  64  92  
  26 -83  71  
 -37  81  69  
  26 -49  98  
 -55   6  98  
 -92  -3  65  
  26  62  90  
 -91 -48  46  
 -55 -54  82  
  31  96  50  
  53  84  53  
  95  12  59  
 -48 -41  93  
  55 -51  84  
  45  94  42  
 -38 -76  74  
 -64  58  72  
  -8 -93  63  
 -71 -87   7  
   5  94  62  
  75  60  59  
  87  63  34  
  69 -38  80  
 -61 -79  52  
  68 -80  41  
   8  66  91  
  50  77  65  
 100 -33  39  
  78  46  67  
  -9  61  94  
  -3 -77  82  
  63  43  83  
  82 -72  27  
 -65 -29  87  
  49  93  40  
 -68 -32  84  
 -75 -16  82  
  84 -17  73  
  69   5  89  
  61  82  47  
  16 -61  93  
 -69 -71  53  
 -86  39  61  
 -87 -67  24  
  59  18  94  
  -4 -80  79  
 -24 -95  55  
  46 -92  46  
 -51  98  21  
 -34 100  39  
  69 -76  46  
 -77 -66  49  
 -91   7  66  
  75 -80  25  
  64 -32  87  
  42  66  81  
  31  95  52  
  66  15  90  
  87  45  55  
 -31 -43  99  
  -4  80  79  
  26  69  85  
  39  99  37  
 -78 -26  77  
  57  83  50  
 -56  93  29  
 -67  34  84  
  18 -52  98  
 -60  90  31  
  46  24 100  
 -95 -34  50  
  76 -37  74  
 -77 -29  77  
 -54  87  46  
 -69  73  51  
  22  79  77  
  26 -79  76  
  76  48  68  
  70  87  12  
  78 -81   5  
 -48 -70  74  
 -51  97  26  
 -76  82  14  
  57  24  94  
 -38  37  99  
  60 -51  80  
  97 -38  42  
  -6 -80  79  
  11 -81  77  
 -76 -75  35  
 -93   3  63  
  88  12  69  
 -67  27  86  
 -94  61   9  
 -71 -83  27  
 -64  48  79  
 -10  85  73  
 -31  98  46  
 -58  88  40  
 -20  52  98  
  63 -48  80  
 -53 -98  14  
  80   5  79  
 -63  50  79  
  96 -59   1  
 -38 -42  97  
 -38 -81  68  
 -96   3  59  
 -49  33  96  
  93  54  33  
 -49 -69  74  
 -94  51  35  
 -53 -98  16  
 -50 -33  95  
   9  93  63  
 -42 -87  58  
 -51  83  56  
  67  80  42  
  63 -85  38  
  63 -64  68  
  20  48 100  
 -88  60  36  
  86  13  71  
  94 -13  60  
 -41 -73  75  
  62  26  90  
 -100 -47  22  
  41  93  48  
  66  43  80  
 -87  71   5  
 -92 -51  40  
 -46 -83  60  
   7 -90  67  
 -72 -23  83  
 -48 100  20  
  93  59  22  
 -91  55  36  
 100  52   0  
  91  46  47  
  56 -83  51  
 -69 -88  11  
 -42  45  94  
 -92 -22  61  
 -42 -59  86  
 -10 -51 100  
 -49 -88  50  
 -90 -26  62  
  77  28  77  
 -81 -68  38  
  -9 -51 100  
  80 -60  52  
  -3  76  83  
  77 -49  66  
  71 -23  84  
 -54  79  59  
  18  68  88  
  99 -23  48  
  85 -65  34  
 -51 -55  84  
 -99  31  43  
  -5  95  60  
  50  54  85  
  56  50  84  
 -53 -76  64  
 -76 -81  18  
  93  61  16  
  95  -9  60  
 -90 -55  39  
  56  95  22  
  50  75  67  
 -73  -9  85  
 -27  81  73  
 -87 -71   4  
  93  33  54  
 -10 -88  69  
 -91  38  54  
 -53 -99   8  
 -84 -72  21  
  91  55  37  
   2 -52 100  
  61 -61  72  
  45  75  71  
  23  62  91  
  74 -21  82  
  69  36  81  
 -22 -80  76  
 -99   4  53  
 -53 -82  56  
  77  78  25  
 -93 -29  56  
  84 -75   3  
 -76  78  28  
  51 -100   0  
 -46 -70  75  
 -33 -46  97  
  93  57  27  
  98  20  51  
  43  47  93  
  59 -78  56  
  62 -47  81  
 -25 -77  78  
 -87  54  47  
 -46  48  91  
  29  92  58  
  34 -41  99  
  91  55  36  
  22  95  56  
 -16 -67  89  
  -5 -79  80  
 -62  81  47  
 -56 -78  59  
 -58 -49  83  
  79 -28  75  
  -6  83  76  
  23  48  99  
  99 -53   2  
 -97 -30  49  
  87  -6  71  
  64  34  86  
 -22 -91  62  
 -25 -78  77  
 -88  58  39  
  89 -69   0  
  94  57  23  
  43 -75  72  
 -78  67  46  
 -65  91  10  
  14 -94  60  
 -91 -57  34  
  27 -56  94  
 -88 -55  43  
 -56 -32  92  
  89 -50  47  
  83  24  72  
  52 -39  92  
 -70  65  59  
 -85  61  42  
  84  72  21  
  65 -32  86  
  96 -56  18  
  87 -45  55  
 -65  89  23  
 100  38  35  
  52 -72  69  
  81  54  56  
   5  53  99  
 -92 -10  64  
 -53  48  87  
 -47  32  97  
 -95  49  35  
 -56  17  96  
  61  88  35  
  89 -66  20  
 -63  92  14  
 -85  -3  74  
 -36 -46  96  
  81  32  71  
  91  63  21  
 -57  84  49  
  80  19  77  
 -82 -69  34  
  -8  90  67  
  89 -29  62  
 -92 -61  22  
 -77  81  12  
  69 -71  53  
 -39 -39  98  
  80 -78  11  
  44  75  71  
  59  29  91  
 -99 -35  41  
 -79 -76  26  
  57 -86  45  
 -47 -68  76  
