 -42 -39  30  
  23 -40  45  
  10 -47  43  
  59  15  22  
  43 -43  21  
 -21  59  16  
 -57  21  22  
  17  61  12  
  22  59  13  
 -47  22  38  
 -16  59  21  
 -41  34  36  
 -59  25   5  
  -9  50  40  
  18 -55  28  
  57 -19  23  
  11  63  10  
 -43  48   6  
 -24 -58  15  
  22 -59  14  
  -3  62  18  
  45  46   7  
  42  37  32  
   2 -62  18  
  13 -49  40  
 -62  -6  17  
 -46   2  45  
  15 -58  24  
   3  64   8  
  57  29   7  
  59 -19  18  
  33 -32  45  
  54 -27  22  
  11 -59  24  
  42 -11  48  
  45  -7  46  
 -42 -17  46  
 -23 -24  55  
  48  36  23  
  21 -26  55  
  50 -39  12  
  29  32  48  
 -15  11  62  
   9  53  36  
 -59  -5  26  
  42 -43  24  
  42 -41  27  
  30  57   2  
  -8 -63  12  
  58 -21  19  
  33  12  54  
  -1  23  60  
 -30 -49  29  
  53  37   1  
 -43 -48   1  
 -21 -22  57  
 -12 -26  58  
 -10 -35  53  
  -4  63  14  
 -20 -56  25  
 -29  23  53  
 -13  -1  63  
 -61  20   4  
 -19 -37  49  
  39 -36  37  
 -14  55  31  
 -39 -25  45  
  33  55   6  
  -4 -64   7  
   0 -56  32  
  39 -30  42  
 -26  24  54  
  45 -25  39  
 -63  -9  10  
 -42  42  25  
   8  29  57  
  26  24  54  
 -17  -2  62  
  -2  38  52  
  33  35  43  
  60  24   3  
  -5  51  39  
   7  -2  64  
 -17  62   5  
  32 -32  46  
  56  -5  32  
  58  22  17  
 -37 -41  33  
  18 -54  30  
   5  51  39  
   4  38  52  
  16 -18  60  
   1  32  56  
 -46  45   5  
 -54  -7  35  
 -36 -24  48  
 -57 -16  26  
   5  28  58  
  -7  46  45  
  60 -19  14  
 -38  35  39  
   5 -13  63  
  27 -56  17  
 -63  13   7  
  36  13  52  
   8   4  64  
  25  43  41  
 -62  17   1  
 -11 -35  53  
 -32  36  43  
   7  54  35  
  -7 -64   3  
 -42  49   5  
 -40 -25  44  
   8  -3  64  
   0  18  62  
  55 -22  25  
 -16  21  59  
  56  -8  31  
 -27 -57  13  
  33 -50  24  
   1  47  44  
  46  44   9  
  31  -9  56  
  11  28  57  
  22  38  47  
 -13 -16  61  
  60 -22   7  
  64   2   7  
   6  55  33  
   6 -13  63  
  12 -54  33  
  48  33  28  
  25 -13  58  
 -39 -46  23  
  16  61  13  
 -15 -62  10  
 -56   7  31  
 -52  38   1  
  19 -54  30  
   1  46  45  
 -31 -24  51  
  23  52  30  
   8 -64   0  
  -2 -54  35  
  25  56  20  
  46  35  29  
  53  17  33  
  34  50  23  
 -28  57  11  
   8  40  50  
 -58 -28   2  
  23  55  24  
   6  -1  64  
 -34 -41  36  
  42 -38  31  
  44 -47   2  
 -56 -24  21  
  62  -6  17  
   6  57  30  
  57  16  25  
 -59  24  11  
  23  60   6  
  11  60  21  
  55 -21  26  
  42 -28  40  
   8  61  19  
 -25   8  59  
  38  51  12  
 -28  12  57  
  31 -38  42  
  62   0  17  
 -24 -31  51  
  32  38  41  
 -34  22  50  
 -34  55   2  
  37 -51  14  
  21  21  57  
  33 -26  49  
   1  62  18  
 -39  51   7  
 -24 -42  43  
 -63 -10  10  
 -23  59  13  
  41  28  41  
  59  23  13  
  15 -59  22  
  43  39  28  
   9 -36  53  
  60   4  24  
  10  53  35  
 -31 -27  50  
 -13  31  55  
  29  57  10  
 -28 -19  55  
  34  10  54  
  35  21  50  
 -17  60  16  
  45  46   5  
   5  56  32  
  23 -19  57  
 -54 -35   2  
 -35  11  53  
  -7 -50  40  
  63   5  14  
  27 -30  50  
 -26   0  59  
  56 -19  26  
  -4  -7  64  
  44 -22  42  
  34 -31  45  
 -63 -14   3  
 -48 -42   9  
  24  -1  60  
 -45  41  22  
 -26  37  46  
 -60  21  10  
 -40 -50   9  
 -37  53   2  
  13 -44  45  
 -59  21  15  
  23 -13  59  
  15  40  48  
  28  -6  58  
  43 -47  10  
  -9 -32  55  
  57 -24  18  
  35  39  38  
  38  22  47  
 -17 -34  52  
  41 -12  48  
 -39 -35  38  
 -48 -43   3  
 -13  49  40  
 -18 -39  48  
 -33 -55   5  
 -48 -24  36  
  24  59  10  
  21  -3  61  
  -3  59  26  
 -17   5  62  
 -52  24  30  
  16 -23  58  
  59 -17  19  
 -13   1  63  
 -30  57   6  
  14 -48  41  
  -2   7  64  
  19 -44  43  
  25 -55  23  
  -7  -2  64  
  33  29  47  
  -2  58  28  
 -59  25   8  
 -29 -38  43  
  54  35   5  
  42  47  14  
 -60 -14  19  
   6  -2  64  
 -49  -4  42  
 -18 -29  55  
  -7 -41  49  
  53   9  36  
  -6 -64   3  
  22  58  17  
 -24   3  60  
 -44  46  10  
  -6  47  44  
  13  13  62  
  45 -40  23  
  47  11  43  
 -63  10  11  
  37 -39  36  
 -18 -34  52  
 -26 -24  54  
  40  16  48  
  47 -28  34  
  -4 -63  13  
  26  47  36  
  32 -23  51  
  -3 -39  51  
 -50 -39  13  
  56 -32   0  
  42 -45  20  
 -48 -40  16  
  63  12   7  
 -11 -59  23  
 -37  41  33  
  -7 -40  50  
   3  59  26  
 -46  16  42  
 -50  34  22  
  33  44  34  
  42 -49   3  
 -19 -36  50  
  43  47   9  
 -13  58  25  
  56 -26  18  
  48 -43   1  
 -61 -12  18  
