  22  59  77  
  86 -43  25  
 -54 -66  51  
 -41 -87  25  
  41  81  41  
  28  94  16  
 -75  53  38  
 -27 -83  48  
  79 -54  28  
 -45  80  39  
 -94 -26  20  
  33  58  74  
  30  95   1  
 -86  42  28  
  86  46  20  
  82 -23  51  
 -72 -54  42  
  25  41  87  
  45  46  76  
  93  -7  35  
  89 -43  13  
 -37  72  58  
 -71   0  70  
 -47  72  50  
 -53   5  84  
  94  32   4  
  27 -89  36  
 -92  33  18  
 -74  63  21  
 -11 -14  98  
  68 -55  47  
  60  79   5  
  89  45   0  
 -95  26  15  
  79 -12  59  
  71   2  70  
 -74 -53  40  
   4  94  33  
 -48   4  87  
 -61 -32  72  
 -21  43  87  
  71 -19  67  
 -35 -87  33  
  30  49  81  
 -75  57  32  
  93  -8  34  
   1  94  33  
  34 -31  88  
 -30  -1  95  
  94  16  28  
 -90  -7  42  
 -14 -46  87  
 -26 -71  65  
 -42  50  75  
 -58 -12  80  
  57  40  71  
  -2 -85  52  
  44 -59  67  
 -77  26  57  
  70 -40  58  
  58  80  12  
 -64  73  21  
  96 -12  24  
  -8  16  98  
  -6 -56  82  
 -85   9  51  
  77 -38  50  
   2  23  97  
  17  54  82  
 -99  -8   1  
  66 -30  68  
 -17  20  96  
  79  51  32  
  61  72  31  
 -27  94  17  
   9  43  89  
   9  81  57  
  29  25  92  
 -25  21  94  
 -95  23  19  
 -66  72  20  
 -89  37  25  
 -24 -74  62  
  35 -90  23  
 -21  41  88  
  52 -84  11  
  92  -6  38  
   1  87  48  
 -65   1  75  
 -61 -53  58  
  25  -7  96  
  13  13  98  
  81  28  51  
 -29 -73  61  
  39  69  60  
  -2 -69  72  
  78  17  59  
 -68 -50  53  
  25  92  29  
  21  94  24  
  91  19  36  
  54 -81  20  
 -43 -65  62  
  92   4  38  
  75 -59  29  
 -77  43  46  
   5 -16  98  
 -90 -43   1  
 -18  63  75  
 -86 -49  11  
  54 -75  37  
  23  97   1  
  11  67  73  
  -1  50  86  
  51 -43  74  
  99  -2  11  
  77  13  62  
  42 -16  89  
 -59  42  68  
   5 -88  46  
  -2 -99  11  
 -18  62  76  
  27  94  18  
  59 -28  75  
 -10  61  78  
  43  60  67  
 -84  45  29  
 -58  47  66  
 -17  91  37  
 -10 -67  73  
  54  21  81  
 -28 -95   9  
 -81  44  37  
 -78  60  14  
  49  84  21  
 -76  64   2  
 -48  79  37  
  67  72  14  
 -24 -92  30  
  38 -76  52  
 -64  18  74  
  55  35  75  
  30  18  93  
 -11 -67  73  
  87  31  37  
 -96 -12  23  
 -10  74  66  
  -1  30  95  
  35  86  36  
  43  81  38  
 -14  93  32  
 -42 -50  75  
 -79 -21  57  
   0 -52  85  
  68   8  72  
 -97  16  16  
 -27  42  86  
  26 -95  13  
  87 -17  45  
 -44  89   8  
  39 -17  90  
 -56 -70  43  
 -60 -33  72  
  59  74  30  
  60 -68  41  
  78 -58  22  
 -78 -27  56  
   1  16  98  
  -9  14  98  
 -67 -70  22  
  44  89   0  
  72 -27  63  
 -43 -88  17  
  86  -8  49  
  37 -39  84  
  64  67  36  
 -56 -20  80  
 -13  33  93  
  86  -5  50  
 -66 -56  49  
  13 -56  81  
  90 -18  39  
  74  42  52  
  18  98   0  
 -68  30  66  
  34 -56  75  
 -68 -72   9  
   3  44  89  
  14 -96  21  
 -94   2  32  
  61 -69  38  
  41  80  43  
  73  15  66  
  63  63  44  
  95   2  30  
  66  30  68  
  73  41  54  
  17 -87  45  
  86  45  21  
 -83  -4  55  
 -33 -18  92  
 -34 -74  57  
  18 -58  79  
  58 -61  53  
 -76  58  28  
 -45  46  76  
 -46 -48  74  
 -10  91  39  
  49 -48  72  
  31 -10  94  
  81  55  19  
  61 -32  72  
 -37  15  91  
 -63  49  59  
  -4 -17  98  
  16   0  98  
 -48   8  87  
 -52 -83  17  
  39 -91   8  
  -9 -32  94  
  88  40  23  
 -10  99   7  
  86  48  14  
  68 -62  38  
   7 -88  46  
  44  -5  89  
 -11 -92  36  
  99 -11   5  
 -90   1  43  
 -50  68  53  
   9  -6  99  
 -67  50  54  
 -52  -3  85  
  39  31  86  
 -58  77  24  
  10 -47  87  
 -86 -50   3  
 -74  27  61  
   0 -27  96  
 -33 -35  87  
 -26  88  38  
  37 -10  92  
 -40  50  76  
  17  98   6  
  32 -92  21  
  51 -24  82  
  81 -33  47  
  45  -2  89  
  -4 -11  99  
  18 -79  58  
  62  10  77  
  63 -51  58  
 -29  52  80  
 -93  15  32  
 -41  89  18  
 -24 -88  40  
  50 -86   7  
  -6 -48  87  
 -79 -23  56  
  -9  97  19  
 -89  36  27  
   8 -51  85  
  90 -41  12  
 -20 -77  60  
  94 -19  26  
  44 -37  81  
 -92  -6  38  
 -89 -43  13  
  -9 -99   5  
 -14  -9  98  
 -56 -64  52  
  66  -7  74  
 -23  97   3  
  24  38  89  
 -53 -19  82  
   0  78  62  
 -37 -92   7  
  27  35  89  
   9  32  94  
  71  69  11  
 -26  56  78  
 -53  45  71  
 -83  41  36  
  -9 -62  77  
  22 -80  55  
  -1  58  81  
  13  59  79  
 -31 -22  92  
 -86  38  33  
  40   7  91  
  41 -59  69  
 -91  39  12  
  15  95  25  
  40  79  45  
  80  38  45  
  56 -42  71  
  65 -43  62  
  87  19  44  
  49 -31  81  
 -89 -45   1  
