  15  86  73  
  -7 -67  92  
  40  73  78  
 -40 -79  72  
 -41  87  61  
   8  54 100  
 -51  76  68  
  77 -65  53  
 100  37  40  
  -8  97  59  
  12 -98  57  
  96 -17  59  
 -64  26  91  
 -88  53  50  
  39 -95  50  
 -43 -40  98  
 -44 -53  91  
  30 -50  98  
  21 -61  94  
  61  -7  96  
  40  94  51  
  61 -44  86  
  92  -8  67  
  94   6  64  
  76  61  59  
  99 -29  48  
  56  32  94  
 -55  60  80  
 -64  88  34  
  95 -33  54  
  55  62  78  
 -33  92  59  
  56 -75  65  
  51  63  80  
  96  49  37  
 -25  80  77  
  12 -99  55  
  66 -80  47  
  73 -81  34  
 -34  68  85  
 -46 -97  38  
 -53  93  39  
 -58  15  97  
  76  73  44  
  90 -70   3  
 -66 -61  70  
  51 -90  48  
  45  76  72  
 -64  76  56  
  69  54  73  
 -72 -11  88  
  37  45  98  
 -49 -62  82  
  48  89  53  
  55  75  66  
 -52  51  88  
 100  53  14  
  57  39  91  
  -7  77  84  
  82  70  37  
 -53 -48  89  
  84 -74  21  
  99 -47  31  
 -85 -58  49  
 -82  79   5  
  52 -95  35  
  58 -52  83  
  85   7  76  
 -80 -45  68  
 -73  55  68  
  60  88  40  
 -63 -23  92  
 -13 -53 100  
  55  90  43  
  20 -86  72  
 100  29  47  
  66 -91  20  
 -46 -92  49  
 -15  58  97  
 -37 -92  56  
  52  97  30  
 -91  61  31  
 -92  59  33  
  77 -20  82  
  57  45  88  
 -58 -67  72  
 -54  99  17  
 -23 -53  98  
 -15  90  68  
  30 -66  88  
  66  55  75  
  67  51  77  
  60  63  74  
  84   5  77  
 -91  18  66  
 -97  16  58  
 -47 -98  34  
 -78 -74  38  
  57 -90  40  
 -64 -15  93  
 -26  48 100  
 -41 -50  94  
 -98 -33  48  
 -64  93  16  
  57  71  69  
  66  40  84  
 -64 -66  67  
 -50  90  49  
  60 -92  30  
  90  65  25  
  81 -69  41  
  74  75  43  
  42  98  41  
  82  64  47  
  84 -53  56  
  27  95  57  
 -77  43  72  
  66 -88  29  
 -43 -46  95  
  22  99  52  
  62  89  35  
 -84 -33  70  
  77  59  60  
  36  94  53  
 -77  81  22  
   0 -80  81  
  83  73  28  
 -58   0  98  
  77 -33  77  
 -43 -75  74  
  17 -76  83  
 -56 -32  94  
 -86 -69  29  
 -99 -54  17  
  75  55  66  
 -86  -9  74  
 -29  92  61  
 -52 -49  89  
 -97 -60   1  
 -72  77  44  
 -65 -39  85  
  15  96  60  
  95 -18  60  
  96  40  47  
 -89  -4  71  
 -60  90  36  
 -80 -80  12  
 -56 -53  84  
  45  69  79  
 -56 -88  46  
  36 -73  80  
  75 -23  83  
  68  70  59  
 -45 -40  97  
  59 -26  94  
 -53 -21  99  
  71   1  89  
 -51 -44  92  
  47  88  55  
  80 -79  20  
 -94  52  38  
 -75  60  61  
  18 100  52  
 -68 -12  91  
 -57  79  59  
  77   7  84  
  15 -55  99  
 -50 -47  91  
  89  -5  71  
  64 -92  20  
 -65 -75  56  
 100 -31  45  
 -68  80  44  
  77  45  71  
 -92  19  65  
  61 -96  10  
  93 -62  22  
  87  11  73  
  95  54  33  
  78  33  76  
  14 -58  97  
 -69  28  86  
 -100 -12  53  
 -70  -1  90  
  83 -25  74  
 -99   1  57  
 -83 -15  77  
 -68 -39  83  
 -59  22  95  
 -84 -77   4  
  65  11  93  
  16 -72  87  
 -41  36 100  
 -99  49  29  
  63  56  77  
   3 -100  55  
  51  94  40  
  63  75  58  
  62 -94  17  
 -43 -60  87  
   1  67  92  
 -100 -17  52  
  98  56  15  
  58 -90  39  
 -94 -27  59  
  35  80  73  
  49  98  31  
  73 -81  33  
 -78   5  83  
 -97  24  55  
 -59 -10  97  
 -35  51  96  
  59 -10  97  
  87  -2  74  
  65  42  84  
   3 100  55  
 -54 -97  26  
 -54 -42  91  
  -6  90  70  
  90 -54  44  
  58 -21  96  
  42 -56  90  
  78 -23  80  
  98 -58   0  
 -67 -55  74  
  87  61  41  
  83  78   1  
 -98 -58   1  
 -55 -79  61  
  53  66  76  
 -67  40  83  
 -28  55  96  
 -33 -96  52  
  45  77  71  
 -88 -72   7  
  46 100  29  
  14 -75  85  
  52 -84  57  
   3  93  66  
  71 -88  16  
  18 -83  76  
 -21 -84  74  
  54 -98  22  
 -12  75  85  
   6 100  54  
  85  26  71  
 -56   9  99  
 -36 -57  92  
 -56  99   9  
 -80  70  41  
  98 -53  25  
 -21 -85  73  
 100  38  40  
  70 -85  30  
  66 -92  13  
  53  92  41  
  91 -31  61  
   7  88  72  
 -21 -100  50  
  89 -68  20  
  68 -61  68  
  54  17  99  
 -94 -26  59  
  28  72  84  
  78  18  81  
  74  66  56  
 -96  -8  61  
 -82  40  68  
 -97  15  58  
 -100 -54  11  
  24  70  87  
 -85  -5  76  
 100  54   6  
  35  42 100  
  -1 -86  75  
  88  66  30  
  62 -94  18  
  67 -73  56  
 -62 -35  89  
 -44 -89  56  
 -90 -56  42  
  90 -25  65  
   1  86  75  
 -89  40  59  
 -73  86  17  
  35  79  74  
  25  98  53  
  95 -62  10  
  77  38  75  
 -92 -65  17  
  33 -80  74  
  68  42  81  
 -82  79   3  
  86  54  52  
 -29  61  92  
  65 -87  35  
 -95 -48  41  
 -56  72  68  
 -89  61  37  
  46 -96  41  
