  76  -2  46  
  88  12   6  
 -69  53  19  
  10  53  71  
 -82 -27  22  
  55 -70   6  
  86 -10  20  
 -48  34  67  
  38 -31  74  
 -41 -75  24  
  39  76  25  
  53  -7  71  
 -36 -62  53  
 -22  15  85  
 -41  65  45  
 -39   5  80  
 -50  30  67  
  74 -44  23  
  70  13  53  
  33  10  82  
 -79  39  13  
 -84  26  14  
 -71  41  34  
  46  71  27  
 -60 -35  56  
  72  45  26  
  -7  10  88  
 -47  31  69  
 -35 -44  69  
  23  79  34  
  -7  87  17  
 -27  12  84  
 -31  74  39  
  62  43  47  
 -52 -72   3  
 -87  13  12  
 -38  70  40  
 -34 -82   6  
 -77 -13  43  
   0  64  62  
  85  13  22  
  61  44  48  
 -65 -60   9  
  77 -41  17  
 -15 -25  84  
  88  -7  11  
   9  34  82  
  -7  83  32  
 -65  57  22  
  38  47  65  
  14  37  80  
  -4 -81  37  
  74 -21  45  
 -22 -41  76  
   3 -46  76  
  27 -12  84  
  39  22  77  
  21 -81  31  
 -50  15  72  
 -44 -75  19  
  -4 -39  80  
 -65  56  24  
  -4  88  11  
 -13 -12  87  
  15  64  60  
 -86 -19  11  
  74  -3  49  
  81   6  36  
  29  51  67  
  31 -82  16  
  29  61  58  
 -51  56  47  
 -12 -46  75  
 -81  -5  37  
   0 -89   6  
  36 -78  23  
 -36  72  38  
 -71   8  53  
  36 -64  50  
 -83  -7  31  
  10  66  59  
 -47 -15  74  
 -28  17  83  
  34 -46  68  
  27  46  71  
  36 -74  34  
 -58  67   8  
 -23  26  82  
   7 -75  47  
  21  24  83  
  73 -33  39  
 -32 -83   5  
   7  50  73  
  34  63  53  
 -78  43   2  
 -10  55  69  
  42 -34  71  
 -52  65  31  
 -73  37  35  
  18  87   8  
 -38  34  73  
 -15 -83  29  
 -81 -29  23  
  62  -5  64  
  38 -65  47  
  64 -61  11  
  -8 -18  87  
 -84  21  21  
  12  46  75  
  62 -56  30  
  31  14  82  
  11 -79  39  
   0 -45  77  
  -1 -30  84  
 -22  85  14  
  39  40  69  
 -67  42  41  
  12  64  61  
  -7 -17  87  
 -33  55  62  
  44  64  43  
  36  19  79  
 -82 -27  21  
 -82 -22  27  
 -27 -36  77  
 -88  13   2  
  49  46  58  
 -19   4  87  
  49  36  65  
  43  34  70  
 -39 -74  30  
   2  89   6  
  44  56  53  
 -65 -36  49  
  34  71  41  
  41 -73  30  
 -10  58  67  
  66 -26  54  
 -24  58  63  
 -55 -43  55  
 -35  81  13  
  -1 -70  55  
  24  49  70  
  -9 -86  22  
  79 -31  26  
 -72 -11  51  
  17  87   6  
 -36  34  74  
  28 -33  78  
  23 -65  56  
  82  12  33  
  41 -11  78  
  -7  84  29  
 -44  45  63  
  56 -69   5  
 -26 -38  76  
 -51  68  26  
  67 -33  48  
 -18  30  82  
 -72  29  44  
  32  83   3  
   4  49  74  
  45 -64  42  
  16 -72  50  
 -68 -57   3  
   5  87  17  
 -32  75  36  
 -86   7  22  
 -50 -58  45  
 -42  53  58  
 -34 -70  43  
  52 -59  42  
 -78  30  31  
 -22  81  29  
  84 -22  20  
  79 -33  25  
  63 -52  35  
 -46  18  74  
  24  79  33  
  -1  64  62  
 -81  36   9  
  22  71  49  
   2 -77  45  
  36 -14  80  
  43  11  77  
 -46  28  71  
 -56 -62  30  
   9 -82  34  
  75  40  27  
 -53  36  62  
  74 -24  43  
 -48 -56  50  
 -19 -32  81  
 -80  18  34  
   1  77  45  
 -75   7  47  
  72 -51  13  
 -18  82  30  
  62  28  57  
  39 -60  53  
  14  38  79  
  54 -59  39  
 -75 -37  30  
  53 -40  59  
  63  31  55  
  78  39  17  
 -36 -53  62  
 -61 -64   8  
 -62  27  58  
  41 -72  33  
  61  47  45  
  41  -4  79  
  10 -63  62  
 -17 -87   6  
 -66 -13  58  
 -60  63  18  
  24  33  79  
 -46 -72  25  
  52 -72   4  
 -43 -77  10  
  43   0  78  
  81  11  35  
  10  15  87  
 -34 -82   5  
  54  58  41  
 -15 -67  57  
 -44  31  71  
  12 -48  74  
 -66  -7  59  
  22 -60  62  
 -12  -3  88  
  34 -50  65  
 -77  42  15  
  63  60  19  
 -56  69   2  
   2  -5  89  
 -55 -50  49  
  41 -78  12  
 -14  38  79  
 -88  10  10  
  39  69  40  
  79   5  41  
 -36  36  73  
  48 -47  58  
  73 -22  46  
  67  30  50  
 -76  -2  46  
  68 -56  11  
 -62  42  48  
 -16 -82  31  
 -84 -14  25  
 -10  40  79  
 -20  44  75  
 -46 -21  73  
  43 -68  38  
  33  56  61  
  55  13  69  
 -36  67  46  
 -14 -88   4  
  87 -18   5  
 -46   3  76  
 -56 -12  68  
 -14  56  68  
  22  79  35  
 -59  19  64  
 -19  44  75  
  66 -59   9  
  13 -79  39  
 -87 -17   7  
 -25 -15  84  
 -19  71  50  
 -38 -78  19  
 -12  88   1  
  67  57  12  
  48  66  35  
  38  80   9  
 -31  80  24  
 -71  22  49  
  55 -23  66  
  -2 -89   2  
 -42  60  51  
   0  77  45  
  82  25  23  
 -11 -77  43  
 -80  39   1  
 -51  -3  73  
 -65 -45  41  
  14 -17  86  
 -44  -4  77  
  85  23  12  
 -62 -32  55  
  24 -33  79  
 -56   0  69  
 -62 -15  62  
 -17 -39  78  
 -76   1  46  
 -28   9  84  
  79  31  27  
 -72 -26  45  
  83 -32   0  
