 -13  81  23  
  60  20  57  
 -44   8  72  
  13  66  52  
  49  59  37  
  69  42  27  
 -18 -40  73  
  21  73  38  
 -33  73  28  
  47  67  23  
  11  51  67  
  79 -17  26  
 -83   2  19  
  66  29  45  
  75  40   1  
 -11  77  34  
 -37  -7  76  
   5  45  72  
 -72  -7  45  
  23  60  56  
 -54  -7  65  
  85   4   4  
  84 -13   3  
 -12  60  59  
 -59 -24  56  
 -37  52  56  
  73  34  27  
  25 -63  51  
  -8 -84  12  
  85  -2   6  
  65 -11  54  
  62 -57  10  
 -26 -44  68  
  -8 -11  84  
  31 -28  74  
  10  44  72  
   8  53  66  
  19  83   1  
  62 -26  52  
   2  56  64  
  52 -37  56  
 -76  34  17  
 -83 -17   6  
  50 -25  64  
 -60  43  42  
 -25  31  75  
  47 -49  51  
 -56  19  61  
  48  55  44  
  -7 -84   9  
 -24 -11  81  
 -33  67  41  
 -75 -29  27  
 -80  26  13  
  16 -23  80  
   7  66  53  
  -2 -47  71  
 -10  42  73  
 -14  83  12  
  30 -72  34  
 -31 -13  78  
 -24  62  53  
  85   1   3  
   1 -57  63  
  15 -28  79  
  40 -73  17  
   1  75  40  
   8 -49  69  
 -58  31  54  
 -70 -21  43  
 -69   5  49  
  40  44  61  
  27  66  46  
  55 -65   1  
  54 -60  26  
  -7 -33  78  
  62 -28  51  
  11   7  84  
  41  22  71  
  41  70  26  
 -12  40  74  
 -50 -46  51  
   4 -78  33  
 -80  27   8  
  -6 -71  46  
  26  17  79  
  -3 -47  71  
 -45  54  48  
  72  -2  45  
  83   0  18  
  49  61  33  
  12 -84   0  
 -32  12  78  
 -81 -22  14  
 -82 -11  19  
  66  -7  53  
   5  83  18  
  65  -1  55  
  25 -29  76  
  80   5  29  
  15  62  56  
  51  68   0  
  74  30  29  
  -1 -58  62  
  62  54  21  
   6 -77  35  
  37  31  70  
 -68 -51   6  
  21 -10  82  
  27 -78  21  
 -19  83   1  
 -11  51  67  
  12  47  70  
 -40  73  18  
  61 -20  56  
 -13 -46  70  
 -69 -46  19  
 -56  36  53  
  20  24  79  
  21  34  75  
  77 -31  18  
 -52   6  67  
  25  -8  81  
 -61  43  41  
 -63 -53  21  
  27  57  57  
 -11 -61  58  
  39 -37  66  
   4 -29  80  
  32 -34  71  
  42  33  66  
  20  82   8  
 -38  30  70  
 -27 -50  63  
  -2 -51  68  
  53  63  21  
 -18   7  83  
 -42 -74   4  
 -56  20  61  
 -50 -41  55  
 -25 -43  69  
  59  34  51  
  -3 -75  40  
 -22  12  81  
   8  80  28  
  37 -28  71  
 -20 -16  81  
 -13 -61  58  
 -64 -43  36  
 -50 -64  25  
 -50  56  40  
  29 -68  42  
 -82  16  15  
  67 -48  20  
 -34  69  36  
   9  66  53  
  71  34  32  
 -77  36   3  
   0  64  56  
  11  -8  84  
  63   2  57  
   3  -3  85  
 -54 -43  50  
  18  79  25  
 -64  -3  56  
 -24   7  81  
 -80  24  17  
  16  42  72  
 -57 -57  27  
  19  -2  83  
 -26 -61  53  
  19 -55  62  
 -10  -6  84  
  -6 -85   2  
  82  -1  22  
   3 -47  71  
  26  79  17  
 -46  44  56  
  52 -52  43  
 -29 -78  17  
 -53 -37  55  
  -6   1  85  
  25  76  29  
 -54 -54  37  
   5 -31  79  
   7  39  75  
  47 -16  69  
 -31 -49  62  
 -28  36  72  
 -77 -27  24  
  53 -24  62  
  49  14  68  
  62 -31  49  
 -27  36  72  
 -80 -20  20  
 -16   8  83  
   0 -74  42  
  20  68  47  
 -69  49   8  
  10 -50  68  
 -71 -47   2  
  61  59   4  
 -63   3  57  
   0 -84  13  
  44 -61  40  
  66 -28  46  
 -64 -45  33  
  32  56  55  
 -57 -32  54  
 -74  34  24  
  14  39  74  
  46 -27  66  
 -18  80  22  
  43  53  51  
  14 -83  10  
  50  69   0  
  63  54  18  
 -55 -47  45  
  56 -12  63  
 -40  75   4  
  -7  59  61  
  17  71  44  
 -54 -32  57  
  24 -48  66  
  43  38  63  
  36  25  73  
 -69  -1  50  
  53 -47  47  
 -43  15  72  
  81   8  25  
 -14  50  67  
 -38 -70  29  
 -83 -11  16  
  58 -34  52  
 -62 -43  39  
 -20 -80  20  
  24 -70  42  
  26 -78  21  
 -36  66  40  
   8  84  12  
 -33 -73  29  
 -71  29  37  
  64 -44  34  
  41  55  50  
 -29 -80   5  
  82 -21   6  
  58  32  53  
  84 -12   4  
 -14 -43  72  
 -13 -80  25  
  72  11  44  
  18 -81  19  
  61 -54  25  
  47 -69  17  
  21 -40  72  
 -51 -53  43  
  44 -67  29  
  50  43  54  
  67 -31  42  
  83 -19   4  
  30 -50  62  
 -18  78  29  
  76 -38   6  
 -58 -36  51  
  49 -33  61  
  79  30   8  
  31 -79   8  
 -64   8  55  
  65   2  55  
 -27 -29  75  
 -62  15  56  
  16 -75  37  
 -37 -67  37  
  39 -25  71  
  12  57  62  
  11  54  65  
 -81 -25   1  
 -59  -6  61  
   1  85   6  
 -52   3  67  
  -7  83  18  
   0  79  32  
 -40 -74  13  
  61  17  57  
  14 -70  46  
  35 -64  44  
 -18  76  34  
 -21  79  24  
 -73   0  44  
 -27  59  55  
  32 -27  74  
 -10 -61  58  
  12  15  83  
  66 -44  31  
  63 -31  48  
  -6  77  35  
 -45  33  64  
 -37 -43  63  
  55  52  39  
  72   1  45  
