  37 -84  19  
 -80  18  45  
  71  19  58  
  75  56   3  
  65  57  36  
 -54  26  72  
 -49  79   9  
 -53 -44  63  
  93   6   5  
 -78 -43  29  
  29 -82  34  
  70  17  60  
  -5  28  89  
 -90 -17  20  
 -60 -52  49  
  47  70  40  
  -6  17  92  
 -52  72  30  
  88 -27  17  
   6  59  72  
  74  25  51  
  68 -64   2  
  25  90   4  
  61 -24  67  
  37 -82  25  
 -88  14  28  
  22 -84  34  
  52  63  46  
  12 -84  39  
 -53 -77   4  
 -41 -84   4  
   4 -50  79  
  19  58  71  
 -39 -73  44  
  89  20  20  
 -46  -7  81  
  66 -46  48  
  39  67  52  
  54  25  72  
 -14 -80  46  
 -68  -2  64  
  83  35  25  
 -73 -50  30  
  37 -81  28  
 -48 -25  76  
  48 -41  69  
  71 -49  36  
 -58  71  19  
  69 -51  37  
 -15  70  60  
  28 -89   2  
  43  12  82  
 -32  42  77  
   1 -80  48  
 -67   2  65  
   2 -93   9  
  -7 -36  86  
 -47  66  47  
  26  86  25  
  90  26   2  
  44 -82   7  
 -55 -26  71  
  57  72  17  
 -20  -7  91  
  93  -2   8  
 -65 -60  31  
 -51 -14  77  
  22 -13  90  
  70  26  56  
  85 -39   6  
 -25  27  86  
  77  28  45  
 -53   1  77  
 -13 -77  51  
 -60 -32  64  
 -58 -45  58  
  25 -32  84  
  52  41  66  
 -83  -2  43  
 -44 -80  21  
  13  87  31  
  50  12  78  
 -26 -77  46  
  81 -46   7  
  67 -63  16  
 -68 -64   8  
 -48  31  74  
 -58 -60  42  
 -51   8  78  
 -16  -1  92  
 -92   1  17  
 -20  91  10  
  53  44  63  
  45 -82   6  
  30  28  84  
  63  60  34  
  70  16  60  
  36   3  86  
  83   1  43  
 -12  76  53  
 -34 -14  86  
  62 -45  54  
   7   2  93  
  85 -39   2  
  -5 -61  71  
  85 -21  33  
  22  51  75  
  23  71  56  
 -64   1  68  
  47 -17  79  
  15  89  24  
 -12  90  22  
  56   0  75  
  65  52  43  
 -87  24  24  
  93  -8   7  
  67 -20  62  
  82 -42  16  
  69 -63   4  
 -37  57  64  
  86 -37   4  
 -93  -7   8  
  15 -92   5  
 -56  51  55  
  40 -78  32  
 -42  70  46  
  13  90  21  
 -92   5  16  
  36 -35  79  
 -85  21  33  
  34 -34  80  
  91 -16  15  
   6 -50  79  
  60  72   0  
  17  23  89  
 -65 -66  14  
  19  87  29  
 -82 -33  30  
 -18 -12  91  
 -70  -2  62  
 -39  83  18  
  80 -33  35  
 -83 -41  12  
   6  72  59  
 -47  48  65  
 -30  88  10  
  62  16  68  
  25 -33  84  
  34 -86  12  
  37  75  42  
  31  71  52  
  24 -82  38  
 -75 -39  40  
  16  -1  92  
 -12 -57  73  
 -10  75  55  
  -4  63  69  
  68  62  17  
  91  19   9  
 -21 -14  90  
 -23  -9  90  
 -13 -51  77  
 -57  72  18  
 -18  89  23  
  65  -3  67  
 -91 -13  18  
   7  93   2  
  -9 -84  40  
  53 -76  13  
 -27  80  40  
  40  69  49  
  28 -88  14  
  -3  56  75  
 -63   0  69  
  52 -46  63  
  39  75  40  
 -79  28  42  
 -92   2  17  
 -71  60   8  
 -21 -91   8  
  25  45  78  
  54  67  36  
 -92  11  13  
 -40  54  65  
   8 -93   5  
  62  67  21  
  69  50  38  
 -91  14  15  
 -90 -23  10  
 -62 -70   3  
 -75 -54  14  
  57 -49  56  
 -33 -30  82  
 -64 -14  67  
  -6  15  92  
  28 -75  48  
  14 -89  25  
 -82  45   1  
 -73 -58   4  
 -66 -21  63  
  27  87  21  
  11  30  88  
  88   8  30  
 -93   5   9  
 -65   0  67  
  73  25  53  
  54  50  58  
  -4  69  63  
  77  49  21  
  39  12  84  
  -2 -60  72  
  26 -12  89  
 -92   8  14  
 -59 -54  48  
  88 -30  11  
  45 -26  78  
  30  88   8  
   2 -22  91  
 -15  77  51  
  24 -38  82  
 -52  24  74  
 -17 -56  73  
  50 -13  78  
 -10   1  93  
 -20  91   4  
  26 -87  23  
  36  33  80  
   7  44  82  
  87 -34   2  
 -48  19  78  
  43  75  35  
  70 -43  45  
 -36 -62  60  
  -4  76  54  
  57 -60  43  
  62  31  63  
  32  71  52  
 -63  69   6  
  64 -66  17  
  34 -60  63  
  68  44  47  
 -17  90  20  
  45  -2  82  
  26 -77  46  
 -84 -39  13  
 -13  12  92  
 -24 -64  64  
  57 -12  73  
 -35 -45  74  
  -7  40  84  
  57  39  63  
  67  63  18  
  86 -18  32  
 -14  67  64  
  23  60  68  
  60 -23  68  
  79  32  39  
 -23  86  29  
 -37 -79  33  
  42  69  47  
 -43  45  70  
 -17  39  83  
  17 -90  19  
  23  76  49  
 -32  62  62  
 -90   0  25  
 -83  42   8  
  26 -63  64  
 -16 -88  27  
  19  21  89  
 -19  90  16  
   3 -54  76  
   0   9  93  
 -65  53  41  
  76  54   6  
  -8  93   2  
  88 -31   0  
  35 -33  80  
  40  68  50  
  25 -69  58  
  53  -7  77  
  26  63  64  
 -93  -7   4  
 -68  49  41  
 -77 -32  42  
  28  15  88  
  90  24  10  
  56  49  57  
  42 -24  80  
  87 -11  32  
  76 -28  47  
  41 -62  57  
  34 -76  42  
 -91  21   7  
  10  42  83  
  40 -30  79  
  49 -15  78  
 -63  53  44  
  54 -72  26  
  47 -63  51  
