  56 -20  51  
 -62  34  34  
 -36 -25  65  
 -21  75   9  
 -33  71   7  
  35 -67  22  
  14  -7  77  
  14  72  28  
 -44 -30  58  
 -68   6  39  
  42  64  17  
  24  72  21  
 -27 -66  33  
 -50 -14  59  
  34  47  53  
  65  24  37  
  64  30  34  
  35  65  27  
  77 -12   9  
  45  12  63  
  35  -2  70  
  49  50  36  
  70   5  35  
  37  43  54  
 -71 -16  29  
 -35  56  42  
 -48 -62   4  
  52  57  15  
 -66  14  40  
  71 -23  24  
 -68  32  22  
 -48  60  16  
  76  19   1  
 -63  -3  47  
 -10  76  17  
 -53  57   9  
  27  23  70  
  10 -16  76  
 -14 -31  71  
  12 -33  70  
  28  30  67  
  39 -65  20  
 -33  68  21  
  70  22  28  
 -42  -3  66  
  75 -20  13  
  -6  39  68  
  73  20  21  
  57 -44  31  
 -14  28  72  
 -21  56  51  
 -71  14  30  
  15  58  51  
 -78  -1   9  
 -19  67  36  
 -19  71  28  
 -52  41  42  
  31  38  61  
  40  10  67  
 -35 -24  66  
 -40 -57  36  
 -16 -62  45  
 -24 -53  53  
 -54  57   3  
 -65   6  44  
  46 -35  53  
 -23 -17  73  
 -73  24  15  
  29  56  47  
  34 -15  69  
  49 -53  31  
  51 -20  56  
  45 -12  63  
 -78   2   7  
 -75  -8  22  
 -26  35  65  
  41 -11  66  
  10  61  48  
  22 -63  41  
 -35 -22  67  
  56  44  33  
  29  16  71  
  27 -64  37  
 -54  55  14  
  41  61  28  
 -49  44  43  
 -66 -42   6  
 -23  50  56  
  61  10  48  
   5  39  68  
 -51  33  50  
 -39   1  68  
  -1 -35  70  
  -8  71  32  
  21 -39  65  
  46 -55  32  
  66  36  23  
 -42   6  66  
 -49 -58  19  
 -41  61  27  
 -56  11  54  
 -47 -18  60  
  53 -11  57  
   8  67  40  
  49 -49  37  
   5  67  41  
  49 -55  27  
 -54 -45  35  
 -65 -35  27  
  76   4  19  
  54   0  57  
   2 -70  35  
 -13  45  63  
  21  70  29  
 -48   7  62  
 -32 -22  68  
   2  48  62  
 -49  49  37  
  68  37  13  
   5  77  15  
  34  50  50  
 -76  -9  18  
  65 -29  33  
   4  45  64  
  75  23   4  
  -6  64  45  
  62  39  28  
  68  15  36  
  40  59  33  
   8  78   2  
 -26  14  73  
  59  14  50  
  49 -59  16  
  20  54  53  
 -38  35  59  
 -31  72   5  
  -1  71  34  
 -60 -26  43  
  37  39  57  
  15 -14  76  
 -25  45  59  
  60  18  47  
 -15  65  41  
  28 -73   9  
   3 -23  75  
  -8 -49  61  
 -10 -30  72  
  -2 -73  29  
 -62  -2  48  
 -13 -46  62  
  15  54  55  
 -55 -56   4  
  19  30  70  
  -4  78  10  
  25  41  62  
  32  69  20  
  54   3  57  
 -20 -49  58  
  50  57  20  
  44 -25  60  
 -32  69  19  
  75   2  23  
 -14 -50  59  
  62   2  48  
  -9 -12  77  
 -44  11  64  
   9 -78   1  
  74  17  19  
 -71   2  34  
  20   0  76  
 -64  38  25  
  30  16  71  
  22  68  32  
  -1   9  78  
 -22 -75   4  
 -56 -32  45  
  17 -60  48  
 -17  48  60  
 -60  36  36  
  15 -41  65  
  41 -25  62  
  59 -51   8  
 -17  67  37  
  39  68   3  
 -70 -26  25  
 -23 -62  42  
 -29  48  55  
 -39  57  37  
 -50 -60   7  
  31 -72   4  
  47 -27  57  
  54  23  52  
  36  15  68  
  54 -36  44  
 -40  35  58  
 -64  36  28  
  38 -22  65  
  42 -58  32  
  66   8  42  
  49 -60  14  
 -56 -11  54  
 -71  32  10  
 -18   7  76  
 -27 -70  23  
 -66 -20  38  
  21 -24  72  
  78  -6   9  
  15 -72  28  
  17  19  74  
  53 -26  52  
 -50  60  10  
 -25 -50  55  
  29  33  65  
 -51  54  26  
 -18  73  22  
 -36  67  20  
  63  43  18  
 -56  55   4  
  76  17  11  
  -7  78   1  
 -73  27  11  
  11 -16  76  
  70 -36   1  
 -76  10  18  
  33   1  71  
   9  76  17  
  61 -49   7  
 -64 -45   2  
 -16  68  36  
  27 -59  44  
 -31 -14  71  
  77   6  14  
  65  44   5  
 -10 -46  63  
 -23 -74  12  
 -46 -59  24  
  28  -4  73  
  36  66  22  
 -51 -10  59  
 -65  44   6  
  64 -45   6  
 -38  52  45  
  45 -20  61  
 -37  68  13  
 -70 -34  11  
   0  44  65  
 -21 -54  53  
  70  21  28  
  13  74  23  
  -4 -52  59  
 -72  30  10  
  -5 -77  14  
  -7  -1  78  
  32  67  26  
 -61 -49   2  
  -1 -78   9  
 -21 -31  69  
  20  75  11  
  18  64  42  
 -21 -64  40  
 -69  25  28  
  66  14  40  
 -29  51  52  
  22 -74  13  
 -76  16  13  
  69   8  37  
  66  17  39  
  61  15  47  
  -3 -52  59  
  47 -42  47  
  33 -12  70  
 -78   6   4  
 -20  55  52  
 -47  63   1  
 -28  14  72  
  44 -58  29  
  73   4  28  
  22   5  75  
  49 -16  59  
 -16  74  21  
  65  28  34  
 -70 -35   4  
 -76  -3  20  
 -37 -68  13  
  -9 -40  67  
 -12 -54  56  
  49  52  32  
  52  58  10  
 -35   0  70  
  26  42  61  
  63  44  15  
 -41  67   3  
  77  15   1  
 -59 -50  13  
 -26 -74   6  
  51 -50  33  
  -1 -37  69  
  53 -49  31  
 -32  71   9  
  48  -5  62  
