  96  54  99  
 -63 -100  89  
 -93 -57 100  
 -84 -94  78  
 -99  55  95  
  79  91  86  
 -99 -55  95  
  96  63  93  
  80 -96  79  
 -90 -91  74  
  92 -60  99  
 -60 100  91  
  95  92  66  
 -94 -61  97  
 -86  90  80  
  82 -78  95  
  83 -89  84  
  83 -97  75  
 -86  83  87  
 -65 -92  96  
 -73  88  94  
  89  66  98  
 -71  91  93  
  96 -57  97  
  98  93  60  
  89  87  80  
  97  79  79  
 -84  82  90  
  95 -99  56  
  78 -81  96  
 -99  94  57  
 -96  83  76  
 -79  80  96  
  98 100  48  
  78 -78  99  
 -84  81  91  
  82 -82  92  
 -90 -85  81  
 -80  89  87  
  97  75  83  
 -100 -79  75  
  55  96  98  
  90  68  96  
 -94 -60  97  
 -100  89  63  
 -84 -100  70  
 -88 -70  96  
  67  88  98  
 -75  84  96  
 -93 -65  95  
 -80  91  85  
 -60 -96  95  
 -48 -100  98  
 -82 -90  84  
 -88  93  74  
 -67  86 100  
 -72  83  99  
 -100 -65  88  
  81  76  98  
  96 -90  68  
  72 100  82  
 -100 -84  70  
 -81 -90  85  
 -66  92  95  
 -86  73  96  
  97  76  82  
 -84  74  97  
 -87  77  92  
 100 -96  52  
 -77 -79  99  
  68 100  85  
 -76 -96  83  
 -88  91  77  
 100  44 100  
  66  87 100  
 -80 -98  77  
  89  76  91  
 -89  73  93  
  85 -76  94  
  93 -59  99  
 -79 -78  98  
 -95  70  89  
 -98  63  91  
  98  79  78  
  73  85  97  
  95 -83  77  
  79 -90  87  
  65 -96  92  
  94  59  98  
 -77  91  88  
 -98  65  90  
 -72 -90  93  
  62  95  95  
 -76 -85  94  
  78 -80  97  
  95 -74  86  
  86  79  91  
 -97 -80  78  
  85 -81  90  
 -85 -73  97  
 -100  92  59  
 -100 -75  79  
  71 -92  92  
 -100 -76  78  
  92  93  69  
 -82 -75  98  
 -88  78  90  
  80 -90  86  
 -60 -92  99  
 -91 -76  89  
 -99  66  88  
 -94 -94  65  
 -93 -83  80  
 -98 -50  99  
  92 -85  79  
  83  81  92  
 -100 -77  77  
  94 -89  72  
 -95  76  84  
 -75  86  94  
  88 -68  98  
  95  62  95  
  68  90  96  
  70  88  96  
  86 -79  91  
 -97  61  94  
 -74 -86  95  
  96  93  64  
  91 -92  72  
  76 -94  85  
 -90 -99  63  
  92 -78  86  
 -85 -75  95  
 -99 -73  82  
 -50 -98  99  
 -76 -82  97  
 -90 -81  85  
  91  63  98  
  83  99  72  
 -99 -95  55  
  93  98  60  
  55  94 100  
  83  98  74  
  91  90  74  
 -82 -89  85  
 -100 100  43  
  92 -97  63  
  91  65  97  
 -67  92  95  
  87 -91  78  
 -77 -92  87  
 -100-100  44  
  52 -100  96  
 -93  69  92  
 -69 -92  93  
 -50  97 100  
  82 -87  87  
 -65  92  96  
 -88  86  82  
  96 -79  80  
  54  98  97  
 -61 -95  96  
  87 -87  82  
  83  87  86  
  88 100  64  
 -61 -96  95  
  77  86  93  
  98  63  91  
  85  88  83  
  83 -84  89  
  53 -95 100  
  80  82  94  
 -92  91  72  
  78 -93  85  
 -50 -99  98  
 -89 -85  82  
 -78  99  78  
  81 -85  90  
  96  79  80  
  89  91  76  
 -92 -65  96  
 -95  89  70  
 -80 -84  92  
 -90 -94  71  
 -60 -98  93  
 -80 -91  85  
  68 -96  90  
  73 -90  92  
 -79 -87  90  
 -99 -63  90  
 -98  55  96  
 -98 100  48  
  92  78  86  
 -96 -100  52  
 -95  65  93  
 -98  80  77  
  98 -67  88  
 -57 -99  94  
  62  91  99  
  99  97  52  
  89 -91  76  
 -67  87  99  
  97  82  76  
 -89  87  80  
 -94 -100  56  
 -96  84  75  
 -75 -93  87  
 -71  97  86  
  88  88  80  
 -84 -75  96  
  84  92  80  
 -68  94  92  
  93  60  98  
  77  89  90  
 -91 -87  78  
  85 -92  79  
 -99 -79  77  
 -88 -91  77  
  76 -82  97  
  80 -94  82  
 -92  71  92  
 -82  92  82  
  94 -87  74  
 -76 -94  85  
  87  75  93  
 -59  99  93  
  85 -80  91  
 -79 -88  89  
  88 -98  68  
 -85 -87  84  
  98 -61  93  
  84  96  75  
  82  77  96  
 -94  92  68  
 -98 -52  98  
  77 -92  87  
  93 -98  60  
 -57 -96  97  
  65  96  92  
 -73 -97  85  
 -100  85  68  
  84 -82  90  
  56 -97  97  
  96 -94  62  
  81 100  73  
 -96  92  65  
 -86 -89  81  
 -94 -84  78  
 -69 -98  87  
 -90 -71  94  
 -100 -94  55  
  90 -65  98  
 -98  98  52  
 -98  92  62  
 -97 -99  52  
  88 -72  95  
 -90 -72  93  
 -80  96  79  
  88  69  97  
  99 -98  50  
  70 -94  90  
 -92 -71  92  
  95 -53 100  
 -100 -46  99  
  87 -100  66  
 -68 -90  96  
 -57  99  94  
 -90 -86  80  
 -98 -87  69  
  61 -98  93  
 -71  83 100  
  97  84  74  
 -68  96  90  
 -75  83  97  
 -78 -95  82  
  85  82  89  
 -85 -96  74  
 -81 -77  97  
 -92  84  80  
  87  92  77  
 -99  73  82  
 -89  63 100  
  83 -86  87  
 -46 -100  99  
 -79  86  91  
  96  82  77  
 -96 -79  80  
 -100 -99  46  
 -97 -52  99  
  94  99  57  
 -93  96  64  
  48 -100  98  
 -85 -68 100  
  65 -97  91  
  98 -92  62  
  77  97  81  
 -88  95  72  
  74  98  83  
  86  78  92  
  61  95  96  
