 -16  83  21  
  76  -9  41  
   7  85  16  
  54  17  66  
  37 -57  54  
 -46  10  73  
 -60 -31  55  
 -56  48  46  
 -26 -14  82  
 -21  42  73  
  14  82  25  
  -1  81  32  
  19   4  85  
  10   6  86  
   2  42  76  
 -13 -86   2  
 -67  21  51  
 -70  44  27  
  42   5  76  
 -10  86   8  
  54  54  42  
 -87   0   4  
  -9  28  82  
 -42 -19  74  
  61 -15  60  
 -19  18  83  
  36   8  79  
  -2 -78  38  
  68  39  38  
 -75  38  22  
  -9  17  85  
  13 -83  23  
  51 -19  68  
  42  -6  76  
  16  41  75  
 -49 -53  49  
 -68 -15  52  
  79 -25  27  
  12 -83  23  
 -62 -40  46  
 -12  78  37  
 -11  79  35  
  75  42  12  
  17  67  53  
  86   3  14  
  60 -50  38  
 -25   8  83  
 -17 -26  81  
   6 -73  47  
   9 -57  65  
  13 -67  54  
  67 -35  43  
  59  43  47  
  15 -64  57  
  32 -21  78  
  13  85  12  
 -79 -25  26  
 -39  36  69  
 -21  61  58  
  80  26  23  
 -86  -2  13  
  40 -69  35  
 -17  54  66  
 -53  62  30  
  63  26  54  
  33 -56  58  
  69   4  53  
 -79 -12  34  
 -60  52  35  
  77  39  12  
  74 -26  38  
  84 -23   4  
   1  79  37  
  56 -57  34  
  56  50  44  
  41 -50  58  
 -26 -81  19  
  57  61  24  
  25  82  14  
 -68   8  54  
  21  81  23  
 -58  64  10  
 -19 -53  66  
  -1  64  59  
  83  22  15  
 -78 -38   6  
 -44  65  38  
  58  62  18  
 -18 -68  51  
   4  83  25  
  17 -47  71  
  -8  79  35  
  29 -80  17  
  68  24  49  
  69  52  10  
   5 -11  86  
  57  -9  65  
 -47  19  71  
  86  14   3  
  21  27  80  
  69  -4  53  
 -51  34  62  
 -34   5  80  
 -80  12  32  
  69 -32  42  
  44  67  34  
 -11  84  19  
 -10  21  84  
  34 -68  42  
  28  27  78  
  22  70  47  
  -5 -80  34  
  12  15  85  
  36 -26  75  
 -12  64  58  
  46  50  54  
 -84  -3  22  
 -11  48  72  
 -31  19  79  
 -35 -64  47  
  36  70  37  
 -59  48  42  
 -18  23  82  
 -59  51  38  
 -63  45  40  
 -42  76   3  
  51  52  48  
  72 -45  20  
  62  45  41  
 -15 -74  43  
   6  44  75  
  20 -78  33  
  60  45  44  
  56 -65  13  
  83  19  19  
  -1 -66  57  
  68 -15  52  
 -76 -42   5  
  32 -76  28  
  17  85   6  
   7  80  33  
  13 -86   5  
  46  42  61  
 -45 -38  64  
   5  86  13  
   1 -23  84  
  28  32  76  
   8 -65  57  
 -54  45  51  
  67 -48  28  
 -35 -76  24  
 -77  39  10  
  45  72  20  
  52 -65  26  
   9 -20  84  
  24 -37  75  
 -57 -58  31  
  19  58  62  
 -58 -63  15  
   7 -16  85  
 -69 -13  51  
  64  49  33  
  50  -7  71  
 -81  27  16  
  84  -8  22  
  82 -21  19  
  -5 -32  81  
 -24  39  74  
  44 -14  74  
 -61 -59  20  
 -55 -47  48  
 -12   1  86  
  64 -53  25  
  86   2  14  
  43 -74  16  
 -80  15  31  
  24  77  32  
   0  66  57  
  45 -53  52  
 -85  15  10  
 -49  72   2  
  22 -22  81  
  49 -20  69  
 -75  29  33  
 -35  71  36  
  26 -75  36  
   7  12  86  
  48 -57  45  
  80 -24  24  
  55  67   4  
 -36  53  59  
 -10 -84  20  
  28  23  79  
  60   5  63  
 -62  46  40  
 -45  26  70  
  46  17  72  
  76  33  26  
  -3 -47  73  
   3  79  36  
  36 -31  73  
 -83   5  26  
 -39  55  55  
   0  64  59  
 -66 -45  35  
 -78  36  14  
  -5 -12  86  
 -32  81   1  
  84 -19  11  
 -48  71  16  
 -65 -57   8  
  34 -57  56  
 -36 -14  78  
  82  -7  28  
  20  79  31  
 -66 -54  18  
 -81   9  31  
   2   3  87  
  12  73  46  
  55 -24  63  
 -51 -50  50  
  63  28  53  
  34  74  31  
  -2 -12  86  
  21  82  19  
 -58 -47  45  
 -25   9  83  
  74  22  40  
 -68  16  52  
 -70  25  45  
  79 -20  31  
  31 -51  63  
  87  -5   2  
 -37 -44  65  
  86  -6  12  
  39 -77  10  
 -53  65  23  
  11 -14  85  
 -77 -28  29  
 -22  62  57  
  24 -63  55  
  51  54  45  
  63 -49  35  
  -5 -31  81  
 -76 -21  37  
 -24 -67  50  
  60 -51  37  
  57  64  16  
  24  68  49  
  50 -70  13  
  11 -43  75  
 -26 -38  74  
 -81  -3  32  
  53  66  19  
 -67 -36  42  
 -17 -46  72  
 -81  31   5  
 -45 -23  71  
  69  11  52  
 -60 -12  62  
 -18  -6  85  
  68  -4  54  
 -74 -39  24  
 -19  -2  85  
  26 -22  80  
 -63 -36  48  
 -46 -73  11  
 -26  78  29  
  -2  19  85  
 -79 -27  24  
  59 -63   9  
 -26  49  67  
  21  82  21  
  76 -40  14  
  56   7  66  
   8 -69  52  
  25  16  82  
 -38  -5  78  
  42 -62  44  
  35 -63  49  
  47  73   4  
  -5  -4  87  
 -60  55  31  
 -37  76  21  
 -76  39  17  
  53  64  25  
  -4  72  49  
  42  64  41  
  70   2  52  
 -71  24  44  
  82  -3  29  
 -36 -76  22  
  -1 -84  22  
  69 -31  43  
 -54 -20  65  
 -77  36  18  
  75  43   8  
 -25 -61  57  
 -22 -83  13  
  83 -23  12  
