 -61  83  87  
 -84  35 100  
 -99 -75  53  
  86 -45  94  
 -89 -17 100  
  62 -96  72  
 -78 -46 100  
  86  65  81  
  95 -13  95  
 -99 -79  46  
  99  57  72  
  99  91  11  
 -100  16  89  
 -95  84  47  
  96  61  73  
 -28  96  91  
 -86 -68  79  
  91 -93  36  
 -58 -93  79  
  85  84  63  
  99  42  82  
  85  49  93  
 -86  96  40  
   3  94  97  
  89  32  96  
 -96  54  78  
 -61  90  80  
 -90  39  93  
 -98 -50  78  
  90 -79  62  
  87  49  91  
 -74 -71  88  
  89  61  81  
  97  84  42  
 -34  93  92  
 -93  -6  98  
 -83  75  76  
  87  99  30  
  90 -64  78  
 -62 -99  68  
  99  90  18  
 -86 -76  71  
 -15  94  96  
 -92  98  13  
 -56 -99  73  
  95  15  95  
  95  85  44  
 -99 -80  45  
  86  83  63  
 -97 -91  22  
  41 -91  91  
 -84  55  90  
 -35  89  95  
  81  89  61  
  95 -77  57  
  40 -98  84  
 -70  90  72  
 -17 100  89  
  84 -70  79  
 -86 -64  82  
  95 -93  22  
 -83  92  53  
  48 -83  95  
  86  88  55  
 -93  48  85  
 -95  42  86  
  85 -70  78  
 -57  81  92  
  99  72  57  
 -87 -50  90  
 -88 -74  71  
  94  34  91  
  73  65  93  
 -94 -60  76  
 -64 -88  80  
  75  80  79  
  80  90  61  
  99  -2  92  
  96 -23  92  
  77 -99  50  
 -92  78  61  
  93  26  94  
  85  38  98  
 -96 -33  89  
 -100 -84  34  
  80 -96  51  
 -85  83  64  
 -76  94  60  
  49 -98  79  
  88  41  94  
  98  71  60  
 -73 -98  57  
 -82  69  82  
  94  41  88  
  95 -68  68  
 -96  90  31  
 -67 -89  76  
 -24 -97  91  
  80 -42 100  
 -74 -65  92  
 -74  94  63  
 -88 -22 100  
 -77  72  84  
 -95  -7  96  
 -87  32  98  
 -78 -87  68  
  74 -96  59  
  40 -81 100  
  96  44  84  
  87  99  29  
 -95  30  91  
  89  77  66  
 -72 -85  76  
 -18 -98  91  
 -90 -97  27  
 -91 -91  40  
 -79 -100  45  
 -91   2 100  
 -85 -43  96  
 -61 -98  70  
 -85  98  37  
 -31 -94  92  
  95 -12  95  
 -96 -92  24  
 -85 -92  50  
  92 -97  19  
  27 -91  96  
  93 -34  92  
  40 -87  95  
  17 -97  92  
  88 -98  30  
  95 -73  62  
  61  67 100  
 -84 -39  98  
 -75  98  55  
 -19  96  93  
  77 -79  78  
  97  75  56  
 -84 -68  81  
  99 -14  91  
 -60  82  89  
 -100 -44  79  
  79  53  96  
  20  92  97  
 -62 -93  76  
  35  90  94  
  29 -99  87  
  72  86  75  
 -56 -88  86  
  13  91  99  
 -90  58  82  
 -82  75  77  
  96  32  89  
 -50  76 100  
 -82 -94  51  
 -61 -95  74  
 -49 -85  93  
 -78  51  98  
 -57 -87  86  
  85 -37  98  
  83  99  40  
 -82 -55  92  
 -88  66  78  
  51  78  98  
  84  83  65  
  93  39  90  
  58 -70 100  
 -15  95  95  
 -70  86  77  
  94  68  69  
  -1  91 100  
  43  88  93  
  95  35  89  
 -79  44 100  
 -53 -92  83  
 100  86  29  
 -77  66  89  
 -54 -78  96  
 -26  99  88  
 -84 100  34  
  98 -93   4  
 -44  83  97  
  32 -96  89  
 -81 -79  74  
 -72  65  94  
 -80  69  84  
 -73  95  62  
  22  99  89  
  96  55  77  
 -48  82  96  
  68 -98  63  
 -90  95  33  
  97 -10  93  
 -80  67  86  
  87  41  95  
 -96   0  95  
 -95 -19  94  
  87  85  58  
  87  26 100  
 -69  68  94  
 -88  29  98  
  13  94  96  
  76 100  49  
 -82  91  57  
  92  19  97  
 -46  82  97  
 100 -75  51  
 -46  93  86  
 -97  35  87  
  97 -46  82  
 -84 -88  58  
  78 -59  93  
 -98 -86  35  
  55 -95  79  
 -96 -62  72  
  36  96  88  
  98  59  72  
 -87 -100  25  
 -86  28 100  
 -92  49  86  
 -71  98  60  
  61 -74  95  
  76  67  89  
 -75 -89  68  
 -95 -33  90  
  85  34  99  
 -80  93  56  
 -48 -92  86  
 -67 -84  82  
  79  99  46  
  74  92  65  
 -92  95  27  
 -69 -73  90  
  83  36 100  
  86  75  72  
 -71  78  84  
 -99  69  61  
 -67  90  75  
 -85  65  82  
 -92  97  20  
  51  97  79  
  73  90  69  
  87  87  55  
 -63 -80  89  
 -92 -85  50  
  87  70  76  
  66 -62 100  
 -91  -3 100  
 -39 -88  95  
  98 -93   6  
  78 -51  98  
 -91  65  76  
  58  88  84  
 -71  83  79  
 -91  98  20  
 -79  61  91  
 -96  75  58  
  48 -96  82  
  97 -93  13  
 -95 -63  72  
  90 -81  60  
   0  94  97  
 -72  75  86  
  87  29  99  
  89 -51  88  
 -86 -33  99  
 -51  96  80  
 -48 -77 100  
  61 -97  71  
 -98  29  88  
  45 -98  81  
 -48  97  81  
  88 -33  97  
  76  70  87  
  94  97   2  
  85 -67  81  
 -82  63  87  
  96 -51  80  
  99  77  50  
  93  22  95  
 -80 -91  59  
  96  66  68  
 -65 -68  97  
  92  61  78  
 -78 -79  77  
 -96  94  12  
  88  72  73  
 -98 -52  77  
  88 -86  55  
 -97  86  38  
  94 -34  91  
  86 -69  78  
 -78 -88  66  
 -97  70  63  
  96  28  91  
 -93  33  92  
  69 -94  68  
  99  92   2  
  96  65  69  
   5  93  98  
