   6 -38  62  
   3 -68  27  
  64  -2  35  
  59 -43   3  
 -20 -70   3  
   9 -67  27  
 -18  47  53  
  31 -51  42  
  33 -59  27  
 -65  15  30  
  65 -23  24  
 -69 -23   4  
  10  60  40  
 -72 -11   6  
  -3  72  12  
 -70 -12  17  
 -47  56   4  
  32 -54  37  
  15  32  64  
 -42  -9  59  
  -9  43  58  
  47  17  53  
 -20 -44  55  
 -47  34  44  
  18  52  48  
 -14 -62  36  
  30  61  26  
  32  51  41  
 -33  16  63  
 -34  64   8  
 -62 -36  13  
 -26 -43  53  
 -71  -8  16  
 -60 -23  35  
  31  -1  66  
 -33  -3  65  
  53 -48  14  
 -26 -61  30  
 -60 -15  39  
 -32  63  19  
  69  23   2  
  27  67  11  
  68  -5  26  
  58  17  41  
 -28 -63  24  
 -45 -16  55  
  -2 -37  63  
  21 -43  55  
 -60  -7  41  
 -33  32  57  
  51   6  52  
 -54 -47  15  
  35 -11  63  
 -33  17  63  
  72 -12   0  
 -61 -36  18  
 -72  -2  12  
  28 -47  48  
  37  18  60  
   6  71  15  
  62 -29  26  
 -11 -70  18  
  65  21  26  
 -51  10  51  
   3 -26  68  
   3  51  52  
  67  -6  28  
  40 -48  38  
  31   5  66  
  16 -17  69  
 -60  18  37  
 -11  72   7  
 -10  72   5  
  -5  72  12  
 -16  62  35  
  39  57  24  
 -18 -46  54  
  71   8  16  
 -40  46  40  
  72   4  11  
 -20 -61  35  
 -66   8  30  
 -41 -35  49  
   6  62  38  
  48 -52  18  
 -27 -65  19  
  49 -31  44  
 -19 -62  34  
 -21  34  61  
  34  35  54  
 -19  58  40  
 -41  -8  60  
  33 -61  22  
  28   5  67  
  -6  23  69  
  30 -60  29  
  -4 -70  21  
 -12   5  72  
  58 -11  43  
  -2  68  27  
 -13 -17  70  
  45  52  25  
 -69 -22   9  
  -1 -12  72  
 -56  38  28  
 -36  62  14  
 -39 -36  50  
 -10  24  68  
  39 -26  56  
  -8 -46  56  
 -67  14  26  
   4 -51  52  
 -16  -4  71  
  61 -20  35  
 -33  31  57  
  33  29  58  
  63 -28  24  
 -20  64  29  
  21 -68  16  
 -26 -62  29  
 -46 -54  17  
 -44 -13  57  
 -10   8  72  
 -41 -41  44  
  56  22  41  
  24  52  45  
   3  69  23  
  49  44  31  
 -39 -39  48  
  65  33   4  
  -5 -73   1  
  51  30  43  
  60 -10  40  
 -13  31  65  
  37  22  59  
  25  19  66  
 -70 -15  15  
   2  64  35  
 -40 -59  16  
 -68   4  26  
  64 -24  25  
  25 -24  64  
  -5  17  71  
   1  68  27  
   5  37  63  
 -17  -5  71  
 -28  59  33  
 -31 -26  61  
  38  27  56  
  66  29  12  
 -17  61  36  
 -65   0  33  
  66  29  11  
 -24 -56  40  
   4   1  73  
 -21  54  44  
 -55  -8  47  
 -70  -7  20  
 -28 -56  38  
 -34 -55  34  
 -50  51  15  
  60   0  42  
 -31 -52  41  
  22  14  68  
  25 -56  40  
  68   8  25  
 -19 -33  62  
 -71  -8  14  
 -58  11  43  
 -29  60  30  
  46 -28  49  
 -63 -33  17  
  48 -54  11  
  57  32  32  
 -35 -49  41  
 -62   3  38  
 -53   1  50  
   0  73   2  
 -25  41  55  
 -48 -55   3  
  -2 -64  35  
  32 -22  62  
 -36  26  58  
   4 -26  68  
 -52  28  43  
  71 -13  10  
  68  26   4  
  43  -2  59  
  11 -54  48  
   2 -27  68  
 -48 -17  52  
   3 -33  65  
   9  54  48  
  26 -30  61  
  35  20  61  
 -72 -12   5  
  11 -17  70  
 -48   4  55  
 -49 -54   1  
 -16   4  71  
 -29 -67   5  
 -35  34  54  
 -45 -28  50  
 -21 -47  52  
  46  55  13  
  -9  68  25  
 -14 -36  62  
 -46  36  44  
  -3  50  53  
  66 -31   6  
 -63 -36   8  
  24 -69   4  
  33  22  61  
 -21  47  52  
  23 -31  62  
   8 -62  38  
 -52  10  50  
  17  57  42  
  44 -21  54  
 -66  12  29  
  55 -13  46  
 -70  -7  19  
  30 -63  21  
 -72  -1  13  
  33 -31  57  
 -43  38  45  
  60  41   7  
 -19 -30  64  
 -72   6  10  
  37  35  52  
  21  67  20  
   5 -38  62  
   1 -48  55  
  19 -44  55  
 -40  -4  61  
 -60 -41   8  
  41  43  42  
  29  67   0  
 -58 -24  37  
  23 -24  65  
  49 -50  21  
 -71   2  16  
  64  27  22  
 -12 -49  53  
  16  33  63  
  25  60  33  
 -39 -53  32  
  40 -32  52  
 -23   2  69  
 -35 -59  25  
  38 -29  55  
  64 -26  23  
 -51  18  49  
  -2 -73   1  
  33 -65   3  
  64 -27  23  
  58 -40  20  
 -64  35   2  
  18 -34  62  
   9 -30  66  
  43 -16  57  
  14 -53  48  
  11 -48  54  
 -69 -20  14  
  14 -20  69  
 -36 -45  45  
   5 -37  63  
  38  58  23  
 -64 -10  34  
 -44  16  56  
  37  34  53  
 -50 -21  49  
  -7 -41  60  
   2  67  29  
 -49 -20  50  
 -14 -49  52  
  30 -47  47  
  11  71  14  
  45 -39  42  
  27  38  56  
 -58  -4  44  
   4 -58  44  
 -26  33  60  
  28 -21  64  
  62   0  39  
  65  32   7  
 -35 -64   2  
 -10 -37  62  
 -27  -2  68  
 -15   8  71  
 -18  20  68  
  34 -64   7  
 -33 -62  19  
  18  67  23  
  56  29  37  
 -35  50  40  
 -13  16  70  
   6  19  70  
  -7 -36  63  
 -33  65   4  
