  92  71  76  
  90 -64  84  
  86  80  74  
 -49  95  89  
  99 -81  54  
  38 -92  97  
 -13 -97  99  
  95  22  99  
 -79 -83  79  
  81 -59  96  
  95  58  83  
 -79 -73  88  
  16 -95 100  
 -67  98  72  
  59 -99  78  
  96  78  63  
 -81 -61  95  
  98 -98   7  
 -100 -52  81  
 -67  77  94  
 -66  88  85  
 -94  21 100  
 -62  83  93  
  -9 -98  98  
  99  35  91  
  99  81  55  
 -65 -96  77  
  84 -90  65  
  49  93  91  
 -87  94  54  
 -91  69  79  
 -98  72  67  
  40 -97  91  
  62  89  87  
 -87  96  50  
 -38 -96  93  
  94 -98  30  
 -94  51  89  
  26 100  93  
 -70 -95  73  
  87 -76  77  
 100 -93  26  
 -89  58  90  
  68  82  89  
 -99  17  96  
 -95  91  45  
  89 -94  51  
  86 -96  52  
  72 -74  93  
 -95  87  52  
  85 -50  98  
  94 -54  87  
  74  68  96  
 -43  97  90  
 -46  99  86  
  96 -38  93  
  81 -88  71  
  82 -64  92  
 -52 -92  90  
 -95  57  84  
 -94  84  59  
  98 -65  74  
 -91  36  99  
  73 -100  63  
 -71  96  71  
 100  96   7  
  96  55  84  
  91 -54  90  
 -89  38 100  
  92 -73  74  
  99  -8  97  
  41 -91  97  
  97  95  29  
  66 -87  86  
 -96 -73  69  
  60 -90  87  
  74  95  69  
 -94  68  77  
 -94 -26  99  
 -30  92 100  
  96 -99  17  
  93  92  47  
  93  43  94  
 -98 -98   8  
  94 -69  76  
 -88 100  40  
  98 -27  95  
  97  36  93  
  55 -84  96  
  92  99  33  
  98  40  90  
 -92 -67  80  
  97 -72  69  
  98 -18  97  
  27  95  98  
 -50 -94  89  
 -99 -76  61  
  91 -53  91  
  -9  96 100  
 -99 -75  62  
 -99  71  67  
 -97  65  75  
 -89  98  42  
 -46 -97  88  
  69  69  99  
  86  60  91  
  26 -99  94  
  94 -95  38  
  16  96  99  
  98  95  26  
 -96  98  23  
  67  85  87  
  82  77  82  
  92 -82  64  
 -73 -96  69  
  29 -97  95  
  88 -76  76  
  92 100  30  
 -69 -69  99  
 -16  98  97  
  95 -90  47  
 -82  86  72  
  87  73  80  
 -86 -62  90  
 -84 -50  99  
 -73 100  63  
 -68 -94  77  
 -63 -98  76  
 -84  80  77  
  53  84  97  
 -69 -92  78  
  93  36  97  
  96  38  93  
 -76  64  97  
  86 -63  89  
  96 -60  81  
  78 -75  87  
 -92  35  98  
 -89 -96  46  
 -19 -96  99  
 -97  71  70  
 -83  93  61  
 -40  92  96  
  71 -97  70  
  92 -75  72  
 -79  95  64  
  96  70  72  
 -75  76  89  
  79 -72  89  
  96 -30  96  
 -71  75  93  
 -72 -89  79  
  98 -48  86  
  17  96  99  
 -41  97  91  
 -98  74  65  
  93  81  64  
 -79 100  55  
 -98  91  37  
 -70  81  89  
  80  73  87  
 -82 -99  53  
  60 -88  89  
  29 -99  93  
  93  41  95  
 -91 -82  66  
 -38 -93  96  
  62 -90  86  
  96 -100   8  
 -96  60  81  
  -8  99  97  
  91  37  98  
 -68  98  71  
  85 -57  94  
 -90  66  83  
  88  94  52  
  95 -95  35  
 -97  80  59  
 -96 -76  66  
  87 -56  93  
 -67 -88  84  
 -99  78  59  
  89  80  71  
 -96 -77  65  
 -98  94  30  
  76 -89  75  
 -84  73  83  
  73  73  93  
 -99 -16  96  
 -95  75  68  
 -91 -79  69  
 -99  76  61  
 -97 -50  86  
 -98  -8  98  
 -98 -78  60  
  19  99  96  
 -70 100  67  
 -79  55 100  
 -79 -100  55  
 -97 -29  95  
 -99 -51  83  
 -16  95 100  
  54  81  99  
  67  93  79  
  93  97  35  
 -79  82  80  
 -49  88  96  
 -89 -40  99  
 -12  98  98  
  60  91  86  
 -100 -83  50  
  56 -90  90  
 -100 -90  35  
  97 -95  29  
  93  27 100  
 -92  92  49  
 -54  91  90  
   9  96 100  
 -93  41  95  
 -32 -92  99  
 -55  81  99  
 -92  75  72  
 -23 -100  94  
  97 -21  97  
  95 -92  42  
 100   7  96  
 -87 -94  54  
  77 -95  66  
 -71 -87  82  
 -25 -94  99  
 -38 -95  94  
  69  95  74  
  85  95  55  
  93  60  84  
 -82 -78  81  
  97  98  17  
  30  92 100  
  87 -66  86  
  69 -76  94  
  86  83  71  
 -83  72  85  
  96 -33  95  
  48  99  85  
  84 -88  67  
 -82 -80  79  
 -49 -92  92  
  91 -51  92  
  93 -80  65  
 -79 -91  69  
 -81 -87  72  
  90  67  82  
 -87 -80  73  
 -84 -54  97  
  95  73  70  
 -98 -91  38  
 -40  88 100  
  87  96  50  
 -62 -86  90  
 -64 -79  95  
 -83  66  90  
 -84  90  64  
  61  80  96  
 -52 100  81  
  51  82 100  
  92 -36  98  
 -76  89  75  
 -94  70  75  
 -89  75  76  
  83 -96  57  
 -84  57  95  
 -59 -80  97  
 -69 -100  68  
  83 -84  73  
  69 -93  77  
 -62  78  97  
  72  82  86  
 -73  85  82  
 -32  98  93  
 -80 -94  64  
 -74  64  99  
  90 -86  62  
  94  56  86  
  82  86  72  
  98  17  97  
 -93  70  76  
  96  30  96  
 -98 -64  75  
  89  89  59  
 -77  62  98  
 -87 -93  56  
  32  92  99  
  84 -70  86  
  98 -70  69  
  64 100  72  
  92  45  94  
  94 -22 100  
  97 -95  30  
  35 -96  94  
 -51  95  88  
 -94  57  85  
