   0  18   3  
  -6 -11  13  
 -17  -6   2  
  11  14   0  
 -12 -13   2  
   2 -15  10  
   9  -5  15  
  -7  10  13  
  -7  16   4  
  -1 -17   6  
 -14   6  10  
  18   2   1  
 -16   4   7  
 -18   1   2  
  -3 -14  11  
 -18   2   1  
 -12 -10   9  
   3   5  17  
 -15   4   9  
  -2   1  18  
  13 -12   2  
   4  14  11  
  16   8   0  
  -9   7  14  
   2 -18   2  
  -3 -16   8  
 -13  10   8  
 -18  -1   1  
   7  -7  15  
 -11 -14   3  
   4 -17   4  
  -2 -16   8  
 -10 -13   7  
  17  -6   1  
   6 -10  14  
  -6 -13  11  
  18   0   1  
   3 -12  13  
 -12 -13   3  
  -3  11  14  
 -13  -4  12  
  10  -1  15  
 -16  -7   5  
   5  17   4  
  -9  -7  14  
   0  14  11  
 -17  -5   4  
   8  16   2  
  -2 -18   2  
 -18  -2   2  
  -4 -12  13  
  -9  -9  13  
   7  15   7  
  -4   4  17  
  10  -7  13  
 -14   5  10  
  18  -2   0  
 -10  15   1  
  -9 -10  12  
  16  -6   6  
  -8  15   6  
  13  11   6  
  12   6  12  
 -11  -3  14  
  14  -4  11  
   8 -16   1  
 -17   1   6  
   0   8  16  
  -9 -12  10  
  16  -6   5  
  11 -10  10  
 -18   0   2  
   0 -16   8  
   7  -5  16  
  -6   2  17  
   5  17   2  
   6 -16   5  
   7 -16   4  
   9 -15   4  
  -1 -18   2  
 -14   1  11  
  -5 -14  10  
  -5  -7  16  
  -7  13  10  
  -5 -16   7  
  17  -5   2  
  -2  17   5  
  -1  18   1  
   8 -11  12  
  13  12   4  
  11  -6  13  
   0  -8  16  
  -3   0  18  
 -14 -11   2  
  -2  13  12  
  -8   3  16  
  15  -9   5  
  -2  11  14  
 -11  -4  14  
 -13  -9   9  
  16   6   6  
   9  14   7  
 -17  -3   5  
 -12 -11   8  
 -16   8   2  
   5   6  16  
 -11  14   1  
   7  -9  14  
   1  16   8  
  -6  14  10  
   9  -7  14  
   2  18   1  
  -4  11  14  
  -4 -14  11  
 -17  -4   5  
 -16   3   8  
  -1  -8  16  
 -14  -1  11  
   8   0  16  
  15  -6   8  
  16  -4   7  
 -10   6  14  
  -1  16   8  
  -3   5  17  
 -15 -10   2  
  -2 -10  15  
  17   4   5  
 -14  10   5  
  -4  17   5  
   5   3  17  
 -16  -8   2  
 -11  14   2  
   2   8  16  
   6  13  11  
  18  -1   1  
   9  11  11  
  -5 -16   6  
   5   7  16  
   0 -18   1  
  11 -14   2  
   2 -17   5  
  16  -8   3  
  18  -2   2  
  -2  -2  18  
   1  15  10  
  14   0  11  
  18  -1   2  
 -12  -9  10  
  -8  -6  15  
  10 -12   9  
   6  11  13  
  10   7  13  
  -6   1  17  
  15 -10   0  
  -2 -17   6  
  12   9  10  
   1  -2  18  
  11  -4  14  
   4  -5  17  
   9   5  15  
  13  12   2  
  -1   8  16  
 -14 -10   5  
 -11 -13   6  
   0  -2  18  
  16  -5   7  
  16   8   1  
   9 -11  11  
 -16   6   6  
  -5  16   6  
  11 -14   0  
  -2   2  18  
  10  15   1  
  -7  -7  15  
  17  -2   6  
  17   1   6  
  17   2   5  
  -8 -11  12  
   6 -14  10  
   5  10  14  
  -5  -6  16  
  -8  -3  16  
  13  -3  12  
  -3  13  12  
  -2 -11  14  
  -2  15  10  
   4 -13  12  
   2 -13  12  
  17  -2   5  
  -5  17   2  
  -5   2  17  
   0   6  17  
   4 -14  11  
   2  -6  17  
   2   1  18  
   6  16   6  
   3 -18   0  
  18   0   3  
  11   9  11  
   8 -16   0  
   0   0  18  
  17  -6   0  
   4   7  16  
  16   0   8  
  16   1   8  
  16  -7   4  
  10 -10  11  
   4 -16   7  
  16  -5   6  
  -1 -16   8  
  -4 -13  12  
 -10 -13   8  
  16   3   8  
  17   6   2  
   6  -1  17  
   6 -15   8  
   8  -6  15  
  10 -15   2  
   9 -14   7  
  16  -3   8  
  14   4  11  
 -16  -2   8  
   1  18   2  
 -12  13   3  
  -9 -15   5  
  -7 -14   9  
  11   4  14  
 -12  -4  13  
  -8  14   8  
  -8  13  10  
   2  -2  18  
  -9 -11  11  
  -3 -11  14  
  10  13   7  
 -17  -2   6  
 -10   8  13  
  10  12   9  
 -13  -3  12  
  -2  10  15  
   8 -12  11  
   8   1  16  
 -11  13   6  
   8   2  16  
  -6  -2  17  
  -4  15   9  
  10 -13   7  
  16  -7   5  
  11 -13   6  
  14  10   6  
   5  16   6  
  14 -11   1  
  -9  -5  15  
   6  16   5  
  15  10   1  
  13   2  12  
  -6  11  13  
  10  13   8  
  10  -2  15  
 -16   5   7  
   2  10  15  
  -8  12  11  
   5  -2  17  
  -1  14  11  
  -3 -12  13  
 -10 -14   6  
   4 -11  14  
  10 -14   5  
   7 -16   5  
 -11   3  14  
  13  -7  10  
 -10   1  15  
  -7   9  14  
 -17   5   2  
   9   4  15  
   2   6  17  
  -8  -2  16  
 -14  -7   9  
   1   1  18  
 -15   9   5  
 -14  -4  11  
  16   5   7  
  12 -13   3  
  14  -3  11  
  17   6   0  
   8   3  16  
 -11   9  11  
 -10   2  15  
  13   8  10  
  -9 -13   9  
  -1 -15  10  
 -17   5   4  
 -11  10  10  
 -17   2   6  
  14  10   5  
   1 -18   1  
   1 -11  14  
 -10   7  13  
  -9  15   4  
  11  11   9  
  17  -3   5  
