  11   3  73  
  48 -55  13  
  51 -40  36  
  48  -5  56  
  33 -66   6  
 -19 -69  18  
  61  36  21  
  12  46  57  
 -22 -67  22  
  64 -21  31  
   0 -12  73  
  49 -30  47  
  10 -68  27  
 -26  55  42  
  24  31  63  
  22 -50  50  
 -62   5  40  
  -1  35  65  
  45 -45  38  
 -10  46  57  
  50  46  29  
 -55  -8  49  
 -15  45  57  
 -15 -72   8  
  71  13  17  
  66  30  16  
  70  23   6  
   3 -60  43  
  27  69   3  
  32 -59  31  
 -10   8  73  
  61  33  26  
  46 -19  55  
  16  40  60  
  -3 -67  31  
  57 -21  42  
  46  57  10  
 -65  35   6  
 -16  30  66  
   3 -74   1  
  62  37  17  
  17  21  69  
  53  42  30  
 -44 -36  47  
 -73  -7   9  
  58 -45   9  
 -70 -21  11  
  54  18  47  
 -50  41  36  
 -27  46  51  
   8 -20  71  
 -26 -57  39  
 -10 -73   9  
  24  43  55  
  57  21  42  
   0 -71  21  
  21  31  64  
  71  11  18  
  -9  18  71  
  72 -16   7  
  55 -18  46  
 -66 -34   1  
  58  39  24  
  28  -9  68  
 -13 -69  24  
  62  38  13  
 -16  -1  72  
  60  -2  43  
  46  38  44  
  27 -66  20  
  39  53  34  
  37 -22  60  
  65 -33  14  
  67   2  31  
  17 -72   6  
 -45  49  32  
 -13  24  69  
 -23 -69  14  
 -26  56  41  
  19 -58  42  
  11  67  30  
 -34  63  18  
  59 -21  39  
 -43   2  60  
 -27  69   1  
  -1  47  57  
  26  47  51  
  64  31  21  
  42 -61   3  
  24 -70   1  
  38  33  54  
  34 -61  25  
 -13  10  72  
 -42  59  16  
 -30 -63  24  
 -22 -66  25  
 -28  13  67  
 -57  44  18  
 -14 -59  42  
   9 -73   6  
 -18  70  16  
  -2  56  48  
  60  18  39  
 -25  57  40  
 -43  58  16  
  47  55  16  
  17  59  41  
  -8 -61  41  
 -47  57   6  
  50 -52  17  
 -20 -52  49  
 -27  34  60  
  37  58  27  
   1 -64  37  
   3 -21  71  
 -10 -61  41  
 -14 -54  49  
 -11  60  42  
 -36  34  55  
 -45 -59   1  
 -45  38  45  
 -51 -53  10  
 -50  50  22  
   5  73  11  
  -8 -44  59  
 -11  72  12  
   5  74   1  
 -46   2  58  
 -11  71  17  
 -54  36  36  
 -68  16  25  
  49 -39  39  
  20  21  68  
  50 -40  37  
  60 -10  42  
 -52  12  51  
   3 -35  65  
  28 -56  39  
  -5   2  74  
  60 -16  40  
 -45 -11  58  
  22   8  70  
 -51  49  22  
 -50  14  53  
 -59 -20  40  
  37  59  25  
  44 -14  58  
  24  24  66  
 -67  31   1  
 -17 -72   6  
 -27  66  20  
  10  61  41  
  22 -53  47  
 -41 -57  23  
  13  72  12  
   7  33  66  
  12 -47  56  
  72  -4  16  
  37  25  59  
 -20  -7  71  
  22  47  53  
   2  58  46  
   8  68  28  
 -60   7  43  
 -45 -50  31  
 -44  52  29  
 -63  12  37  
  64 -15  34  
  17   0  72  
  16  70  17  
  -6 -50  54  
  74  -5   2  
  41  56  26  
 -55  39  30  
  65  -3  35  
 -40  12  61  
  70  -9  22  
 -21  71   5  
  52 -47  23  
  63  33  21  
 -60 -43   1  
 -22  47  53  
  41 -33  52  
 -40  -5  62  
  56  27  40  
 -41  44  43  
  31  30  60  
 -38  33  54  
  57  12  46  
 -28  21  65  
  73   9   8  
  53  45  25  
  49 -55   5  
 -16 -55  47  
  61 -37  20  
 -70 -18  17  
 -58  26  38  
 -56 -43  22  
  63 -16  35  
 -33  62  23  
 -40 -58  23  
 -37  -6  64  
  17  16  70  
 -64  34  15  
  39 -62  10  
  32  27  61  
 -46  26  52  
  -9 -72  14  
  34 -63  18  
 -37 -64   4  
   1 -42  61  
  14  20  70  
  47  56  10  
 -10  45  58  
  41 -26  56  
 -48 -54  15  
  15 -66  30  
 -57  14  45  
  60 -21  38  
  -8  34  65  
  62 -38  15  
  54  48  16  
  32 -31  59  
   5 -54  50  
  43   1  60  
  -3  46  58  
  74   2   4  
  23 -13  69  
  72  11  12  
 -39 -37  51  
  73 -13   0  
  13  71  17  
 -69   0  27  
  50 -35  42  
  27  57  39  
 -13  58  44  
 -13  70  20  
  68 -14  26  
   8  72  14  
   7 -68  28  
  23  57  41  
  63  25  30  
 -29  51  45  
 -20   8  71  
 -68 -27  10  
  47   5  57  
  25  55  43  
 -39  35  52  
  -4  21  71  
  -9 -46  57  
 -32  49  45  
 -24 -70   2  
  27  68  10  
 -33 -40  53  
  46   9  57  
 -67  13  29  
 -25  10  69  
 -57 -43  19  
  20   7  71  
 -17 -26  67  
  21 -60  38  
 -32  51  43  
  62 -25  32  
 -52  47  23  
  28 -13  67  
 -37 -60  23  
 -54 -40  31  
 -33   7  66  
  -3  71  20  
   1 -73  13  
  65   6  35  
 -51  53   7  
 -67  31   2  
   6  72  15  
   2 -74   1  
 -31 -60  30  
  65  27  23  
  44  25  54  
 -68  10  27  
 -56 -24  42  
 -52  13  51  
 -24  51  48  
  22 -68  19  
 -14   8  72  
  25 -10  69  
 -45  11  58  
  14 -71  15  
  62 -39  12  
 -45 -57  15  
 -45 -55  20  
   5 -49  55  
  60  15  41  
  35  52  39  
 -59  39  21  
 -42 -54  28  
 -66  33   6  
  49 -22  51  
  56   7  48  
 -55 -49   9  
 -24  66  23  
