  76 -69  23  
  61  75  41  
 -90  41  35  
 -49 -92  12  
  30 -30  96  
 -13  43  95  
  18  49  91  
 -71 -54  55  
  32 -56  83  
 -91  51  12  
 -94  40  24  
 -38 -97  11  
   8 -85  61  
  93 -17  46  
 -23  96  36  
 -88   1  57  
  59 -77  40  
  64  46  69  
  -8 -97  40  
 -61  -7  85  
   3  80  68  
  30 -89  47  
 -92  46  22  
 -86  44  41  
 -96  33  26  
 -90  32  43  
 -63   3  84  
  45  85  42  
 -63  48  69  
  77 -65  30  
 -32  97  24  
 -21  50  90  
 100  12  29  
 -90   6  54  
 -33  49  87  
 -68 -37  71  
 -35 -90  41  
 -98  36  11  
 -35  20  97  
 -70  -2  78  
  24  76  68  
 -84 -42  47  
  30  11 100  
 -11 -43  95  
  36 -26  95  
  48  62  70  
 -66 -80  15  
 -59 -58  65  
 -53 -42  80  
  51 -67  63  
 -56  85  26  
  97  40   1  
 -22  56  86  
  86 -32  51  
 -39 -92  32  
  56 -28  84  
 -65 -62  54  
 -15  50  91  
 -63 -64  54  
 -31  89  46  
 -51  45  80  
 -68  -3  80  
  -2  62  85  
  85 -39  48  
 -42 -21  94  
  24  35  96  
  91 -51  12  
 -21 -69  76  
   1 -96  43  
 -49 -40  84  
 -29  94  36  
  99 -13  32  
 -61  41  75  
  50 -74  55  
 -64 -42  72  
 -35  71  69  
  -9  89  55  
 -42  96   7  
 -12 -49  92  
  87  58   7  
  79  69   7  
 -30  72  70  
  16 -72  75  
  28 -32  96  
  64 -61  57  
 -80  16  66  
 -27  79  64  
 -64  -3  83  
 -24  47  91  
 -69 -72  33  
 100 -18  26  
  68 -80   4  
  -7 -42  96  
  94  13  45  
  32 -85  53  
 -88  33  47  
  -6 -40  97  
 -60 -64  58  
 -53 -87  26  
 -35  -6  99  
  63  79  29  
  79 -69   1  
  15  87  57  
 -56  67  58  
  60  40  76  
 -87  49  32  
 -91 -17  50  
 -85  38  49  
 -57 -33  82  
 -88 -55  15  
  65 -79  23  
  77 -40  59  
 -46  56  76  
  84 -12  62  
 -60  20  84  
  24  40  94  
 -76 -69  22  
  76  51  51  
 -54 -86  26  
  88 -57   0  
 -15 -48  92  
 -75  35  65  
  49 -87  33  
  53  71  56  
 -47  86  38  
 -87 -50  31  
  91  -4  52  
  99 -20  28  
 -81  43  51  
 -29 -97  28  
  -7 -34  99  
  39  17  96  
 -10 -82  65  
  14  61  84  
  93 -10  48  
 -34  38  92  
   8  85  61  
  73  43  62  
 -71 -70  33  
 -94 -29  36  
  37  61  77  
 -41 -75  61  
 -96  -8  42  
  23 -93  43  
 -81 -49  45  
 -93  38  30  
  60 -18  84  
  62 -72  45  
 -34  91  40  
  94 -19  43  
 -80 -12  67  
 -41 -81  53  
 -96  -9  41  
  75  48  56  
 -63 -72  43  
 -61  -8  85  
  40 -77  59  
 -24  82  61  
  77  39  60  
  36 -73  66  
  63  60  59  
 -78  -5  70  
   1 -67  81  
 -32   1 100  
 -67  18  79  
 -80 -68   3  
  90  12  53  
  35  -3  99  
  40  19  95  
 -35  99   4  
 -59 -87   3  
  89  53  18  
  82  25  61  
  18  96  38  
 -78 -12  69  
 -18  87  56  
  79 -26  64  
 -82  21  62  
  -3  87  59  
 -24 -91  46  
  85  44  43  
 -49 -90  22  
 -22 -36  96  
  23 -36  96  
  71 -77   2  
 -16 -80  66  
 -97 -39  11  
  36 -95  27  
 -98  25  28  
 -98 -17  33  
 -97   7  40  
  67  76  28  
 -79  49  49  
 -91 -52   5  
  91  50  15  
  73  49  57  
 -80 -54  41  
  -8  93  48  
 -90  43  32  
 -61 -64  57  
 -29  66  76  
  -1 -96  42  
  39  75  62  
  81  -9  66  
  32 -66  75  
 -35  65  75  
 -40  77  59  
  37  86  47  
 -66  39  72  
 -98 -26  28  
 -40  55  80  
  98  14  35  
  43 -78  56  
  57 -73  49  
  70  51  59  
  58  42  77  
  17 -46  93  
  19  70  76  
 -18  90  51  
  62 -57  63  
 -62 -81  25  
  95  42  14  
 -60 -40  76  
 -71  76  16  
  26 -47  90  
 -30 -76  66  
 -70  61  49  
  67  81   4  
  75  68  28  
  37  85  49  
 -88 -45  36  
 -90 -49  23  
  70 -73  29  
  54   3  90  
  32 100   4  
 -42  95  16  
  89 -54  14  
 -34 -56  82  
 -82  49  43  
 -45 -12  94  
   9 -30 100  
 -48 -48  80  
  98   3  37  
 -21  65  80  
 -97  39   9  
  -6  99  34  
 -56  74  49  
  60  36  78  
  67  39  71  
   9  52  91  
  -9 -36  98  
  54  53  73  
  26  82  60  
   5  38  98  
  10  82  65  
 -72 -58  50  
  52  57  71  
  88  -2  57  
 -65  80  19  
 -38 -72  66  
  13 -85  60  
  56  21  86  
  92 -51   1  
  97 -38  13  
 -77 -59  40  
 -63  52  66  
  94  35  31  
  97  -7  39  
 -20 -37  96  
 -40 -87  43  
 -82 -30  58  
 -49  82  44  
 -26 -69  75  
 -94 -11  45  
  80 -41  54  
  88  38  43  
  53  89  16  
  23 -98  29  
  51  92   2  
 -34 -32  94  
 -59 -13  86  
 -61 -43  74  
  68  54  59  
  93 -42  24  
 -98 -30  23  
  87  -7  58  
 -55  38  81  
 -78  50  49  
 -98  37   8  
 -79  11  68  
  65  -8  82  
  64  48  68  
  46  36  87  
  96  34  25  
  88  32  47  
  40  -8  97  
 -37  70  69  
  12 -77  70  
 -51  41  82  
 -99  35   7  
