  89  74  93  
 -97 -85  74  
  78  92  87  
  90 -78  89  
  58 -95  98  
 -77  96  83  
 -100 -60  92  
  89  71  95  
  88 -94  74  
 -81  80  95  
  87  99  68  
  98  70  87  
 -99  85  71  
  95 -60  97  
  79 -79  98  
  72 -86  97  
  99 -57  95  
  96  66  92  
  86 -95  75  
  69  92  94  
 -89 -80  88  
 -100  63  90  
 -55 -97  98  
 -97  69  89  
 -90 -93  73  
 100 -83  72  
 -80  90  87  
 -76  84  96  
 -73  88  95  
  69  90  96  
 -100  98  50  
  82  95  79  
  74 -85  97  
  99  47 100  
 100 -61  91  
 -85  82  90  
  62 -100  91  
 -87 -84  86  
  96 -77  83  
 -94  77  85  
  77 -100  78  
 -96  97  58  
  99 -81  75  
  80  83  94  
  83  76  97  
 -87 -76  93  
 -88  89  80  
 -94  76  86  
 -95 -90  70  
  91 -97  66  
  96 -84  76  
  97  70  88  
 -45 100 100  
 -98 -63  92  
 -98 -99  51  
 -100 -97  52  
 -95  70  90  
 100 -89  64  
  95  89  71  
  79  80  97  
 -72 -100  83  
  82  76  98  
 -95 -65  94  
  95  85  76  
  73  88  95  
 -90 -94  72  
  70  91  94  
  94  74  88  
  92  83  82  
 -85 -96  75  
 -90 -81  86  
 -66 -100  88  
  99 -66  89  
  92  90  74  
 -97 -53  99  
  94  66  94  
 -93 -76  87  
 -93 -68  94  
  91 -62 100  
  85  94  77  
  79 -92  86  
  85  69 100  
  90 -93  73  
 -83  88  86  
  84  84  89  
 -97 -60  95  
  97 -69  89  
 -63  95  95  
 -81 -94  82  
 -85 -97  74  
 -99 -60  93  
  91 -93  72  
 -66  89  99  
 -99 -99  50  
  83 -90  84  
  93  70  92  
 -86 -92  79  
  96  59  97  
  83 -89  85  
  81  90  86  
  83 100  72  
 -86 -88  83  
  95  59  98  
  62 -98  93  
 -86  98  71  
  85 -70 100  
  71 -99  85  
 -82  82  93  
  75 -83  98  
  97 -91  66  
 -86 -90  81  
 -94 -58  99  
  89 -94  73  
  90 -69  96  
  90  88  79  
  94 -86  76  
  75  94  87  
  83  97  76  
  94 -85  77  
 -98 -100  49  
  67  91  96  
  80 -88  89  
  94  63  96  
 -99 100  47  
  81 -86  90  
 -88 -100  66  
 -99  54  97  
  70  96  89  
  73 -87  96  
 -89  64 100  
  92 -98  63  
  87 -94  75  
 -74  90  92  
  77  94  85  
  58  95  98  
  78  95  83  
  62 -91 100  
 -96  96  60  
 -94  57 100  
  81 -100  74  
 -92  89  75  
 -63 -91  99  
 100 -74  81  
  72  99  84  
 -89 -70  96  
 -88  98  69  
  63  93  97  
 -54 -97  99  
  99  54  97  
 -95  60  97  
 -79 -99  78  
  77 -95  84  
 -99 -52  98  
  99  61  92  
  82  81  94  
 -74  82  99  
 -92 -76  88  
  66  90  98  
 -91  65  98  
 -67  99  88  
 -99  94  59  
 -63 -98  92  
  99 100  47  
  98 -92  63  
 -92 -96  66  
 -76 -95  85  
 -57  94 100  
 -81 -97  78  
 -91 -90  75  
 -69 -97  89  
  80  78  98  
 -82 -74  99  
  98  49 100  
 -81 -100  74  
 -80 -83  94  
  74  81 100  
 -91 -64  98  
 -72 -86  97  
  93  75  88  
 -100  83  72  
  50 100  98  
 100 -68  86  
  74 -90  92  
 -63 -90 100  
  99  64  90  
 -88 -70  97  
 -100  51  97  
  87 -85  85  
 -98 -69  88  
  91 -73  92  
  97 -51 100  
 -94  72  90  
  45 -100 100  
  99 -99  49  
 -86 -71  98  
 -100 -58  93  
  99 -51  98  
 -95 -96  62  
  91  93  72  
  53  99  97  
 -94 -62  97  
 -90 -99  64  
 -87  98  70  
  73  96  87  
 -100  90  63  
  78  81  97  
 -59 -99  94  
 -98  83  75  
 -82 -83  92  
  83  80  94  
  89 -85  83  
  99  97  53  
  95 -99  57  
 -91  68  96  
  62  91 100  
 -94 -100  57  
  92 -94  69  
 -57  97  97  
  60  94  98  
  90  99  65  
 100  95  55  
 -70 -94  91  
  85  77  94  
  83  96  77  
 -75 -80 100  
 -89  81  87  
  82 -89  86  
 -69  95  91  
  77 100  78  
 -99 -64  90  
 100 -96  53  
 -66  90  98  
 100  96  53  
 -99  92  62  
 -85  79  93  
  79 -97  80  
 -79 -79  98  
 -95  74  87  
  63 -91  99  
 100  89  64  
  86 -90  81  
  75  84  97  
  71  95  89  
 -98  96  57  
  87 -88  82  
 -89  87  81  
  89  88  80  
  63 -96  94  
  97 -82  77  
  94  95  65  
 -88 100  66  
 -93 -85  79  
 -97 -79  80  
 -73 -95  88  
  88 -78  91  
  59  94  99  
  63 100  90  
  88  85  84  
 -82  85  90  
  81  79  96  
  78  83  95  
  94  94  66  
 -58  94  99  
  85  85  87  
  96  83  77  
  75  85  96  
 -85  94  77  
 -68  91  96  
 -99  48 100  
 -97 -55  98  
 -95 -87  74  
 -66  94  94  
 -98 -83  75  
  88  88  81  
  88 -70  97  
 -75  85  96  
  85  96  75  
  92 -68  95  
  85 -91  81  
 -100  62  91  
  89  84  84  
  82 -86  89  
 -84  80  93  
  99  63  91  
 -90  91  75  
 -79  96  81  
 -100 -81  74  
 -80  89  88  
 -83  78  95  
 -85 -69 100  
  99 -90  65  
  98 -100  50  
 -82 -93  82  
 -95 -77  84  
  55 -97  98  
 -83 -78  95  
  97 -98  55  
  98  57  96  
  99 -87  68  
  90 -66  98  
