 -52  91  86  
  44 -97  84  
 -59 -82  90  
  69  94  69  
  60 -84  88  
  77 -62  93  
 100 -42  81  
  94 -67  71  
  93 -26  95  
 100 -91   4  
  90 -93  40  
 -10  91 100  
  96  65  70  
 -94  55  81  
 -63  84  86  
  99 -69  62  
 -77  87  70  
 -17  93  97  
  83  93  53  
 -68 -66  97  
 -89 -49  90  
 -88  64  81  
  97 -84  44  
  73 -65  94  
  93  51  84  
 -52  88  89  
 -98 -80  48  
  76 -85  73  
  90 -48  89  
  99 -70  61  
 -16 -93  97  
  95 -27  93  
  45  96  84  
 -94 -87  44  
 -74  61  96  
 -99  32  87  
  88  82  62  
  97 -67  67  
 -90 -89  48  
  99 -59  71  
  96  63  72  
 100  66  63  
 -67  97  67  
 -25  89  99  
  94 -93  29  
  99  51  77  
  76 -74  84  
 -55 -86  89  
 -96  46  84  
 -80  98  48  
 -87  82  64  
  91 -74  68  
  99  81  44  
  45 -92  89  
  32 -89  97  
 -89 -90  48  
 -75 -84  75  
  75  58  97  
 -80 -49  98  
 100 -11  91  
 -81  59  91  
 -61  94  76  
  90 -37  94  
 -79 -100  46  
  83  38 100  
  95 -72  64  
 -85 -54  91  
  50  87  91  
 -84 -97  43  
 -76 -70  88  
 -75  61  95  
  67 -67  97  
  89 -52  88  
 -91  95  32  
  90  94  38  
 -85 -44  96  
  53 -88  88  
  80 -88  65  
 -100  83  39  
  15  99  91  
  16 100  90  
 -80 -94  56  
  70  64  97  
 -100 -91   9  
 -99  92   7  
 -69  72  92  
  97 -91  27  
 -95 -71  66  
  74  62  95  
 -93 -83  53  
  47 -88  92  
 -73 -55 100  
  93  16  97  
 -86 -74  74  
  24 -99  89  
  60 -77  94  
 -94  77  60  
 -64  96  71  
 -86 -78  70  
 -86  96  41  
  69  75  89  
 -83  87  62  
 -100  91   8  
  93 -72  67  
 -53  94  82  
  79 -60  92  
 -76  81  78  
  99 -71  59  
 -50  89  89  
 -95  11  96  
  77  51  99  
  99 -20  90  
  99  87  32  
 -64  99  67  
  89  20 100  
 -93  46  87  
 -95  62  74  
 -77 -68  88  
 -95  75  61  
  29 -87 100  
  65  98  67  
  99 -92  12  
 -96 -45  84  
  89  34  96  
  49  94  84  
 -100 -88  24  
  88  77  68  
 -79 -99  48  
 -86  74  74  
  96 -73  62  
  50  93  85  
  72 -97  61  
  90 100  16  
  91 -49  88  
 100  48  78  
  99  70  60  
 -97  35  88  
 -97 -93  16  
  99 -50  78  
  87 -86  58  
  83 -69  82  
 -59  92  80  
  93  80  58  
  89 -55  86  
 -73  96  62  
  51 -93  84  
  56 -95  79  
 -65 -64 100  
  93  80  57  
  84 100  36  
  67 -89  77  
 -99 -78  50  
 -84  76  74  
  73 -73  88  
 100  90  14  
  -7 -100  91  
 -87 -62  83  
  92 -47  88  
  70 -62  98  
  97  27  91  
 -90 -44  91  
 -92  80  59  
  92 -85  52  
  22 -95  94  
  10 -91 100  
  83  50  95  
 -98  73  58  
  59 -79  93  
  40 -92  91  
  47 100  78  
 -72  67  93  
  55 -90  85  
  96 -82  49  
  46  83  97  
 -58  98  73  
 -55 -92  83  
  89 -40  94  
 -100  78  48  
 -92  89  44  
  80  76  79  
 -91  35  94  
  80  46  99  
 -100 -39  83  
 -68  82  84  
 -99  89  26  
  80  56  94  
 -83 -86  64  
 -89  77  67  
  45  97  83  
  38 -90  94  
  84  36 100  
  72  56 100  
 -25 100  88  
  64  71  96  
  87 100  27  
 -88 -37  96  
 -70  86  78  
 -85 -97  41  
 -92 -72  69  
  83  51  94  
 -88  96  37  
  91   4 100  
 -99   8  92  
 -91 -58  82  
 -82 -70  82  
 -91  57  83  
  83  96  47  
 -46  85  95  
 -81  43 100  
  89  97  33  
  86 -100  30  
 -95 -95  18  
  27 -92  96  
  78  90  65  
 -83  71  80  
  76  93  63  
 -99 -20  90  
  78 -95  57  
 -80  97  51  
  38  83 100  
 -23  96  93  
 -64  67  99  
  25 -92  96  
  90 -84  57  
 -90 -18 100  
 -90  40  93  
 -64 -68  98  
 100  90  15  
 -100 -81  43  
 -95 -33  91  
 -76  74  84  
  84 -86  63  
  79 -96  54  
  19  95  95  
  97 -13  94  
 -98  18  92  
 -100 -52  75  
 -83 -65  85  
 -81 -82  71  
  97  80  51  
  92  64  76  
 -70  65  96  
 -93  80  57  
 -95 -91  33  
  72  95  64  
  92 -17  98  
 -86 -94  46  
  54 -74 100  
  74  96  61  
 -75  75  84  
 -87 -31  99  
 -91 -100   5  
  73 -79  82  
 -85  86  61  
 -96  70  65  
 -91  -7 100  
  75  59  96  
  38  92  92  
  80 -45 100  
  93 -91  38  
 -93 -97  17  
  84  92  53  
  81  92  58  
 -73 -82  79  
 -68  94  70  
 -76 -58  96  
 -83 -84  66  
  78 -86  70  
 -53 -96  80  
  40  94  89  
  92 -90  42  
 -61  75  95  
 -61 -77  93  
  94 -80  56  
  95  94  21  
 -80 -93  57  
 -86 -61  85  
  95  73  63  
 -49  98  80  
  92  33  94  
 100   9  91  
 -77 -99  51  
 -83  68  83  
 -76  88  70  
  95 -96  12  
  64  74  94  
 -84  86  62  
  71 100  58  
 -98 -91  22  
  79  82  73  
 -75  88  71  
  98  84  41  
 -81  42 100  
 -71  87  76  
 -66  74  92  
 -43 100  81  
  84 -95  48  
 -99 -22  90  
 -86  72  76  
 -23  97  92  
