 -63  -2   8  
  14 -55  28  
   0 -21  60  
  59  21   9  
 -27  44  37  
  24 -56  17  
  -1  43  47  
   2 -14  62  
 -31  55   6  
 -31  -7  55  
 -32  -9  54  
   1  63   6  
  -5  63   8  
 -25  56  16  
 -27 -38  43  
  63   2   6  
  46  42  12  
 -38  10  50  
 -50  21  33  
 -34   7  53  
   2 -23  59  
   9  59  22  
  60  -4  21  
  51  38   0  
 -21  57  18  
 -29 -45  34  
 -27   8  57  
 -58 -26   4  
  62 -12   8  
  41 -18  45  
 -15 -60  14  
  37  -7  51  
 -35 -46  26  
  28  11  56  
  46 -43   6  
 -53 -11  33  
  30  50  25  
  46  16  41  
  63   7   6  
 -18  43  43  
 -54 -19  28  
  -6 -36  52  
 -49  26  31  
 -16 -60  13  
 -23 -59   2  
  44 -45   9  
   1  -8  63  
 -31 -31  46  
 -24  35  47  
  -1 -63   8  
  29 -39  41  
  38 -29  42  
 -35  23  48  
  -2  35  53  
 -13  -3  62  
 -29  54  17  
  51  21  31  
  56  29   7  
  39 -45  22  
   5 -16  61  
 -50  32  23  
  22  59   9  
  -6  -3  63  
  57 -21  18  
  60  19  10  
 -24 -17  56  
  43   1  47  
  34  46  27  
  34 -53   8  
  -4  30  56  
 -15 -57  24  
  -1  24  59  
 -27  30  49  
 -52 -23  28  
   0  59  23  
  47  25  35  
 -58  12  23  
 -10  18  60  
  37  50  13  
 -50  30  25  
   4 -12  62  
  48  38  16  
 -21 -51  31  
  48  10  40  
  15  48  39  
 -22   7  59  
  47 -11  41  
  26  26  52  
  11  39  49  
  35  18  50  
 -26  21  54  
 -13  60  16  
  20   4  60  
 -21 -41  44  
  37 -12  50  
  59  24   0  
  13  57  25  
 -43  43  19  
 -35  -9  52  
  46  40  17  
 -21  58  15  
 -12  47  41  
 -42   8  47  
  39  36  35  
  57  -6  27  
  46  18  40  
 -50   1  39  
 -40  36  34  
 -32 -45  31  
 -37  47  22  
 -33  43  33  
 -40  45  20  
 -54 -32  11  
  29 -34  45  
 -25 -28  51  
  28 -52  23  
  20 -16  58  
 -25 -58   6  
 -59   4  23  
 -26 -58   2  
 -40  11  48  
   2 -51  38  
   8 -59  22  
  27  55  17  
  26  -3  58  
  32  48  26  
 -20  56  22  
 -44  22  40  
  48  -7  41  
 -40 -49   7  
  63   5   5  
 -58  -4  26  
 -14 -38  49  
 -41  36  32  
  13  -7  62  
   9 -44  45  
  13  19  59  
   9  39  49  
  45 -44   8  
 -24 -18  56  
  -5  63   4  
  60   9  19  
  16 -51  34  
  -8  11  62  
  57  28   0  
  -4  63   5  
 -32 -28  47  
 -10 -54  32  
 -30  20  52  
  63   6   7  
 -33 -54   6  
  -8 -54  32  
  56  29   6  
  60   0  21  
  18 -11  60  
  -9 -35  52  
 -25 -57  13  
   4  48  41  
  32 -28  47  
 -49  28  29  
 -55   9  30  
 -20  11  59  
 -16  18  59  
  38  27  43  
  41 -37  31  
  46 -16  41  
 -13 -52  34  
 -18 -57  22  
 -33   4  54  
 -51  30  23  
  50 -38   9  
 -51  33  19  
 -33  19  51  
 -50  29  26  
  -4 -28  57  
 -42 -18  44  
  23 -37  46  
  18 -40  46  
  60   6  20  
  51  -8  37  
 -22 -59   6  
 -11  28  56  
   5   4  63  
  50  26  29  
  16 -14  60  
 -48 -17  38  
  36  38  36  
 -26 -49  31  
  -8  47  42  
  39 -43  26  
 -12 -20  59  
  42 -47   6  
  47  43   1  
  29   8  56  
  37 -34  39  
   4 -60  20  
   5 -63   6  
 -42  40  26  
  59  -8  22  
 -51  25  28  
 -23   1  59  
 -10  -9  62  
  11   8  62  
 -31  54  12  
 -56 -27  13  
   6 -62  12  
 -62  -2  14  
 -61  13  13  
 -37 -50  13  
  46 -44   2  
   8 -44  45  
  59 -23   5  
  25 -49  32  
  54 -29  16  
  30 -52  20  
  37  43  29  
 -12  61  12  
  56  13  27  
  -2   7  63  
  54 -20  27  
 -50  37  13  
 -18 -26  55  
 -15  54  30  
  16  20  58  
   3 -53  35  
   4  31  55  
  52 -36   1  
 -12   5  62  
 -18 -51  33  
 -18   4  61  
  -2  53  35  
 -53  22  27  
  35 -44  30  
  13  60  17  
   2 -24  59  
 -24  58  11  
 -16   7  61  
  43 -42  21  
 -38 -50   9  
  63  -8   2  
  55 -27  17  
  45  43  12  
 -32  36  41  
  62  13   4  
 -34 -27  46  
 -22  21  56  
 -19 -59  13  
  10  60  18  
  58   1  26  
  12  62   4  
 -12  62   6  
  39 -48  15  
 -31  17  53  
   2 -46  44  
   1 -54  33  
 -43  18  43  
  18  42  44  
 -62 -13   3  
  12 -51  36  
  -2  63   6  
 -50 -31  24  
 -24  47  35  
  37  41  31  
  52  36   6  
 -59  23   7  
  41 -29  39  
  -3 -28  57  
  19  60   7  
  17 -56  25  
 -43  20  42  
  24   9  58  
 -14   4  62  
  37 -51   9  
  -6  63   2  
   1  20  60  
 -41  39  29  
  24  59   2  
  33 -48  25  
  10 -44  45  
 -57 -27   7  
  -7 -22  59  
 -28  43  37  
  -3 -45  45  
 -32 -41  36  
  35  38  37  
 -34  50  20  
 -25  27  52  
  -9 -10  62  
 -14  40  47  
   1 -53  35  
  53  -8  34  
  21 -48  36  
   7 -33  54  
  -1  35  53  
   1 -38  51  
  11  60  18  
  55   5  31  
 -19  48  37  
  -1 -23  59  
   2 -28  57  
