   7 -25   0  
  17  18   8  
  18  -8  17  
   5 -24   9  
   9  -8  23  
 -19  -4  17  
   6 -22  13  
  20 -15   8  
  18  -4  18  
  -8  -5  24  
  16   5  20  
 -12   6  22  
 -26   0   1  
 -25  -3   6  
 -21   2  15  
 -17  18   8  
  13  16  16  
 -11  -5  23  
 -15  21   4  
  -7 -16  19  
   7  25   0  
  16  -4  20  
  21   1  15  
 -17  16  11  
  11 -14  19  
  -8  19  16  
  20 -10  13  
  -7  25   1  
  19  17   4  
 -21  12  10  
 -13   5  22  
 -12 -21  10  
 -16  -5  20  
  -6  25   4  
  23  -2  12  
   3   6  25  
 -15  -7  20  
  17 -19   6  
  10  -2  24  
  17  17  10  
  17 -19   4  
  -3 -21  15  
  11   6  23  
  17  16  11  
  10  13  20  
  24   6   8  
 -26   2   3  
   0  26   2  
  -9  -3  24  
 -26  -2   3  
  -6  -3  25  
 -18  10  16  
  -5  20  16  
   6  24   8  
  16  17  12  
   1 -10  24  
 -15   8  20  
  18 -13  14  
  11  12  20  
 -20  16   3  
   3  24  10  
 -10  18  16  
 -14 -20   9  
  10  -7  23  
  -1 -19  18  
 -20  13  10  
   0  23  12  
 -19  17   4  
   8 -16  19  
  20  -4  16  
 -21  14   7  
  10 -15  19  
 -18   8  17  
  11 -11  21  
  22  -6  12  
  17 -18   8  
  -6  10  23  
  10 -10  22  
   3 -20  16  
   7 -25   2  
   8  20  15  
 -11 -15  18  
  18  11  15  
  19  18   1  
   2  26   2  
 -26   1   2  
 -24  10   2  
 -20  -7  15  
 -18   4  18  
  -8  17  18  
  20 -11  12  
 -13 -19  12  
  10  22  10  
 -23 -12   2  
  -6  18  18  
   3  16  20  
   3  -2  26  
  23 -11   6  
  -3 -22  14  
   5   4  25  
  15 -19  10  
 -13  16  16  
  15  19  10  
 -20  -3  16  
  12   9  21  
   9  19  15  
  -1  22  14  
   0   3  26  
   5  24   8  
  22 -12   6  
   8  24   5  
   2  26   0  
  -9 -12  21  
  24  -3   9  
  -2  22  14  
   2  26   3  
 -21  -2  15  
  -7  24   8  
 -18 -12  14  
  24   0  10  
  -3  12  23  
   6  22  12  
  14  21   7  
 -17 -12  16  
   3  22  14  
 -20   7  15  
  14  18  13  
  15 -13  17  
  -1  10  24  
   1  -1  26  
  -5 -22  13  
   4  -9  24  
  19  11  14  
  17 -20   0  
 -22  14   1  
   4  19  17  
   2 -25   6  
  -3 -20  16  
 -22   6  12  
  -4  16  20  
  26  -2   3  
   6  -8  24  
   0 -15  21  
 -19  14  11  
  15  20   7  
 -12 -23   3  
  10 -18  16  
  -4 -17  19  
   0 -20  17  
 -11  -4  23  
  22 -11   8  
  24  -4   9  
 -25   5   5  
 -20 -16   3  
  -2  26   2  
   6  21  14  
  24   3  10  
  -3  10  24  
  10 -24   1  
 -15   7  20  
 -12  -9  21  
  21  -1  15  
  13 -22   5  
 -22   8  11  
   9 -21  12  
  14 -22   2  
 -11   6  23  
   1 -26   1  
  -6   3  25  
   7  23  10  
 -20   4  16  
   2   2  26  
 -19 -18   2  
  10 -19  15  
  -5 -18  18  
 -22 -13   6  
   8   0  25  
 -12  -1  23  
  14  -9  20  
 -17 -19   4  
  12 -16  17  
  -7 -14  21  
   2 -23  12  
   0 -26   3  
  24  10   1  
  10 -23   6  
  10   1  24  
  13 -19  12  
  16  15  14  
 -20  14   9  
   3 -26   2  
  24  -3  10  
  16   4  20  
 -25   4   6  
   7 -25   3  
  26   1   1  
  -8 -23   9  
 -13  21   8  
 -19   9  15  
 -20 -10  13  
 -17 -16  11  
   6 -14  21  
  11 -18  15  
 -18  19   2  
  12  23   3  
 -12  18  14  
  22  10  10  
  16 -14  15  
  -9 -14  20  
  -1  15  21  
  24   7   7  
  10 -12  21  
 -11 -11  21  
  21  12   9  
 -17  -6  19  
  -3  -6  25  
 -11  14  19  
 -22  14   3  
 -23  12   2  
 -22 -11   9  
 -17   6  19  
 -16  11  17  
 -20 -16   4  
  10  -1  24  
 -14  19  11  
 -23 -12   1  
  15  -8  20  
  22   2  14  
   0  26   1  
  -2  26   3  
  -4  15  21  
  -8   7  24  
   6 -25   3  
 -14  18  13  
  15  19   9  
  15 -21   3  
  13 -21   8  
  -2   2  26  
 -25  -5   5  
  19   1  18  
 -14 -21   6  
 -19 -16   7  
 -18 -11  15  
  -2 -15  21  
  25   0   7  
  22  14   1  
 -12   7  22  
   2 -21  15  
   6   8  24  
  -9 -20  14  
   6  25   4  
 -14 -11  19  
  18  -5  18  
  17 -14  14  
 -16 -15  14  
   5  17  19  
 -11   5  23  
  20 -15   7  
  16  -3  20  
  -9  -4  24  
  -7  19  16  
  15  21   0  
  -9  -8  23  
  25   5   5  
   5 -19  17  
  18 -19   2  
 -23  10   6  
   3  -7  25  
  24  -5   8  
   3  -1  26  
  20  16   3  
   0 -22  14  
  22  12   6  
  13  22   6  
  -5   6  25  
 -21  15   4  
 -15   4  21  
 -12   3  23  
   3 -25   6  
 -18  -6  18  
   0  -8  25  
 -12  -7  22  
   0  10  24  
  -4 -16  20  
  10  -3  24  
   1  15  21  
  19 -17   5  
 -14 -14  17  
  18 -18   4  
  -8  -9  23  
  23   7  10  
  25   7   3  
  -2  25   6  
  14  15  16  
 -19   0  18  
  -8 -13  21  
  15  10  19  
  10   0  24  
   2  -7  25  
   8   7  24  
