 -15  68  82  
  68  -3  83  
  31 -66  79  
 -80  40  60  
 -65 -16  84  
  38 -72  70  
 -83  48  49  
  79  73   0  
 -52  64  69  
 -46 -74  63  
  10 -70  81  
 -26 -96  41  
 -35  36  95  
  53  88  31  
  19 100  35  
  84  37  56  
 -47  82  51  
  20  50  93  
 -39  93  37  
   4 -52  94  
  54  91  20  
  11 -58  90  
  46  81  54  
  56 -80  45  
  32 -22 100  
 -45 -40  89  
 -15  71  79  
 -55 -92   8  
  23  95  45  
  84  39  55  
 -44 -75  63  
 -31  88  53  
   9  94  51  
 -43  17  97  
  46  -1  97  
 -74  60  50  
  -4 -64  86  
  -6 -97  46  
  36 -91  45  
 -67 -53  65  
 -72 -73  33  
 -99  31  29  
 -61 -70  54  
  -6  42  99  
 -62 -83  29  
 -98 -35  27  
  63 -83  27  
 -87  63   6  
  47 -18  95  
 -10  71  80  
 -57 -23  88  
  71  79  17  
  -2  91  57  
 -76 -76   1  
  38  10 100  
 -43 -92  36  
  26  69  78  
  90  55  21  
  -7  97  46  
  99  -8  41  
  37 -98  24  
 -13 -79  72  
 -64  58  64  
  33 -55  86  
  52  90  27  
  25  75  73  
  33  71  74  
 -66 -55  65  
 -84 -23  63  
 -96 -48   1  
 -93 -16  52  
 -14 -100  37  
 -47  63  73  
  34 100  20  
  42  -4  99  
  61  44  77  
  79  52  51  
 -67  48  69  
 -17  73  77  
 -93  20  50  
  60  89   0  
  85  53  39  
 -84  26  62  
 -76  53  55  
  67 -47  70  
  78 -67  31  
  38   9 100  
 -16  58  89  
 -26  99  33  
  77 -18  73  
  88 -58  22  
 -62 -53  70  
  41  76  64  
 -85  41  51  
  54 -55  75  
 -68 -76  34  
 -89  55  24  
  50  92  25  
  39  65  76  
 -71  77  24  
 -63 -36  79  
 -98  41  16  
  27 -40  96  
 -73  76  22  
   3 -96  48  
 -68  66  51  
 -99  28  31  
  14  82  68  
 -73  14  78  
 -50  21  93  
  30 100  25  
 -100  35  19  
  69  47  68  
  28 -96  40  
  56 -59  70  
  63  67  56  
  73 -73  30  
  61  36  81  
 -51  40  86  
  60  -3  89  
  31 -58  85  
 -70 -57  58  
 -85 -56  34  
 -78 -67  32  
  91 -57   6  
  34  93  42  
  63 -56  67  
  98 -37  25  
 -88  53  31  
  91 -47  33  
 -59 -13  89  
  73  50  61  
 -98 -42  13  
  66 -17  83  
 -60 -82  35  
 -74  52  58  
 -100 -17  36  
  74 -56  54  
  42  82  55  
  83 -34  59  
  71  54  60  
  87 -16  61  
 -97  45  11  
   5  42  99  
  25  96  42  
 -51 -80  51  
 -55  80  46  
  91  56  10  
  56 -81  43  
  -4  39 100  
  83  65  21  
 -50  27  91  
 -76  72  25  
 -91 -10  56  
 -14 -94  50  
  54  44  82  
  58  -9  90  
 -10 -80  71  
  99  34  25  
 -58 -72  55  
  51 -93  16  
  35  87  53  
 -86 -51  40  
  70 -66  48  
  31 -39  95  
 -46  15  96  
  39  59  81  
  33  61  82  
   2  77  75  
  70  72  38  
 -59 -22  87  
  63  52  70  
  39  25  97  
 -49  80  53  
 -69  19  80  
  -9  50  95  
 -54  74  56  
  78 -74   0  
  93 -48  25  
  43  87  46  
  34 -99  24  
 -58  11  90  
   9  96  47  
 -32 -96  36  
  -8  97  46  
  62 -62  62  
  58  54  73  
  84 -66  14  
 -46 -78  58  
  37 -20  99  
  51  82  47  
   7  67  84  
 -22 -100  32  
 -70 -79  20  
 -88 -35  51  
  20 -57  89  
 -83 -57  38  
 -85  38  54  
 -60 -41  79  
 -87  61  15  
 -64  62  60  
 -15 -80  70  
  21 -99  36  
  98 -10  43  
 -47  87  42  
 -62 -34  81  
 -51  13  94  
 -80 -72   2  
  17  66  83  
 -45 -26  94  
 -42 -80  58  
  69 -63  53  
  16 -53  92  
  78  49  55  
  86 -64   5  
  57 -90  13  
   9 -97  46  
  52 -94   6  
  88  19  59  
 -38  66  76  
  68  83   5  
  52  67  66  
 -100   1  39  
  54  60  71  
 -78  57  47  
 -82 -10  69  
 -44  45  87  
 -37 -82  59  
  15 -69  81  
 -58 -90  12  
 -82  69   6  
 -27  47  93  
 100 -21  33  
 -77  64  39  
  48 -21  94  
 -75  66  40  
   3 -48  96  
 -85 -12  65  
 -56  91  11  
 100 -33  22  
  25  92  50  
  48  88  39  
 -79  60  41  
 -80  52  50  
  26  99  33  
  65 -18  84  
  15  94  50  
 -25 -30 100  
  45  82  53  
 -42 -52  84  
 -75  27  72  
  40  -2 100  
 -20 -46  95  
  86  59  27  
  37 -84  56  
 -77 -68  31  
 -65 -76  40  
 -94 -33  40  
 -67  72  43  
 -37 -92  42  
  98 -36  26  
  -1  52  94  
 -82  41  56  
  70  10  81  
 -49  38  88  
 -32  99  28  
  82  -9  69  
  54  55  75  
  81 -56  43  
  80 -63  34  
  55  58  72  
 -79  -3  73  
  95  17  47  
 -71 -69  42  
 -53 -88  31  
 -78   1  74  
  57 -36  84  
 -96  43  23  
  33  26  99  
  63 -76  43  
  65  60  61  
 -67  -6  84  
  61 -88   8  
 -69 -82   5  
 -49  57  77  
 -95  12  49  
 -80 -38  61  
 -46  21  95  
  -2 -84  67  
  42  68  72  
 -61  62  63  
  15 -36 100  
 -22 -73  76  
 -72  25  76  
  62  69  54  
  80  64  33  
 -30 -71  75  
  69   6  82  
  41  79  60  
 -88  61  12  
