  92 -68  40  
  88  75  35  
 -10 -73  96  
  66 -36  95  
  90  56  58  
  73  30  92  
 -92 -58  53  
 -45  53  99  
  18 -87  82  
  93 -62  46  
 -89  82   1  
  75  78  54  
  37  89  73  
  12 -96  73  
 -49 -83  73  
  74 -48  83  
 -35 -69  93  
 -43  98  56  
 -97  72   9  
 -24  85  83  
  47  80  78  
  81   0  90  
 -82 -64  62  
 -96 -72  15  
 -65  65  79  
 -49 -82  74  
 -83 -26  84  
 -71 -73  65  
 -62  91  50  
  71   1  98  
 -69  88  46  
  93  54  55  
  43 -67  91  
  68 -40  92  
  89  82   5  
 -39  88  73  
  88 -58  59  
  66  97  29  
  90  64  49  
 -80   3  91  
  86  67  53  
  93 -35  69  
  47  98  53  
  49  90  64  
 -58 -65  84  
 -87 -12  83  
  82  13  88  
 -60  51  92  
 -96 -73   7  
 -58 -38  99  
  22  97  69  
 -64  75  70  
 -91  30  74  
 -79  46  79  
 -41 -83  78  
 -66 -38  94  
   2 -98  71  
  64  85  58  
  90 -56  58  
 -91 -29  74  
  53  60  91  
 -63  95  41  
 -22  89  79  
 -99  42  55  
 -65  21 100  
 -70  45  88  
  71  98   4  
  78 -67  64  
 -94  40  65  
  65 -100  19  
 -74 -33  90  
  56  65  85  
  85 -47  72  
 -98 -46  54  
  64  54  87  
  87 -18  82  
 -75  -3  95  
 -34  98  62  
  94  67  37  
 -91  53  60  
  91  79   9  
   6 -86  85  
  26  80  87  
  92  40  68  
 -89  82   5  
  78 -34  86  
 -18  69  98  
  70  58  80  
 -93 -74  23  
  89 -36  74  
  81  50  75  
  85  18  84  
  84 -87   2  
 -67  99  19  
  38  62  97  
  96  48  56  
 -68  65  76  
 -17 -91  78  
 -88 -45  70  
 -45  78  81  
  73  92  30  
  -5 -85  86  
   4  94  76  
  28  97  67  
 -40 -91  69  
 -35 -73  90  
 -74  49  82  
  70 -95  26  
 100   8  68  
  84 -65  58  
  87  -4  84  
  83  52  71  
 -50 -86  69  
 -77 -50  79  
   3  84  87  
  97 -63  35  
  75   3  95  
  14 -77  92  
  96  66  32  
 -94  75  15  
 -55 -56  92  
 -98  58  41  
  60  38  98  
 -11 -77  93  
 -93 -75  19  
  48  65  90  
  -2 -98  71  
 -95 -75   3  
  76  45  83  
  88  45  70  
  71  84  51  
  94 -50  57  
  86  85   8  
  92 -78  11  
   7 -94  76  
 -15  77  92  
 -55 -66  85  
  96  71  20  
  77  46  81  
  65  50  89  
 -61  82  65  
  92 -56  55  
 -91 -53  60  
 -63 -51  90  
  37  74  88  
 -72 -16  96  
  25  88  79  
 -40  99  57  
  66  79  64  
 -72  45  86  
 100  -8  68  
  66  90  47  
  67  65  77  
  61 -45  94  
  88 -78  28  
 -90 -64  50  
  78 -29  88  
 -45 -76  83  
 -78  -6  92  
 -63  32  98  
 -90 -77  24  
  68 -94  35  
 -72 -96  14  
  53 -67  86  
  65 -72  72  
  96  65  34  
 -77 -32  88  
  74  55  78  
  20 -72  95  
 -88  81  19  
  73  55  79  
  55 -62  88  
  61 -94  45  
 -73 -57  78  
 -83  70  53  
  92  29  73  
  76  83  44  
 -89  66  49  
  38 -62  97  
  23 -69  97  
  92 -10  78  
  93 -77   9  
  92  70  35  
 -93 -37  68  
   3 -97  72  
 -87  -3  84  
  61 -59  86  
 -73 -30  92  
 -82  87  19  
  65  55  86  
  90  -3  81  
  63 -27 100  
 -60 -94  47  
  62  64  82  
  75  -5  95  
  96  73   9  
 -99  42  56  
  56 -68  83  
  68 -98  20  
  72 -32  92  
  76  81  48  
  82   2  89  
 -80 -90  11  
  74  95  12  
 -23  89  79  
 -24  91  76  
  95  61  43  
 -90 -64  49  
 -80 -67  61  
  78 -25  89  
 -75 -28  91  
 -90 -17  79  
  94  19  74  
  65  75  69  
  70 -10  98  
 -69  96  25  
  98  56  44  
 -85  31  80  
 100  53  43  
  76 -38  86  
  40  98  59  
  80 -35  84  
 -83  15  87  
  95  75   1  
  59 -85  63  
 -85  82  26  
 -50  90  64  
  74 -94  17  
 -94 -27  71  
 -86  52  67  
   0  89  82  
   5  89  82  
  86  85   1  
  77  77  53  
  72 -80  55  
  54  93  56  
 -50  98  50  
 -50 -65  89  
  38 -99  58  
  93 -55  55  
  81  73  53  
 100  46  50  
  69  60  79  
 -98 -23  67  
  71   2  98  
  69 -22  97  
  64  76  69  
 -52  99  46  
 -31  95  68  
 -83  87  14  
 -64 -49  90  
 -100  57  37  
 -87  64  55  
 -90 -81   4  
  26  63 100  
  68   0 100  
 -70  80  58  
  98  70  10  
  57 -40  99  
 -72 -88  42  
  18 -79  90  
  39 -97  61  
 -84 -67  56  
  97  51  51  
  23 -93  74  
 -76 -92  21  
 -96 -22  70  
 -82 -59  67  
  54 -54  94  
  84  70  52  
 -59 -44  96  
  18 -70  97  
  91  52  60  
  97 -56  46  
 -75 -65  69  
  64 -51  89  
  75  49  81  
 -64 -59  84  
  14 -70  98  
 -75   4  95  
 100 -68   1  
 -79 -68  61  
 -88 -52  65  
 -34 -98  62  
 -84  80  35  
  86  62  58  
 -93  18  75  
 -25  90  77  
 -79 -32  86  
  76 -57  75  
 -92 -66  42  
  86 -53  67  
  57  94  50  
 -41  63  95  
 -20  92  76  
  94  62  44  
   2 -82  89  
  79  73  55  
 -78  53  76  
  11 -95  74  
