 -57  87  93  
  90  98  42  
  57 100  79  
  57 -99  80  
  -4 -99  98  
 -100 -31  92  
  93 -48  92  
 -99  97  17  
  93 -43  95  
 -98  58  81  
  99  98   0  
  43  87 100  
 -90 -89  59  
  93  65  81  
 -99 -54  82  
 -92  72  76  
 -87  89  63  
  95  57  85  
  98  99   8  
 -97  56  83  
  99  52  83  
  67  76  96  
 -71  72  96  
 -97  73  69  
  93 -92  48  
  61  93  84  
  66  73  99  
  11 -100  97  
  73  98  67  
  91 -84  64  
 -88  55  93  
  93 -80  66  
  94  79  66  
  72  75  93  
 -88 -78  75  
  97 -90  44  
 100   6  97  
  89  88  62  
  98   2  99  
  97  91  42  
  94 -85  58  
 -82 -54  99  
  95  80  64  
 -77 -87  77  
 -26 100  94  
 -87 -60  91  
  32 -97  95  
  52  94  89  
 -97 -38  93  
  16  96 100  
 -52  94  89  
 -94  72  74  
 -86  88  66  
  81  94  64  
 -86 100  46  
 -44 -92  95  
  79 -81  82  
  74  94  72  
  90 -85  64  
 -93  86  59  
  64 100  73  
 -99 -92  34  
 -93  61  84  
  87  75  79  
  97  99  16  
 -96 -87  52  
  54  87  95  
  78 -96  65  
  80  83  79  
 -50 -91  93  
 -31 -95  97  
  83 -83  75  
  98  29  95  
 -75 -71  94  
 -86 -84  71  
 -79  68  93  
  89  57  91  
  78  73  90  
  91  70  79  
 -79 -92  69  
  84 -90  66  
  74 -83  84  
 -68  75  96  
  84  89  67  
  57  86  94  
 -88 -93  56  
 -72  90  79  
 -48  86  99  
  92  68  80  
 -97 100   4  
  83 -95  59  
 -54 -89  93  
 -66  77  96  
  70 -99  69  
  78  87  76  
  81  72  88  
  96 -100  15  
  20 -97  98  
 -91 -96  44  
 -96 -80  62  
 -96  43  92  
  96  97  30  
  97  37  93  
 -89  40 100  
 -93 -99  31  
   5 100  97  
 -49 -85  99  
 -99 -96  20  
 -89 -63  87  
  40 -89 100  
 -87 -93  57  
  89  67  84  
  84  96  56  
 -80  64  95  
  94 -43  94  
   4  99  98  
 -52 -99  83  
 -64  73 100  
  21 -100  95  
  99  43  88  
 -99 -64  75  
 -90  36 100  
  98 -95  29  
  84  85  72  
 -16 -100  96  
  84 -98  53  
 -100  22  95  
  89  81  71  
   9  98  99  
 -59  90  89  
  81 -96  61  
 -94 -80  65  
  48  86  99  
  91 -35 100  
  21 -95 100  
 -53  95  87  
  98 -99   3  
 -89 -52  94  
 -93  35  98  
  91  60  87  
  80 -83  79  
  66  77  96  
  82 -88  71  
  95  61  82  
 -96 -92  42  
 -57 -88  92  
 -84 -82  75  
  93 -98  34  
 -92  44  95  
 -93 -88  55  
 -76  67  96  
 -76 -93  71  
 -20 -98  97  
 -58 -79  99  
 -91  78  71  
 -61 -77  99  
 -41  99  89  
  99  98   7  
  98  81  58  
  -4  97 100  
 -100 -59  77  
 -70  85  86  
 -93 -77  70  
  72  96  71  
 -33 -96  96  
 -70  79  91  
 -92  93  48  
  92  94  46  
 -78 -61  98  
  95  60  83  
 -87  80  74  
  96  91  44  
 -75 -86  80  
 -59 -98  80  
 -97  65  76  
  79  81  82  
 -87 -90  62  
 -92  94  47  
 -97 -60  80  
 -98  84  53  
 -93  69  78  
  98  91  40  
 -98 -77  63  
 -97 -80  61  
  97 -17  99  
 -81 -91  68  
 -53 -98  84  
  -6 -99  98  
  86 -76  79  
  67 -77  95  
 -93 -97  38  
  65  94  80  
 -97 -100   6  
 -99  78  60  
  61 -83  94  
 -62 -90  87  
 -91  60  87  
 -80  91  69  
  34  95  96  
 -86 -59  93  
  74  92  74  
 -93  70  77  
  85 -99  49  
 -75 -77  89  
 -100 -51  83  
  97  95  31  
  82  59  96  
  83  86  72  
 -97 -75  67  
  86  82  73  
 -97  53  85  
 -83  58  96  
  80  94  65  
  96  91  45  
  78  90  73  
 -91  96  44  
  20  99  96  
 -59 -82  96  
  94 -37  96  
 -100 -28  93  
  93 -37  97  
  29 -96  97  
  94 -91  48  
 -73  78  90  
  93  29 100  
 -88 -84  68  
 -37  93  97  
  94  63  82  
 -100 -83  51  
 -100 -20  95  
  99 -15  97  
  79  91  70  
  98 -10  99  
  69  69 100  
 -99  51  84  
  97  60  80  
  74 -80  87  
  94 -74  72  
  93 -76  71  
  91 -52  92  
 -99  48  86  
  40 -96  93  
 -84  86  71  
 -51 -100  83  
 -92  93  49  
  75  92  73  
 -99 -88  44  
  98 -54  83  
  95 -24  99  
  20 -100  95  
  97 -95  31  
  80  65  94  
 -93  71  76  
 -95  59  83  
 -91 -81  68  
 -93  78  69  
 -99 -87  46  
  83 -79  80  
 -75  62 100  
  -5 100  97  
 -89  97  46  
 -44 -90  97  
  56  90  91  
  83  84  74  
  16  98  98  
 -94  42  94  
  53  84  98  
 -26  94 100  
 -85 -88  67  
 -48 -97  88  
 -73  83  85  
 -93 -89  54  
  99 -94  28  
  95 -80  63  
  89  55  92  
 -66  93  80  
  85  75  81  
  26 -99  95  
 -51 -97  86  
 -99 -93  31  
 100 -43  87  
 100 -17  96  
 -88  56  93  
 -79  59  99  
 -99  10  98  
 -49 -100  84  
  88  98  46  
  96 -99  22  
  68 -85  87  
  56 -89  92  
  99  16  97  
  -9 -99  98  
 -98  99   7  
 -88 -72  81  
 -92  85  61  
 -93  31  99  
 -89 -40 100  
 -37  98  92  
 -94  34  97  
  31  95  97  
