 -45 -31   9  
  16 -53   6  
 -51 -15  16  
 -20  51   9  
 -17  50  17  
  45 -26  20  
  16  11  52  
  41  24  29  
 -30   7  46  
  16   2  53  
 -20 -35  38  
  46 -24  19  
   3  52  19  
  11  38  39  
  -1  50  24  
 -53 -16   1  
 -31  40  23  
  20 -22  47  
 -30 -32  34  
  -8  39  39  
 -24  42  27  
 -47  20  22  
  35 -42   9  
 -25  31  39  
 -52 -19   5  
  47  -7  29  
   4  -7  55  
  45  32   6  
 -49 -16  20  
 -54  -5  12  
 -25  18  46  
  22  14  49  
 -29 -47   6  
  25  44  23  
 -31  45  10  
 -44  28  19  
  16  49  21  
  31 -46   3  
 -18   6  52  
  -6 -50  23  
 -51 -21   6  
  29  41  24  
  38   6  40  
 -45  -4  32  
  18  13  51  
 -22 -49  14  
  -2 -28  48  
   9  14  53  
 -47   9  28  
  10  26  48  
  18   7  52  
 -21 -41  31  
  29  47   5  
 -23  48  15  
 -18 -37  37  
 -20 -41  32  
 -39  24  31  
   6 -55   4  
  25 -16  47  
  46  22  22  
  38  40   4  
  42  -3  36  
  19  18  49  
   5  15  53  
  33  -8  44  
 -47 -23  18  
  34   7  43  
  12 -52  15  
 -51  20   8  
   4  55   6  
 -24 -50   2  
  34 -38  22  
  32 -45   3  
 -17  46  26  
 -32  39  23  
  18  27  45  
  14 -44  31  
  -3  52  19  
  22  26  44  
  13 -47  27  
  -9  31  45  
 -15 -30  44  
  -6  55   6  
   6  27  48  
  33  42  15  
 -14  52  13  
  41 -27  26  
 -38 -38  14  
  31 -46   1  
 -21  42  30  
  33  31  32  
  29  24  41  
 -15 -12  52  
  -4  13  54  
  10  51  20  
 -17 -53   2  
  32  23  39  
 -10 -51  19  
  28  26  40  
 -46  19  25  
 -34  13  42  
 -52  19   3  
  47 -29   3  
 -22  38  34  
 -30 -22  41  
 -52 -12  16  
 -21  51   7  
 -30 -13  45  
  21 -23  46  
 -26 -49   4  
  -9  -1  55  
 -36 -34  25  
  -1  55   9  
 -24 -49   9  
 -37  38  16  
  39  17  36  
 -51  -1  22  
  -5  40  38  
 -29  22  42  
 -23  46  21  
 -11 -54   4  
  44 -32  11  
  29  17  44  
  52 -19   5  
 -16  -4  53  
  20 -16  49  
 -37  17  38  
  35 -43   4  
  21 -19  48  
   7 -40  38  
 -27 -18  45  
  17  36  39  
  25 -47  16  
  22 -41  30  
  -5  50  24  
  13 -18  51  
   8  28  47  
   4 -51  22  
 -26 -40  28  
 -30  45  12  
 -44  24  24  
 -17  52   8  
  55  -7   3  
  16 -38  37  
 -54  12   6  
  24 -50   5  
  12 -54   0  
  27  45  18  
 -46 -11  29  
 -25  48  13  
  52 -16  11  
  11  24  49  
  50 -23   5  
 -45 -29  15  
  37  -5  41  
  44  26  21  
   6 -37  41  
 -51 -10  20  
 -30   8  46  
 -51   1  22  
  -7 -34  43  
  -4 -54  12  
  22 -51   3  
  55  -6   6  
 -29  -6  47  
   7   4  55  
  30  28  37  
  30  44  15  
   2 -17  53  
  20 -46  24  
 -13  42  34  
  50  17  17  
 -47  13  26  
 -49  -9  24  
 -55  -4   6  
  30 -37  28  
 -39  39   8  
 -39  36  17  
  30 -35  31  
  12  -2  54  
   1  50  24  
 -37 -38  17  
 -17 -52   8  
 -25  -7  49  
  41  -4  37  
  26  34  35  
  -4  -6  55  
  31 -29  36  
  17 -53   1  
  13  48  25  
 -17   1  53  
 -10  19  51  
  -7 -14  53  
 -41   7  37  
  23  12  49  
  26   0  49  
 -23 -50   7  
 -27  12  47  
   0 -52  19  
 -37 -28  30  
 -33  43  13  
 -11 -54   6  
 -29  33  34  
   6  53  16  
  31 -43  16  
 -26  25  42  
  52  15  13  
  16 -51  15  
   5  42  36  
 -40  26  28  
  44 -11  32  
  16  48  23  
  41 -18  33  
 -52 -14  14  
 -21  44  27  
  38 -32  25  
 -49 -19  18  
  36 -21  37  
 -22  34  38  
  17 -41  33  
 -19 -50  14  
 -39  34  20  
  32  21  40  
  21  -6  51  
   8  17  52  
  18  23  47  
 -39 -39   7  
  20  48  19  
 -10  39  38  
  52   6  18  
  49 -13  23  
  -4  55   7  
 -26 -43  24  
  20  13  50  
   9  53  14  
 -55  -5   4  
 -13  37  39  
  -3  36  42  
  23  46  21  
  19  48  20  
 -19   1  52  
 -17 -33  41  
  -5 -55   6  
  47  26  14  
  21  51   6  
 -13  41  35  
   9 -49  25  
  54  10   9  
  35   1  43  
 -10  43  34  
 -30  15  44  
  -9  54   9  
 -33  -8  44  
  41  35  13  
   9  55   1  
  52  16  10  
 -32 -38  25  
 -23  18  47  
 -51  -5  21  
  12 -44  32  
 -42  -9  35  
   7  30  46  
 -32 -39  23  
  30 -44  15  
  29  47   6  
  17 -43  31  
  -8 -53  14  
 -44 -34   4  
 -55  -2   5  
  30 -43  18  
 -48 -22  17  
  16  38  37  
 -47  24  17  
   2  41  37  
  54  -8  11  
 -13  49  23  
  -4 -54  11  
 -16 -27  46  
   7 -29  47  
  13  36  40  
 -50 -24   5  
  14  28  46  
 -18  27  45  
  35  -5  43  
  40  38   6  
  24  11  49  
  -8  55   1  
  25 -47  15  
 -39 -37  14  
 -22 -45  24  
  18  33  41  
  35  -3  43  
  39 -36  16  
 -10 -34  43  
 -53  17   1  
  -3  31  46  
 -20 -34  39  
   0  44  34  
  48  13  25  
   1  55   8  
