  20  -1   9  
  17 -11   8  
  -9  15  13  
   7 -13  16  
 -16  11  10  
  -7  17  12  
  -9  20   2  
   0 -18  13  
  22  -1   0  
 -14  17   1  
  13  17   6  
  -7   9  19  
  -1 -22   3  
 -13 -17   4  
  17 -14   3  
   1 -16  15  
 -11 -19   3  
  19  -5  10  
  15  -5  15  
  14   3  17  
  15  -6  15  
   5  19  10  
  10 -19   5  
 -17 -11   8  
   6  11  18  
 -12 -17   7  
   9  20   0  
  20   9   3  
   2  22   2  
 -12  -9  16  
  12 -16   9  
  12  18   3  
  22   1   3  
  -4  13  17  
  19  11   2  
  17 -14   2  
  14 -13  11  
  15 -16   2  
 -20  -7   5  
  -5 -21   3  
 -14  16   5  
   6  21   1  
   8   7  19  
  -8  -7  19  
  11 -12  15  
   8  17  11  
  16   1  15  
   3  17  14  
 -17   5  13  
   9 -20   1  
  15  16   2  
  -1  14  17  
 -12  17   7  
  22  -2   2  
 -13  11  14  
 -21   7   1  
  -3   1  22  
 -14  -6  16  
  -4  21   5  
  -8 -17  11  
   5  14  16  
   6 -19   9  
   1 -22   1  
   6 -15  15  
  20   8   5  
 -16   8  13  
 -13   9  15  
  20  -7   5  
  -7  -9  19  
  17 -13   4  
  14  -5  16  
  -5  15  15  
 -13  15  10  
 -18   3  12  
  18   1  13  
  16 -13   8  
  -8 -20   4  
  11 -19   3  
   1  21   7  
  -1  19  11  
  18   9   9  
  -8 -16  13  
  16  14   5  
  18 -11   7  
  -7   2  21  
 -20  -8   4  
 -20  -2   9  
  12  17   7  
  -8  16  13  
  22  -3   0  
   2  -2  22  
  -9  18   9  
  -8  19   7  
  14 -10  14  
  -9 -17  11  
  13  18   1  
  -8   7  19  
   0 -19  11  
 -18 -12   5  
  -3 -19  11  
  -8 -11  17  
  -5  19  10  
  -9   7  19  
  17  10  10  
  -6 -21   4  
  -2 -16  15  
   6  -9  19  
   0  22   2  
  -1  21   7  
  20   9   0  
  -5 -10  19  
  18 -10   8  
   6  21   0  
 -21  -4   5  
  13  17   4  
  -5 -12  18  
 -20  -3   9  
 -11  -9  17  
  -5  -5  21  
  22   1   0  
   3   0  22  
  14   5  16  
   3  11  19  
   3  12  18  
  20   0   9  
   6  -4  21  
   8 -20   5  
 -20   4   8  
   8 -19   7  
   1  -6  21  
  -9   0  20  
 -18  -7  11  
  14 -16   5  
 -10  18   8  
 -12  -7  17  
 -11 -15  12  
  14   6  16  
  -8  -8  19  
   4  10  19  
 -20   7   5  
 -15  12  11  
   6  15  15  
  18   7  11  
   1  22   3  
  19   2  11  
   4 -13  17  
  -9 -15  13  
  -7  -5  20  
   5 -20   7  
 -16 -15   2  
   7  13  16  
 -22   2   1  
  -2  19  11  
   8 -10  18  
   7 -21   1  
 -14   0  17  
   1 -17  14  
 -22  -1   2  
   4 -10  19  
   7  21   1  
   0 -22   3  
  15 -16   0  
  -7  19   9  
 -17  14   2  
   0  20   9  
   3 -21   6  
   5 -12  18  
  -6  14  16  
 -22  -2   2  
  12  18   4  
  -6 -13  17  
   2 -21   6  
   3  -6  21  
  -7 -20   6  
  11  -8  17  
   7  19   8  
 -14 -14  10  
   2 -16  15  
  17  11   9  
   5  21   3  
  16  11  10  
 -12 -13  13  
   3 -11  19  
   1   1  22  
 -14 -13  11  
   5  10  19  
   7   9  19  
  18 -13   0  
   6 -16  14  
  11 -10  16  
 -17  11   8  
  17   2  14  
 -19   3  11  
  21   7   2  
  -3 -21   5  
 -18  12   3  
  -6  -1  21  
  22   0   0  
  11 -19   1  
 -10   4  19  
  13  -6  17  
   9 -11  17  
 -15 -11  12  
   4 -18  12  
  19  -8   8  
 -15  15   5  
  -1  -2  22  
  17  -5  13  
   2  -6  21  
  18  11   6  
   8 -15  14  
  19 -11   0  
 -11  10  16  
 -11  18   7  
  16 -15   3  
  -9 -20   1  
  12  -4  18  
   7  -9  19  
 -10  15  13  
  21  -1   6  
   6 -13  17  
 -12 -14  12  
  -4 -10  19  
  18  -5  12  
  17  14   1  
 -20   5   8  
  19   9   7  
  12  -7  17  
  13  16   7  
 -13 -15  10  
 -14 -15   8  
   6   1  21  
   6 -11  18  
  -4  -5  21  
  13  14  11  
 -18 -10   8  
  -4  17  13  
 -10 -16  11  
  18 -12   5  
   1 -22   2  
 -14   2  17  
  21   6   0  
   1 -22   0  
   1  22   1  
  -9 -16  12  
 -19 -10   4  
  10   5  19  
  -7  20   6  
  18  -3  12  
   0   2  22  
   6   9  19  
   1 -15  16  
   1 -20   9  
  -5 -14  16  
 -16 -12   9  
 -10 -19   5  
  -3  11  19  
 -19  -8   7  
  20  -7   6  
   4  21   5  
  20   4   8  
 -19   7   9  
  -5  -7  20  
 -11   3  19  
   1  15  16  
   9 -20   3  
  -9  19   6  
 -19  -7   9  
   9 -15  13  
  13  10  15  
  11   3  19  
 -10  19   5  
  20  -3   9  
   7 -17  12  
  -1 -19  11  
  17   1  14  
 -11  18   6  
  -6  -4  21  
  -2  -6  21  
  10   4  19  
   6   3  21  
  -7  12  17  
 -19   2  11  
  17  13   5  
   7   1  21  
  16  15   3  
  11   8  17  
   6 -21   4  
  10 -10  17  
   9   3  20  
  16  -3  15  
 -17 -13   4  
  20   1   9  
  -3 -11  19  
  -4  18  12  
  -6  21   2  
   3 -16  15  
  -7 -21   1  
   9 -20   0  
 -17  -6  13  
