  84 100  21  
 -83 -94  43  
 -97  62  66  
  35  82  98  
  99 -86  18  
 -82  54  89  
 -59 -72  94  
 -59  71  95  
 -99  84  27  
 -20  91  94  
  76  83  70  
  70 -99  53  
 -94 -43  83  
  99 -44  76  
 -96 -21  89  
  13  87  99  
  97  77  47  
 -95 -29  88  
 -96 -91   3  
 -92  45  84  
  11 -91  96  
 -54  82  89  
  94  50  79  
   5 -98  89  
 -67 -62  96  
  87 -59  81  
  38 -82  97  
 -87  -5 100  
 -51  89  84  
  80  81  68  
  74 -100  45  
 -98 -26  85  
 -45 -78  97  
 -100 -81  31  
  98 -56  69  
 -74  76  79  
  72  91  64  
  72  51  99  
 -99  59  65  
 -91 -96   7  
 -99  82  33  
 -69  63  94  
  67 -69  91  
 -78 -71  80  
  62  72  92  
  84  30  98  
  77 -42  99  
  51  88  85  
  12 -88  98  
 100 -13  86  
 -98 -54  71  
  96 -24  88  
 -82 -99  33  
 -72 -71  86  
 -95  52  76  
  92 -85  43  
  64  90  73  
 -80 -58  88  
  58 -69  97  
 -88  88  45  
 -13  86 100  
  34  92  89  
  99 -86  19  
 -85 -64  79  
 -80 -94  48  
 -63  93  70  
 -86  37  94  
 -75 -81  73  
  14 -95  91  
 -62 -72  92  
  91  34  90  
 -86  96  31  
  91 -76  59  
  88 -99   3  
  74 -67  87  
  83  52  89  
  72  65  90  
 -90  25  94  
  70  63  93  
  88 -94  32  
 -89  80  57  
 -93 -89  32  
 -100  37  79  
 -43  87  90  
 -50  71 100  
 -83 -60  84  
  -2 -98  89  
  69  79  81  
 -73  84  72  
  61 -96  68  
  68 -81  80  
  94 -92  15  
  97 -19  88  
  49  91  83  
 -80  72  77  
  78 -93  53  
 -88  69  71  
 -78 -92  55  
 -44  79  97  
  46 -79  96  
 -91  41  87  
  97  79  43  
 -85 -79  64  
 -59  93  74  
 -39 -81  97  
 -96 -75  52  
  69  78  82  
  87 -91  42  
  84 -77  68  
 -75  65  88  
 -78 -84  66  
  94 -51  78  
   7 -100  87  
 -55  98  70  
  81  89  56  
  36 -100  79  
 -88  98  12  
  63 -79  86  
 -72 -74  83  
 -72 -68  88  
 -40 -83  95  
  48  96  78  
 -90  29  93  
 -37 -98  81  
 -66 -60  98  
 -60 -99  64  
 -82  42  95  
 -24 -90  94  
  25  83 100  
  85 -70  74  
   4  93  94  
 -95   8  92  
 -89 -14  97  
  83 -43  94  
 -98 -67  59  
  79  50  94  
 -95  44  81  
 -82 -49  92  
  62 -77  88  
  91 -29  92  
 -52  89  83  
 -97 -90   9  
  34 -86  95  
  95 -92  11  
  66 -58  99  
  99 -63  61  
 -79 -93  52  
 -89  -9  98  
  69 -93  64  
  60  84  83  
 -59  95  71  
  38  84  95  
  54 -89  82  
  92 -48  82  
  78 -85  65  
  70  59  96  
 -91  93  26  
 100 -81  31  
 -68 -72  88  
  66  89  73  
 -88 -15  98  
 -96  88  25  
  32 -83  98  
 100 -34  80  
 -86 -11 100  
  69 -67  91  
 -97  75  50  
  78 -88  61  
  54  81  90  
  69 -85  75  
  91 -67  69  
 -76  97  49  
 -98  69  56  
  84  40  94  
 -73 -100  47  
 -80  64  84  
 100  28  82  
 -95 -82  43  
  79 -71  79  
  92 -81  50  
  98 -55  70  
  91  39  88  
 -78  85  65  
  30  97  85  
  92 -95  10  
 -61 -93  72  
 -74 -74  81  
 -58 -77  91  
  84 -45  92  
 -88 -25  96  
  69 -98  57  
  92 -66  69  
 100 -83  26  
 -66  66  94  
  91 -57  78  
 -20 -90  95  
  88  15  98  
 -90  20  95  
  75  59  92  
 -91  78  57  
 -70 -98  55  
  80  36  99  
  91 -96  10  
 -83  94  43  
 -92   2  95  
  15  93  93  
 -100  56  66  
  68 -71  89  
 -97  90  10  
  96 -91   8  
  51  94  78  
 -81  90  54  
 -91  96  10  
  64 100  59  
 -74  94  57  
  77 -86  65  
  84 -30  98  
  98 -87  20  
  97  56  71  
 -91  95  14  
  74  98  50  
 -87  87  49  
 -93  78  53  
 -96  85  33  
  92 -72  62  
  97  87  23  
 -100  57  66  
 -54 -70  99  
  50  79  94  
 -81  58  87  
 -88 -57  81  
 -94 -58  73  
  97  90   1  
  96  38  83  
 -65 -95  66  
  77 -90  59  
 -97  77  47  
  90 -80  55  
  91 -68  68  
 -82  38  97  
  87  96  27  
  98  89   6  
  -1 -89  98  
  54  98  71  
 -87  53  85  
  87  46  89  
 -20 -87  98  
  91  82  51  
 -75  86  67  
  78 -61  88  
 -97  83  36  
 -58  92  76  
 -73  63  91  
  96 -21  89  
 -86  89  47  
 -32  94  88  
  97  82  38  
 -62  67  96  
  73 100  47  
  31 -92  90  
 -100   0  87  
  66 -97  62  
 -74 -99  48  
 -96 -63  66  
  83 -59  85  
  90 -36  90  
 -82 -78  69  
  54  89  82  
 -85  88  51  
  98 -89   1  
  88  62  77  
 -49 -91  83  
 -33  82  99  
  69  90  69  
 -74  59  93  
 -89  55  81  
 -91 -26  93  
  89 -89  42  
  10 -86 100  
 -87 -99  14  
  91   2  96  
  83  57  86  
 -93 -87  36  
 -52  93  79  
  95  55  74  
  94   6  93  
 -80 -55  90  
  65  99  59  
 -73  91  63  
 -96  80  44  
  95  28  88  
 -96  58  71  
  14 -86 100  
  57  87  82  
  71  69  88  
  90 -92  32  
 -41 -99  78  
 -89  82  54  
  72 -92  63  
  53  98  72  
