  77 -99  73  
  88 -73  89  
  54 -99  91  
  68  92  89  
 -96 -68  85  
  87 -99  60  
  92  90  67  
 -88  80  83  
 -85  73  92  
  86 -83  82  
 -77  78  95  
  78 -96  76  
 -78 -95  77  
 -80  69  99  
 -64  91  93  
  69 -100  79  
  95  70  84  
 -85 -95  69  
  92 -83  75  
 -90 -95  62  
  92  67  90  
 -97 -86  65  
 -91  96  59  
 100 100  31  
 -73  86  91  
 -94  99  49  
 100  80  68  
 -99  44  96  
  49 -98  95  
  65 -94  89  
 100 -37  98  
  87  86  78  
 -99 -45  96  
 -81  67 100  
  99 -80  69  
  88 -65  95  
 -59  94  93  
  75 -97  77  
 -100  93  49  
  48 -100  93  
  99 -82  67  
  77  81  92  
 -95  54  95  
  64 -87  97  
  80 -84  87  
  93 -87  69  
 100 -52  91  
  47  99  95  
 -74 -99  76  
 -86  87  78  
 -82  82  87  
 -73 -82  95  
  97 -73  79  
 -43 -99  97  
 -92  50 100  
 -72  79  98  
  83 -84  84  
 -100 -96  42  
  88 -71  91  
 -43  97  99  
 -91  59  96  
  93  56  96  
 -79  87  85  
 -70  96  83  
  84  75  91  
  56 -91  98  
 -97  95  51  
  45 -95 100  
 -88 -71  91  
  94  83  73  
  62  87  98  
  73  93  84  
 -79  78  93  
  79  82  90  
  92 -76  82  
  79  91  81  
  94  68  87  
 -90  87  73  
  97  99  43  
 -61 -88  98  
 -71  82  96  
 -97 -93  55  
 -84 -99  65  
  53 -94  97  
 -85  68  96  
  69  91  89  
 -97  71  81  
 -67  81 100  
 -71  89  90  
 -77  96  77  
  91  59  96  
 -99 -68  81  
  97 -84  67  
  86  74  90  
  70 -81  98  
  61 -92  94  
  98  43  98  
  70  97  82  
 -64 -89  95  
  99 -47  95  
  83  84  84  
 -66  83  99  
 -66  86  96  
  99  49  94  
 -88 -100  57  
 -88  87  76  
  91 -58  97  
  92  51 100  
  84 -90  77  
 -100 -99  34  
  96 -47  98  
  94  72  84  
 -92  91  65  
 -93 -68  88  
  71  93  86  
  99  42  97  
  96  64  88  
 -69 -80  99  
 100 -84  63  
  98  82  69  
  86 -76  89  
 -65  89  94  
 -79 -88  84  
 -91 -74  85  
  87 -72  91  
 -67  98  83  
 -98  63  86  
 -92 -73  85  
  95 -58  93  
 -85  88  78  
 -87 -77  87  
  74  93  83  
  83 -95  71  
 -81  88  82  
  87  83  81  
  91 -80  80  
 -64 -86  98  
 -78  99  72  
 -94  63  91  
 -85  63  99  
 -37 -100  98  
  96 -94  54  
  87 -76  88  
 -92 -91  65  
  94  56  95  
  54  91  99  
  97  55  93  
 -72  81  96  
 -73  88  89  
  99  62  86  
 -90 -98  58  
 -90 -81  80  
 -97  43  99  
 -98 -89  59  
 -90  56  99  
  91  73  86  
 -88 -87  76  
 -96 -80  74  
 -93  55  97  
  99  40  98  
  82  76  92  
  93 -49 100  
 -56 -97  92  
 -76  86  89  
 -58 -97  91  
  80 -71  98  
 -100  56  89  
 -85 -62 100  
  85 -87  79  
  73  75 100  
  52 -93  98  
  34  99 100  
  97  70  82  
  83  88  80  
  64  88  96  
 -52  91 100  
  76 -72 100  
  94 -68  87  
  59 -89  98  
  87  71  92  
  75 -80  95  
 100  71  77  
 -91 -73  86  
 -93 -61  93  
  72 -98  79  
  71 -82  96  
 -98  77  74  
 -90  71  89  
 -85 -68  96  
 100  99  35  
  62 -99  86  
  72 -89  89  
  52  99  92  
 -80  84  87  
  89 -98  59  
 -81  85  85  
  78 -91  82  
  87  65  96  
  84  96  69  
 -86  66  96  
  95 -92  59  
 -82  78  91  
 -41  98  99  
 -59  97  90  
 -86  96  66  
 -79 -96  75  
  74 -93  83  
  93  64  91  
  69  85  95  
 -69 -82  98  
  32 -100 100  
 -45 -98  97  
 -92 -77  81  
 -82 -73  95  
  79 -95  76  
  79 -82  90  
  71  86  93  
 -93  64  91  
 -86 -82  83  
  92  96  58  
 -79 100  69  
  92 -68  89  
 -89 -69  91  
  54  97  93  
 -60 -96  91  
 -91  74  85  
  71  99  79  
 -99  79  71  
  51  93  99  
  94  97  53  
  89  64  95  
  63  92  93  
  68  85  96  
 -92 -86  72  
 -87  82  82  
 -76  99  74  
 -94 -61  92  
  79 -73  97  
 -59 -90  97  
 -90  97  59  
  90  72  88  
  97 -49  96  
  58  89  99  
 -87  87  77  
  92 -93  63  
  99  38  99  
  73 -98  78  
  38 -99  99  
 -85  94  70  
 -87  91  72  
  91 -56  98  
  82 -94  74  
 -77 -75  97  
  94 -100  47  
 -90  83  78  
 -99  89  57  
  52  91 100  
  61  99  87  
 -97 -55  93  
 -72 -80  97  
  80  84  87  
 -57  99  89  
 -86 -76  89  
  93 -77  80  
  56 -99  90  
  68 -97  84  
  78  89  84  
  88  76  87  
  80 -95  75  
  92  91  65  
  86  66  96  
 -90  94  64  
 -78  90  83  
  95  82  73  
 -92  84  74  
 -97 -41 100  
 -96 -51  96  
 -94  89  65  
  99  71  79  
 -90 -54 100  
  83  87  81  
 -96  74  80  
  67 -89  93  
 -99 -56  90  
  79 -90  82  
  89 -97  61  
  93  73  84  
 -87  85  79  
  89  81  81  
 -90 -68  91  
  98 -87  62  
  66  83  99  
 -83  89  79  
 -100  54  90  
 -78  91  82  
  68 -86  95  
 -74  94  82  
  70 -82  97  
 -61  96  90  
  79  75  96  
