  36  47  72  
 -15  -1  92  
  49   3  79  
 -61 -59  38  
  25 -49  75  
 -14 -19  90  
  21  65  63  
  92   0  15  
 -30   7  88  
  10 -80  46  
 -68  28  57  
 -46 -80  13  
 -42  -3  83  
 -80 -22  42  
   7 -92  11  
  54  74  17  
  19  58  70  
 -28 -47  75  
 -66  -8  65  
 -83  42   1  
  86  -8  35  
 -81   7  45  
 -56  67  32  
 -77 -51   9  
 -85  21  32  
  50 -74  26  
  40 -57  62  
 -43  74  36  
 -12  30  87  
  72 -16  57  
  33 -74  46  
  29  59  66  
  46  61  53  
  53  35  68  
 -36  36  78  
 -70  58  20  
 -15  12  91  
  79 -36  33  
  15 -79  47  
 -30 -87  13  
 -50  75  22  
  51 -76  16  
  35   4  86  
  44 -75  33  
  88 -18  24  
   3  89  27  
  51  31  71  
   1  58  73  
 -52 -42  65  
 -55  67  34  
   5  11  92  
  53 -60  47  
  39  51  67  
 -23  41  80  
  80  21  43  
  90  14  19  
 -39   8  84  
  54  71  26  
  75 -37  41  
  20  45  79  
  70 -47  39  
 -22 -80  42  
  84 -16  37  
 -36 -62  59  
 -16  34  85  
  81 -46   4  
  34  74  45  
  27 -60  66  
 -33  40  77  
  43  78  26  
 -40 -84   6  
 -33  60  63  
 -28  66  59  
  18  -7  91  
  47 -36  72  
 -47  66  46  
 -28 -38  80  
   5 -19  91  
 -76  44  31  
 -45  61  54  
  78 -19  47  
   4  81  46  
 -66  42  50  
  75 -54  12  
 -18  31  86  
  24  78  45  
 -29 -84  28  
 -81 -30  35  
 -61 -69  12  
  66  21  62  
 -85  -3  37  
  53  20  74  
  36 -83  22  
 -90 -16  16  
  39  42  73  
 -58 -44  58  
 -22  61  67  
 -71 -46  39  
  25  -9  89  
  41 -30  78  
  23  -2  90  
 -20  91   2  
 -18  28  87  
  41 -67  50  
  92   3  12  
   8  61  70  
  70 -44  43  
   0 -27  89  
 -61 -65  26  
 -40  -1  84  
  63  18  66  
  73  45  36  
 -22 -27  86  
  63  -4  68  
 -73 -39  42  
  16 -16  90  
 -82  40  18  
 -15 -87  30  
 -53 -66  38  
  90  23   6  
  -6  56  74  
 -41  32  77  
   6   0  93  
 -59  67  26  
  72 -43  40  
   6 -50  78  
  75  54  12  
  12  90  20  
 -36  58  63  
 -61  31  63  
  22  67  61  
  36  85  12  
 -80 -21  43  
   8 -89  25  
  62  21  66  
 -70   6  61  
  -9  21  90  
  43 -74  36  
 -32 -77  41  
   7 -35  86  
  32  85  20  
 -78 -20  47  
  18  81  42  
 -73  36  45  
 -48 -20  77  
 -36 -84  18  
 -51 -41  66  
 -30  14  87  
 -63 -27  63  
 -15 -73  56  
   9  63  68  
 -38 -65  55  
  83 -34  25  
  87  15  30  
   0   3  93  
   5 -81  45  
  81  35  30  
  48 -29  74  
  43  14  81  
  10   7  92  
  59 -66  29  
   7 -18  91  
  59  11  71  
 -45 -71  40  
  69 -44  44  
  74  -6  56  
  36  11  85  
  89 -18  20  
  84 -29  28  
  68  25  58  
 -77  18  49  
  48 -65  46  
  14 -64  66  
 -40  22  81  
 -64 -33  59  
 -15  92   2  
 -72  38  45  
  27 -89   1  
 -85  32  19  
 -88 -30   4  
  28  68  57  
 -17 -28  87  
  14 -87  29  
 -29 -61  64  
 -30  49  73  
 -11  90  21  
  92  13   4  
  69  12  61  
  54  46  60  
  23 -32  84  
  16   9  91  
 -74  51  23  
   2 -83  42  
 -47 -76  25  
 -68   8  63  
 -14  67  63  
  41  17  82  
 -37  26  81  
 -36  60  61  
  16  25  88  
  41 -78  30  
 -44 -76  31  
  66 -65   5  
  74   4  56  
 -84 -37  16  
 -23  -3  90  
   4 -80  47  
 -52 -65  42  
  14  57  72  
 -58 -42  59  
  58  65  32  
  62 -43  54  
  84  40   5  
 -44 -82   5  
  42 -83   0  
 -28 -83  31  
 -30 -73  49  
  54 -29  70  
  84  30  27  
  27 -35  82  
  66 -59  29  
 -66  17  63  
 -77  35  39  
 -91  18   4  
  82 -43   9  
  76  30  44  
 -60  23  67  
  15  47  79  
  50  26  74  
  29   6  88  
 -51  74  23  
 -80   6  47  
  79 -46  18  
  56 -74   7  
 -81 -32  32  
 -83  24  34  
  43 -70  44  
  76  20  50  
  78  36  35  
  39  71  46  
 -59 -42  58  
  65 -62  24  
   5 -90  23  
 -33  46  74  
  86  24  26  
  80 -38  28  
  31 -71  51  
 -25 -65  62  
  19  89  20  
  39  65  54  
 -38 -52  67  
  17  60  69  
 -90 -19  13  
 -13 -53  75  
 -79  21  44  
  77  38  36  
  29  37  80  
  49  25  75  
 -40 -19  82  
 -12 -61  69  
  27 -84  29  
  88 -30   4  
 -51 -76  16  
 -18  77  49  
  42  43  71  
  89   4  27  
  62   6  69  
  24  84  32  
  47 -73  33  
  12 -87  30  
  59  29  66  
  86  32  14  
 -11 -74  55  
 -63 -66  18  
  66 -36  55  
 -24  64  63  
 -85  12  36  
  -2  44  82  
 -42  81  17  
 -39  44  72  
  52 -24  73  
  -1 -72  59  
  54 -40  64  
  57  64  36  
  20 -60  68  
  35 -63  59  
  20 -73  54  
 -34 -10  86  
 -65  64  19  
  21 -64  64  
   2  23  90  
 -84  38  12  
 -13  14  91  
 -24 -73  52  
 -40 -82  17  
 -15   1  92  
 -47 -59  54  
  72  54  24  
 -83   9  41  
 -16  55  73  
