  22 -17   2  
   3  18  21  
 -23  11  11  
 -17 -22   4  
 -14  10  22  
   7 -17  21  
 -17   1  22  
  17  22   3  
   7  27   4  
  21   3  18  
   4  12  25  
   2  16  23  
  10 -17  20  
 -25   8  10  
   5  27   5  
 -22  11  13  
  18 -21   5  
  22  17   3  
  -5  23  15  
 -17   0  22  
  22  17   1  
  -7 -19  19  
  14 -24   4  
  28  -2   3  
   6  27   3  
  11   6  25  
  -6 -22  16  
  21 -17   8  
   1  -2  28  
 -10 -25   8  
  16 -22   7  
  -8  10  25  
   0  22  17  
 -17   2  22  
 -10  26   4  
 -26   4  10  
 -23   0  16  
  19 -20   5  
   7 -27   0  
 -23   3  16  
   8 -15  22  
  -6  19  20  
 -11  -1  26  
 -23  -7  14  
  23   2  16  
 -27  -2   8  
  26   4  10  
  -5 -11  25  
  24   9  11  
  28   0   1  
   3 -28   1  
  23  10  12  
   7 -16  22  
 -12  24   8  
  -3 -27   7  
   9 -15  22  
 -20  -7  18  
   4  -7  27  
  -5   5  27  
  23 -10  12  
   4  -9  26  
 -17   3  22  
 -22   5  17  
   7 -19  19  
   9   9  25  
  -5 -18  21  
 -25  10   7  
 -16  22   7  
 -12 -13  22  
  -8 -10  25  
  -6  22  16  
 -25 -12   3  
  -3  18  21  
  27   7   3  
 -24  14   3  
  -3 -21  18  
   3  22  17  
  24 -11   9  
   3 -25  12  
   0  28   1  
   3   0  28  
  18 -20   8  
 -27   7   3  
  14  24   5  
  10 -11  24  
  -4  27   6  
 -24   4  14  
  12  12  22  
  12   2  25  
 -28  -1   1  
  12  23  10  
  -4 -17  22  
 -13  19  16  
  16  11  20  
 -26  -4   9  
 -19   8  19  
  14 -19  15  
  24  -5  14  
   8 -21  17  
  -6   3  27  
 -18  19  10  
 -24   0  14  
 -13   1  25  
  25  11   7  
  17 -14  17  
  26  -7   8  
  17  22   0  
  12  25   3  
 -16   0  23  
 -19   4  20  
  -4  14  24  
   3 -12  25  
   2  28   0  
  14  20  14  
 -23 -15   6  
 -22  14  10  
  10 -12  23  
 -13  25   2  
  23  16   1  
 -19 -19   8  
 -20 -10  17  
 -26  10   1  
   9 -25   9  
  10  26   3  
  23  -6  15  
   1  -3  28  
  14 -24   5  
 -25 -13   1  
  28   2   3  
 -19  -5  20  
 -15   6  23  
   5  26   9  
   6   5  27  
  24  14   3  
 -22  15   9  
 -23 -14   7  
   0 -26  11  
  17  19  11  
 -13 -21  13  
  -2   3  28  
  22   1  17  
  27  -1   8  
  24  13   6  
   2  27   8  
  14 -20  14  
 -26  10   4  
  10 -25   8  
   5  -5  27  
  10  19  18  
  -9 -16  21  
  25   8  10  
  -2  26  10  
  25   5  12  
 -10  25   8  
 -15  23   6  
  -6   5  27  
  -6  -4  27  
  14 -14  20  
  15   5  23  
 -18   5  21  
 -14 -16  18  
  22  14  10  
   5  20  19  
 -16 -10  21  
  21 -17   7  
 -17 -22   2  
 -23   7  14  
 -10 -26   2  
 -17  -7  21  
  15 -15  18  
  10  12  23  
  -3 -14  24  
 -13   6  24  
 -21  -5  18  
  11  25   6  
 -10  23  12  
 -24  -7  13  
 -11 -10  24  
   2 -28   3  
 -12  25   5  
 -13  22  11  
 -12  22  12  
  14   2  24  
  26  -9   5  
 -14 -23   8  
 -19  15  14  
 -18 -21   5  
   0  24  14  
  22 -15   9  
 -20 -19   4  
  14  24   2  
 -10 -18  19  
  28   2   2  
  16   3  23  
  -9  22  15  
  19  17  12  
  15 -21  11  
  28  -1   2  
   1 -10  26  
   2 -27   7  
   2 -28   2  
 -13 -19  16  
 -11 -24   9  
  17 -11  19  
 -14 -17  17  
  22  17   2  
   0 -27   8  
   3 -18  21  
  25  10   8  
  20  10  17  
 -24 -11  10  
   2  13  25  
  -7   4  27  
  17 -17  14  
  -2 -28   3  
  -5  24  14  
 -13  24   6  
 -10  16  21  
  21 -14  12  
  -7  25  10  
 -12 -22  13  
 -17  13  18  
   7  25  11  
 -22 -13  11  
  25   2  13  
  22   3  17  
  10   1  26  
  11 -12  23  
   3 -27   7  
 -10 -14  22  
 -25   5  11  
  26  10   4  
 -14 -21  12  
  23  15   5  
  16  -7  22  
 -17  -2  22  
 -10 -22  14  
 -14   0  24  
 -12  23  11  
  14 -24   3  
  19  -8  19  
  13 -20  15  
 -10   4  26  
 -20   7  18  
   1 -27   7  
  26  -7   7  
  14  12  21  
  -5   9  26  
  14  21  12  
 -11   1  26  
   9  -5  26  
  10 -20  17  
   7 -13  24  
   9  22  15  
  -2  28   2  
  20   4  19  
 -17   4  22  
 -26  -8   6  
   8   2  27  
 -21  10  16  
  19 -19   7  
  20   8  18  
  -7  -3  27  
   3  27   7  
  16   2  23  
  12  10  23  
  17  21   8  
  23 -12  11  
  -2 -28   2  
  28  -3   0  
 -11  11  23  
  -8  26   7  
  22 -17   5  
  -6 -16  22  
  25  -9   9  
 -23   6  15  
   6  27   5  
 -14   1  24  
  24 -13   7  
 -22   9  15  
  -3  10  26  
 -22  17   3  
  -7 -23  14  
  -1 -14  24  
  11  -7  25  
  -2  17  22  
   5 -18  21  
 -21  -4  18  
   2  26  10  
 -11 -25   6  
  22  13  12  
  12  19  17  
 -28  -2   2  
 -19  13  16  
   3  17  22  
 -11  21  15  
 -27  -4   6  
  18 -15  15  
   7  21  17  
  -6  16  22  
