 -93  57  49  
 -82 -19  85  
  91  60  49  
  83 -86   6  
 -77  34  85  
  95 -51  52  
   3 -96  71  
  32  68  93  
 -90 -23  75  
 -55  91  54  
 -87 -82   3  
  99  27  61  
  67 -45  88  
  58  96  41  
 -96  18  69  
 -92  51  57  
 100  61  23  
 -86  76  33  
 -92 -42  64  
  68 -98   8  
  62 -42  93  
 -98 -23  64  
 -66 -98  19  
 -62  95  37  
 -78 -66  62  
  75 -61  70  
 -94 -71  19  
 -90 -35  70  
  21  90  76  
  90  15  77  
  98  56  39  
 -38 -88  71  
  85 -81  22  
 -89  59  54  
  72  15  94  
  97 -41  56  
 -43  51  99  
 -70  46  85  
  98 -52  45  
  81 -40  78  
 -76  10  92  
 -57 -40  97  
  70 -73  64  
  91  13  76  
 -51 100  41  
  61  89  51  
 -55  62  86  
 -67  41  90  
  94  28  68  
  93 -74  14  
  -6  84  85  
 -91 -62  46  
  90  50  61  
  99 -43  51  
  23 -80  86  
  63 -99  22  
 -54  84  66  
 -41 -97  56  
   0 -98  68  
  17  69  96  
  99 -51  44  
  -2  93  75  
  -7  99  67  
 -87 -82   6  
  38 -79  81  
   8  89  79  
 -64 -20  99  
 -78  47  77  
  99 -16  65  
 -74  23  91  
 -65 -97  25  
 -54  40  99  
 -50  56  93  
 -85  62  57  
 -83 -73  46  
  70 -88  41  
  68  72  67  
 -88  78  21  
 -90 -56  55  
   1  92  76  
 -84 -61  59  
 -90  76  20  
  73 -66  68  
 -37  90  69  
 -70  94  23  
  82 -21  84  
  58  86  59  
  34 -95  64  
 -44 -50  99  
  67  -1  99  
  97  61  34  
  34 -64  95  
 -59  37  97  
  95 -72   5  
  96  71   5  
  31  72  90  
  67 -88  45  
  54 -93  52  
  93 -47  59  
 -69  32  92  
 -82 -83  25  
 -76  71  59  
 -48 -92  59  
  90  78  12  
  80 -85  25  
  84 -85   3  
  52  81  71  
  34 -83  79  
  54 -74  77  
  11 -72  95  
 -97  -5  70  
 -58  67  80  
 -65 -53  85  
 -52  56  92  
 -98  13  67  
  92 -59  48  
  78  16  89  
 -68 -86  47  
  96 -43  57  
  95  69  23  
 -65 -72  70  
  99  44  50  
  98  59  35  
 -70 -44  86  
  76  35  85  
  63 -83  59  
 -93  10  74  
 -96  52  49  
 -68  24  95  
  79  87  23  
 -38  95  62  
  74  91  22  
  98 -13  67  
 -83 -40  76  
  91  41  66  
  70 -43  87  
 -58  56  88  
  72  84  45  
  88 -81   4  
 -52 -86  65  
  80 -23  86  
 -80  18  87  
  55  71  79  
  49  46  99  
  43 -58  95  
  44  96  56  
   1 -88  81  
  57  62  85  
  70   2  97  
 -30  89  74  
 -20  70  95  
 -76  84  38  
 -10 -65 100  
 -22 -65  98  
 -69 -64  74  
 -45  64  90  
  58  77  71  
  68  98   2  
 -88  11  80  
 -93  72  20  
  46  54  96  
  -9  98  68  
  38 -97  59  
 -68  95  24  
  39  72  87  
  27  64  97  
 -52 -79  73  
 -46  94  58  
 -97 -68  14  
 -77 -54  74  
  65  93  38  
  82  34  80  
 -100  60  26  
  78  76  49  
 -77 -10  91  
  56 -50  93  
  75 -67  65  
  80  88  14  
  67  19  97  
   2 -88  81  
 -84  73  44  
 -75 -36  86  
  88  72  36  
  99 -66   9  
  88 -54  60  
 -12 -79  89  
  63  98  26  
  65  16  99  
 -85  72  43  
  60  80  65  
 -81 -82  31  
  25 -82  83  
  67 -96  24  
 -86  56  61  
  45  67  88  
  94  -1  74  
 -93 -36  66  
  39  82  78  
  70  55  80  
  55  98  40  
  33  92  69  
   1  98  68  
 -79 -68  58  
  66 -40  91  
  80 -19  87  
  89 -77  22  
  10  80  88  
 -100  12  64  
  98  47  50  
 -88  71  38  
 -22  81  85  
 -81 -88   3  
  99  60  30  
  99 -48  46  
  74  55  76  
 -46  51  98  
  92  20  74  
  13 -91  76  
   9  89  79  
  76 -68  62  
 -59 -38  97  
  65  85  53  
  99  51  44  
  73 -94   9  
  96 -37  61  
 -53  89  60  
  78 -18  89  
 -99 -49  45  
 -43  90  66  
  95 -20  70  
  98  65  21  
  78 -90   7  
 -85 -23  81  
 -70  97   2  
   3 -94  74  
 -26  91  73  
  98  65  22  
 -39 -68  90  
 -60 -68  78  
  29  99  60  
  99  66   8  
  21  86  80  
  39 -94  63  
 -79  87  22  
 -50  99  45  
  77 -79  46  
 -60 -64  81  
  70 -97   2  
 -25  65  97  
 -79  62  65  
 -92  58  49  
 -95 -26  68  
 -42 -61  94  
  49 -53  95  
 -84  82  23  
 -58  83  63  
 -78  72  55  
  86   3  83  
  71 -59  76  
 -36 -75  86  
  40 -65  92  
  95 -58  43  
  36  79  82  
 -36 -55 100  
 -71  88  39  
 -98 -58  36  
 -72 -10  95  
 -59  42  95  
 -91 -11  77  
  86  75  35  
  89  30  74  
  51 -44  99  
 -62  57  85  
 -26  83  82  
 -54 -83  67  
  97  19  67  
 -72 -69  66  
 -65 -99  17  
 -46 -94  58  
  81  52  71  
  68 -16  97  
 -93 -73  16  
  93  19  73  
  56  73  76  
 -23  95  69  
  76 -23  89  
  73 -86  40  
 -83  71  49  
  60 -85  59  
  14 -96  70  
 -72 -26  92  
  99 -22  63  
  55 -98  40  
   0  68  98  
  80 -80  39  
 -55  84  65  
  98 -33  60  
   3  99  67  
 -96 -59  40  
  13 -92  75  
