   6  40  69  
  78  17   7  
  52  22  57  
 -71  34  13  
  54   5  59  
  69  38  14  
  73  26  20  
  -2  80   3  
  64 -47   8  
  48  10  63  
  -3   5  80  
  74 -27  14  
  -3  68  42  
  75  -3  28  
  13  79   1  
 -14  61  50  
 -74  27  13  
  73 -14  30  
  69 -24  33  
  45  -2  66  
  63 -18  46  
  -4 -76  25  
  23  65  41  
  61  49  17  
  23 -67  37  
   4 -33  73  
 -19 -43  65  
 -54 -34  48  
 -32 -68  28  
  29  65  36  
  24 -66  38  
 -52 -54  28  
 -61 -49  17  
 -78 -15   9  
 -60 -41  33  
 -51  51  35  
  10 -54  58  
  59  14  52  
 -56  57   4  
  26 -43  62  
 -16  76  19  
 -63 -47  16  
 -50  -7  62  
 -70  38   6  
 -14 -11  78  
  37  71   2  
 -25 -76   4  
  37  59  39  
  17 -30  72  
  43  65  19  
  51  32  53  
 -41 -49  48  
   5 -77  22  
 -48   6  64  
 -11  22  76  
 -73  23  24  
   5  18  78  
  40  64  27  
  58 -45  32  
  48  43  47  
   2  -2  80  
  14 -69  38  
 -79  -2  13  
 -56 -51  26  
 -65 -12  45  
 -16  20  76  
  78  15   9  
 -27 -75   8  
  34 -36  63  
 -56  18  54  
 -50  -6  62  
   1  59  54  
  12 -73  31  
  66 -12  44  
  56 -46  34  
 -66 -37  26  
  71  36   7  
 -79   6  10  
  30  74   8  
  63 -47  16  
  46  34  56  
  73 -27  19  
 -76  25   3  
  15  20  76  
 -63  48  11  
 -13  79   3  
  43 -54  40  
 -58 -55   6  
 -60 -52  10  
  20  29  72  
  71  23  29  
  14 -27  74  
  16 -78  10  
  -5  25  76  
 -78  15   8  
 -39  25  65  
 -15 -74  27  
  48  60  22  
  17  37  69  
 -27 -65  38  
  30  30  68  
 -66  16  42  
 -73 -29  15  
  79  -4  11  
  34 -70  18  
  64 -38  30  
 -49  -4  63  
 -29 -74   7  
  37  65  29  
   0  11  79  
 -72 -24  25  
  31  16  72  
 -78  -5  16  
  72   0  35  
  13  70  36  
 -24 -33  69  
 -38  46  53  
  78 -17   2  
 -40  61  33  
   6  62  50  
  30  -5  74  
 -63  18  46  
  35  72   3  
  77 -15  16  
  67  34  28  
  79  13   3  
 -50  62   7  
 -44  65  15  
  70  34  19  
  -5 -57  56  
  57 -56   3  
 -22 -17  75  
 -23   9  76  
 -65 -21  42  
  66 -45   3  
  70  30  24  
 -67  39  20  
 -27 -70  28  
  26 -56  51  
 -17  37  69  
  60 -50  18  
 -77  16  14  
 -74  30   2  
  46 -65   8  
  24  63  43  
  48 -50  40  
 -41 -28  63  
 -24  46  61  
 -66  43  15  
  58 -14  53  
  29  11  74  
   0  80   6  
  -2 -21  77  
  41 -49  48  
  77  22   1  
  48  -6  64  
 -26 -33  68  
 -33  37  63  
 -37  71   4  
  20  70  33  
  14 -72  32  
 -45   1  66  
 -24   4  76  
  70  31  24  
 -72 -21  28  
  26  65  39  
 -44  19  64  
 -79  -5  10  
  67 -15  41  
 -71  31  20  
 -12 -77  18  
 -32  66  32  
  71 -14  34  
  -5  37  71  
   2 -69  40  
  26  56  51  
 -69  36  18  
 -59 -10  53  
  -5 -53  60  
  46  65   8  
 -55  53  23  
 -64  15  46  
 -65 -19  43  
 -64  -1  48  
  37 -31  64  
  37  39  59  
 -36 -10  71  
 -49  23  59  
 -57   2  56  
 -73  15  29  
 -45 -66   7  
  59  51  17  
 -53  15  58  
  -2  79  12  
 -13 -79   3  
  70   1  39  
  10  56  56  
 -15  19  76  
  17 -61  49  
  28  53  53  
 -10  61  51  
   5  36  71  
 -24  58  50  
 -22  38  67  
  78   6  16  
  54 -51  30  
   5 -60  53  
  26 -15  74  
  12  79   2  
 -54  49  33  
  -9  24  76  
 -45 -66   6  
   1 -74  31  
  52  56  23  
  35  69  20  
 -40  52  46  
  19  66  41  
  45  63  21  
  50 -60  18  
  24  72  26  
 -60 -26  46  
 -20 -77   9  
 -49  60  20  
 -42 -57  37  
  -1  64  48  
 -31 -59  44  
 -64 -23  42  
  11 -79   2  
 -51  10  61  
 -79 -10   6  
  66 -36  28  
 -30 -45  59  
  48 -42  48  
  49 -34  53  
 -71  33  17  
 -40  -6  69  
   5 -67  43  
 -44  50  44  
 -18 -62  47  
  73   2  33  
  -3 -55  58  
  35  58  43  
 -66 -17  42  
  -2  77  22  
  21  68  36  
 -32  25  69  
 -72 -28  21  
  35  28  66  
 -30 -66  34  
 -38 -53  46  
  12 -78  12  
 -75  -9  26  
   3  21  77  
 -13  60  51  
  17   4  78  
  47 -62  19  
 -25 -18  74  
 -36  67  25  
 -54  54  23  
 -22  59  49  
  21 -18  75  
 -41 -66  20  
 -42 -68   2  
 -65 -27  38  
 -55  57  11  
   3   0  80  
  56 -57   6  
  73  18  27  
   6 -77  20  
  48 -64   3  
  12 -79   6  
  14  17  77  
 -76  11  23  
 -44  54  39  
 -78  10  15  
  54  28  52  
   4 -80   4  
  53 -31  51  
  37  34  62  
 -59  28  46  
  66  10  44  
 -66 -42  16  
 -42 -56  39  
  -1  57  56  
 -70  10  37  
  80  -1   1  
 -69  38  15  
  80  -4   3  
  -7 -72  34  
  18  50  60  
 -64   6  48  
 -42 -68   6  
 -58 -51  21  
  77   6  20  
  53  60   3  
 -72  29  20  
  18 -74  24  
  63 -10  48  
  44  44  50  
  59   3  54  
