  25  31  67  
 -74 -14  21  
  25  20  71  
  14 -16  75  
  25  69  26  
  32 -40  59  
  53   6  57  
 -19 -35  67  
 -70 -34   1  
  -7  64  44  
  37 -57  38  
 -17 -34  68  
   9  73  26  
 -23  54  51  
  17  76   1  
   1 -74  25  
  58  48  21  
 -37  61  31  
 -25  58  46  
  19  73  20  
  -8  27  73  
  14  11  76  
   0  57  53  
  63  44  12  
  66  -9  41  
  67 -10  39  
  63 -29  36  
  41  39  54  
  31 -19  69  
  40  65  16  
  40 -10  66  
  -5 -78   2  
  -1  28  73  
  28   2  73  
 -52  45  37  
  32  69  18  
  -2 -77  13  
 -15 -40  65  
 -36 -47  51  
 -75 -14  15  
  65  21  38  
  73  27   0  
  10  73  26  
 -41  -3  66  
  35 -53  45  
 -12  56  53  
  58  51  10  
 -70  -3  34  
  77 -13   2  
 -22  11  74  
  -7 -20  75  
  52  30  50  
  70 -28  20  
  21  66  36  
   9  77   6  
  26  48  56  
 -43 -51  40  
  31  66  28  
 -40  66  12  
  60  21  45  
 -78  -2   2  
  27  71  17  
  -2 -71  32  
  76  18   4  
  76 -17   5  
  46  32  54  
 -13 -68  36  
 -37  68  11  
  20 -74  14  
 -31 -50  51  
  68 -26  28  
  67  39   7  
  12  36  68  
 -25 -43  60  
 -25 -73  13  
 -38  60  32  
  67  18  36  
 -72  22  21  
 -54 -41  39  
 -28 -73   3  
 -65 -18  39  
 -34 -33  62  
 -67 -27  29  
  64 -44   7  
  39  10  67  
 -36  39  57  
  73   3  27  
 -17 -71  28  
 -51 -57  15  
  11  57  52  
  70 -23  26  
  34  -4  70  
  50  43  42  
  16  26  72  
 -12 -63  44  
  34  -8  70  
  39  51  44  
 -38  -2  68  
 -61  20  44  
  31  54  47  
  78   1   6  
  30 -20  69  
 -58  -5  52  
  -6 -76  17  
  -1  59  51  
  70 -33  10  
  50 -56  21  
  55 -17  53  
  39  25  63  
 -15 -57  51  
  22  53  53  
  71  11  31  
 -42 -65   9  
  32  14  70  
  41  37  55  
  72  17  25  
  62  45  14  
 -25 -12  73  
  19  52  55  
  49  13  59  
 -43  55  35  
 -40 -55  38  
 -55  55   3  
  51  52  28  
  -6 -63  46  
  44  -8  64  
  59   0  51  
 -43 -11  64  
 -22 -56  50  
   5 -32  71  
  30 -23  68  
  47  50  37  
  19  59  47  
  74   5  24  
 -26 -72  16  
  39  67   8  
 -61 -13  47  
  48  57  23  
   1  53  57  
  42  59  29  
 -46  46  43  
  46  29  56  
  43 -57  31  
  -1  58  52  
  -2  67  40  
  64 -30  33  
  53 -31  48  
  -6  72  30  
  66  33  25  
  43  30  58  
  18  76   3  
   8 -77  10  
  48  14  60  
 -77   7   9  
  30 -17  70  
 -56  53  11  
  26  -7  73  
   9 -63  45  
 -14 -33  69  
  67  31  25  
 -25  74   3  
  30  61  38  
 -27  -7  73  
  31  63  34  
   3  72  30  
  23 -56  49  
 -37  16  67  
  53  54  19  
  50  21  56  
   2  47  62  
  17  75  14  
 -61 -30  38  
  45  63  10  
  18  -4  76  
 -48  55  27  
 -36  26  64  
  59  48  18  
  41 -24  62  
 -29 -72   9  
 -47 -54  31  
  49  57  21  
  20 -40  64  
 -33 -60  37  
 -74  21  12  
 -28 -31  66  
  40 -64  20  
 -54  36  43  
  64 -25  37  
  29 -32  65  
 -23  68  31  
  38  26  63  
 -57  52  13  
 -44  -6  64  
 -14  76  10  
  58 -26  45  
  57   7  53  
  51   2  59  
 -35 -53  45  
  55 -12  54  
  14 -75  17  
 -74  -2  25  
 -40  65  15  
 -68  32  20  
 -33 -66  26  
  -2 -67  40  
 -25 -40  62  
  40  32  59  
  -3  77  12  
 -12 -69  34  
  34 -49  50  
  62  28  38  
 -29  57  45  
 -73  19  20  
 -76  17   2  
 -53  31  48  
   4 -63  46  
 -61  36  33  
  73 -21  18  
  49  33  51  
  40 -58  33  
 -44  47  44  
  31 -16  70  
  57  50  19  
  67 -36  18  
  -6   1  78  
  66  35  23  
  68 -11  37  
 -58   7  52  
 -40 -65  17  
   5 -20  75  
 -36 -39  57  
  29   6  72  
 -70   8  34  
  43  65   3  
   1   0  78  
 -64  40  20  
  32 -29  65  
   4  76  18  
   9 -50  59  
 -51   0  59  
 -70   0  34  
  51  24  54  
 -65  36  23  
 -30  -2  72  
  -1 -43  65  
 -54  42  37  
 -76  -3  18  
 -50 -48  36  
   1  74  24  
  36  68  12  
  30  -3  72  
  18 -27  71  
 -11 -71  31  
 -43 -40  51  
  73  26   7  
 -31 -19  69  
   3 -68  38  
 -60  -8  49  
  52 -58   5  
  77   4  11  
  63  10  45  
 -47   6  62  
  55  49  26  
  30 -44  57  
 -44   9  64  
   0  55  55  
 -29  -7  72  
  21  75   5  
 -20  69  30  
  56 -25  48  
  59 -13  49  
 -43   6  65  
  31  28  66  
  38  47  49  
 -76  13  12  
 -77   6  10  
  15 -52  56  
 -21  74  12  
  48 -58  21  
  68  30  23  
  50 -24  55  
  33   9  70  
   2 -77  11  
  44  49  42  
  69  25  26  
  19 -37  66  
  -4  40  67  
 -73  27   3  
  47  59  20  
 -17  25  72  
  13 -39  66  
  58 -48  21  
  -3  25  74  
 -58  31  42  
 -41 -66   3  
 -78  -4   2  
  47   3  62  
 -20 -49  57  
   9  75  20  
 -15  66  39  
