 -81  83  40  
 -96 -11  75  
 -94 -75  24  
 -78  41  85  
  83 -87  23  
 -95  16  76  
 -26 -79  90  
  55  66  87  
  84 -53  72  
  31 -92  75  
  11 -98  73  
  88 -35  78  
  99 -68  25  
 -59 -44  98  
 -47  93  64  
 -80  78  50  
  95 -77   0  
  89 -13  83  
  57 -98  46  
 -93 -70  38  
  67  64  80  
 -78  89  32  
 -30  74  93  
  99 -23  68  
  80  93   1  
 -39 -82  82  
 -36  67  96  
 -59 -66  85  
  75  75  61  
  -6 -99  72  
  68 -96  35  
 -99 -62  37  
  78  70  63  
  62 -91  54  
  68  94  40  
  19 -96  74  
 -88  44  73  
 -21 -87  84  
  71  97  24  
 -99  72   3  
 -96  74  17  
 -97  37  65  
  22 -96  73  
  70 -99  19  
 -91   0  82  
 -96  68  35  
  33 -75  91  
  74  32  92  
 -75   0  97  
 -13  74  97  
 -93 -73  32  
  30 -91  76  
  56 -45  99  
 -23 -94  75  
  75 -97   2  
  38 -88  76  
 -83  87  24  
  96 -44  62  
   8  76  96  
 -89 -79  29  
 -44 -99  57  
 -86 -67  56  
 -68  71  73  
 -61  78  72  
 -74  50  84  
 -91  57  59  
 -92 -77  24  
  86  66  57  
 -36  89  76  
 -87  81  29  
 -76 -50  82  
  64 -86  59  
  75  96  13  
 -89  84   7  
 -18 -89  82  
 -11 -79  93  
 -85 -87  16  
  81  12  91  
 -42  95  65  
  89  83  13  
 -72   1  99  
 -50  52  99  
  35  88  78  
 -47  84  76  
  88   6  85  
 -93  77  21  
  94  27  74  
  82  78  47  
 -56  98  47  
 -86 -33  81  
  88  27  81  
 -71 -51  86  
  17  97  73  
  39  85  79  
  33  90  76  
 -36 -97  66  
  97  50  56  
  56 -79  75  
  73 -80  57  
  29 -79  89  
  76  89  37  
  91 -17  80  
  87 -86   1  
 -20 -90  81  
 -95  60  49  
  80  42  83  
  40 -91  72  
  35  69  95  
  13 -83  89  
  36  87  78  
 -26 -88  81  
  85  28  84  
 -71 -76  65  
 -97  75   3  
  96 -76   5  
  78 -47  82  
  94  15  77  
  69 -76  67  
  82  91   7  
 -75 -87  42  
  50  70  87  
  -6 -95  77  
 -11  81  91  
  63  45  95  
  37 -85  80  
 -92 -81   2  
   2 -71 100  
  68 -82  60  
  99 -72   7  
  83  16  89  
  53 -99  49  
  77  86  41  
 -77  95   8  
 -65  57  87  
 -16 -74  96  
 -15  77  94  
 -63 -95  45  
 -65  60  85  
  -9  94  78  
 -63  47  94  
  50 -90  66  
  77 -95   5  
  99 -72   1  
 -72  87  48  
  94 -30  73  
  97  74  10  
 -81  53  75  
  92 -76  27  
 -67  74  71  
  59  73  79  
 -95  54  55  
  23  75  94  
  61  62  86  
  68 -78  66  
 -34 -65  98  
 -91 -81  13  
  87 -86   3  
 -59  68  83  
  69  66  77  
  99  63  35  
  66  97  35  
 -72  93  35  
  77  -7  95  
  47  98  56  
  56  99  46  
 -60  68  82  
 -31 -98  67  
 -76 -36  89  
  -1  90  83  
  76 -95  16  
  88 -84  16  
  79  40  85  
  73   9  98  
  13 -91  81  
 -96  48  59  
 -98  45  58  
  -6 -96  76  
  81 -42  82  
 -38  92  71  
  69  62  80  
 -49 -92  64  
  72  20  97  
  86  55  68  
  98  15  72  
  58 -60  90  
  35 -69  95  
 -89  80  25  
  98 -32  66  
  71 -65  76  
  75 -96  12  
  43 -71  90  
 -48  81  78  
 -96  21  73  
  18 -87  84  
  14  84  88  
  89  84   3  
 -95 -38  67  
  56 -83  71  
  94 -78  11  
  12  93  79  
 -100   5  71  
  29 -69  97  
  77  84  45  
 -96  39  65  
 -75  55  80  
 -18  91  80  
 -61  53  92  
 -19 -97  72  
   6  99  72  
 -66 -61  83  
 -90   1  83  
 -100  33  63  
  46 -93  65  
 -35  72  93  
 -53 -89  65  
 -97  49  56  
 -77  93  21  
  93  76  23  
 -89  84   5  
  77 -55  78  
 -26 -90  79  
 -58 -81  71  
 -75 -19  95  
 -58  84  68  
 -55 -86  68  
 -20 -100  68  
 -53  80  76  
 -43 -76  86  
 -68  23  99  
  -2  77  95  
  88  72  45  
  35 -80  86  
  63  53  91  
 -93  -3  80  
 -41  96  64  
  78  52  79  
 -66 -89  52  
  85 -84  26  
 -66 -95  40  
 -77 -25  92  
 -84 -64  62  
 -79  41  84  
  81 -69  61  
 -40  73  90  
 -47  94  63  
  68 -73  71  
 -72 -62  77  
  16 -97  73  
 -33 -84  83  
  73  93  32  
 -74  19  96  
  71  95  30  
 -72 -98  14  
  42  72  90  
 -45  95  63  
  62  80  69  
  -2 -88  85  
  85 -88   8  
 -96 -67  36  
  56  95  53  
 -73  48  86  
  67 -95  38  
  88  82  22  
  88  -5  85  
  87  42  75  
  75  14  96  
 -86  85  19  
  74  97  13  
 -78  76  56  
  38 -63  98  
 -88  -5  85  
 -73  18  97  
  93 -58  55  
 -38 -96  66  
 -11  92  80  
 -31  79  88  
 -94 -38  69  
 -70 -96  29  
 -99  -6  72  
  64 -93  48  
  86 -61  62  
 -90   2  83  
   9  97  74  
  90   7  83  
 -52  82  75  
  67  70  75  
  51 -60  94  
  26  98  69  
  75 -89  39  
  67 -57  85  
  -3 -97  75  
 -89 -73  42  
  73 -96  22  
  67  86  56  
 -69  61  81  
 -59  99  42  
 -40  89  74  
 -64 -49  92  
  43  80  82  
 -28  77  91  
