  84 -58   8  
 -26 -72  68  
  -4  41  94  
  22  84  54  
 -79  65   2  
 -68 -16  75  
 -61  76  32  
 -89  16  48  
   5  79  65  
 -45 -91  14  
  17 -79  63  
 -98 -17  25  
  54  83  27  
 -39  26  91  
  78 -62  24  
 -76 -61  31  
 -22   0 100  
 -92   8  45  
 -26  -8  99  
 -68  -2  77  
   3  45  92  
  21  -100   4  
  65  19  77  
 -81  -4  63  
  88  47  23  
   3 -52  88  
  71  48  56  
 -60 -78  28  
 -15  61  81  
  -4  87  54  
 -90   3  49  
  30 -77  61  
  89  42  28  
   9 -99  25  
  31 -40  89  
 -69 -11  75  
 -95 -31  23  
   7 -42  93  
  33  52  82  
  20  83  57  
 -90 -47  15  
 -99  19  18  
  81 -11  62  
  -8 -94  40  
  85 -24  52  
  84  46  37  
 -44 -54  75  
  50 -87  20  
  83  58  17  
 -42  93  11  
  61  81  14  
  68  77   1  
  24 -89  45  
  40 -85  41  
  60  72  42  
  75 -66  23  
 -46 -91  11  
 -93  41  15  
  91  30  37  
   8 -79  65  
  82 -58  21  
 -72  68  26  
  -8  20 100  
 -62 -79  20  
  97 -33   0  
 -50  88  17  
  52 -14  87  
  99  11  24  
 -19 -75  67  
  59 -66  52  
 -28  65  74  
 -60  68  48  
  54 -50  71  
  98  29   9  
   3 -86  56  
  76 -68  10  
  58 -39  75  
 -14 -64  79  
 -14 -93  41  
  74 -70  11  
  95  15  35  
 -76  52  45  
  18 -87  51  
 -27  76  63  
  61  45  69  
  93  39  18  
 -12  74  70  
 -73   5  72  
 -59  70  46  
  53  78  40  
 -61  15  81  
 -83 -53  29  
   1 -89  51  
 -70  58  47  
  86  44  35  
 -94  41   4  
  51  46  76  
  63  70  40  
 -18  13 100  
 -93 -37  22  
 -93  39  19  
 -71  37  64  
  75 -22  66  
  69 -21  73  
  71 -71  21  
 -79 -62  21  
  40  59  74  
 -50 -17  88  
 -12  81  62  
 -75 -11  69  
 -28 -55  82  
  73 -37  62  
 -92  45   2  
  59  64  54  
 -18 -56  84  
  38  75  59  
 -37  65  70  
 -16 -74  69  
 -73 -24  68  
  -2 100  22  
 -64  25  76  
 -85  21  53  
   0  84  59  
 -35 -34  90  
 -36 -94  19  
 -92  26  37  
  68  33  69  
  38  80  52  
 -20 -94  35  
  -3  84  59  
   2  -100  23  
 -86  56   1  
  23 -47  88  
 -16 -58  83  
 -37  93  21  
  43  59  72  
  99 -12  23  
 -36 -83  48  
  89  50   7  
   3 -85  57  
 -97  30  15  
  63 -21  78  
  70  26  70  
 -18 -28  97  
 -92  14  43  
  34  46  85  
 -42  69  63  
 -17  93  40  
 -24 -89  45  
  41 -57  75  
  84  56  18  
  68 -45  62  
 -79  38  53  
   8  78  66  
  93  19  39  
  19  28  97  
 -11  51  88  
  86  14  54  
 -42 -72  60  
  99 -20  16  
  33 -52  82  
  47  -8  91  
 -93 -41  12  
  52 -28  84  
  56  76  40  
 -95  20  33  
  39  69  65  
 -25  10  99  
 -33  -6  97  
  48 -60  68  
 -97 -27  20  
 -35 -96   7  
   6  89  50  
  79  17  63  
 -37  57  77  
  25  33  94  
 -32  95  22  
 -63  80  12  
 -30  25  95  
 -61  49  66  
 -70  32  68  
  86  38  41  
  17  20  99  
 -21  69  73  
 -30 -74  64  
  47 -37  83  
  88 -44  29  
  89  42  29  
  83 -57  20  
   8 -40  94  
 -68 -69  34  
 -61 -29  77  
  17  58  83  
 -96 -21  29  
 -45 -56  73  
   8 -26  99  
 -58  35  77  
  85 -44  37  
  17 -93  39  
  67 -71  32  
   6  83  60  
 -12  68  76  
  70 -66  35  
 -41 -72  60  
  97  30  15  
 -23 -20  98  
 -95 -35  15  
  60  23  80  
  70 -55  51  
  93 -43   0  
  97  27  20  
 -25 -90  42  
  52  88   7  
  88 -42  32  
  21  46  89  
  68 -16  75  
  60  76  34  
 -31 -42  88  
  95 -15  36  
 -17 -68  75  
  41  70  63  
 -69 -36  67  
  96 -27  23  
  73 -45  56  
  55  -8  86  
  96  34  11  
  51 -29  84  
  51 -63  63  
  13  60  82  
  43 -42  83  
 -35  47  84  
 -46  -8  91  
  24  61  79  
  54  41  77  
  23 -15  99  
  66 -25  74  
 -24  70  71  
  88  21  48  
  69  73  20  
  45 -91  15  
  67 -27  73  
  26 -99   5  
  56 -28  81  
 -55 -62  60  
 -45 -88  27  
 100  20  11  
 -62  16  80  
 -93  29  32  
  47   1  91  
 -54  29  82  
  72  56  47  
  72  61  40  
  57  34  78  
  47  -4  91  
 -96  30  21  
  75 -67  20  
 -42 -21  91  
 -40  89  32  
 -77 -50  46  
  13 -47  90  
 -30 -98   1  
  12  60  82  
 -84 -46  36  
 -29 -90  39  
 -73  56  45  
 -100  12  18  
  36   3  96  
 -73  50  52  
  43  61  70  
  45  33  86  
 -20 -45  90  
 -15 -95  35  
 -79 -13  64  
  77  30  61  
   8 -82  61  
  65   8  79  
  66 -61  49  
 -26 -14  98  
 -36  -4  96  
 -41  89  30  
  87  44  32  
 -50 -76  47  
  19 -43  91  
  81 -62  12  
 -80 -16  62  
  46   8  91  
 -46 -73  55  
  -5 -51  89  
  43 -30  88  
  62 -80  17  
 -36 -68  68  
  92  25  37  
 -61  72  40  
 -56  86   5  
  21  10 100  
 -91 -37  29  
 -70  72  21  
  25  46  88  
  34 -95  17  
 -32 -44  87  
