  17  13  16  
 -26  -5   1  
  12  -9  22  
  11 -12  21  
 -11  23   8  
 -25   2   9  
  13 -16  17  
   6 -25   7  
  17  11  17  
 -16  -6  20  
 -23 -11   7  
  -7  23  11  
   9  25   3  
 -12   5  23  
  -8  10  23  
 -15  21   7  
  13  23   2  
   5  23  12  
  16   0  21  
   1  -8  25  
 -25  -5   8  
  -6 -25   7  
 -13   0  23  
  26  -4   1  
  25   1   8  
 -25  -7   6  
  -8 -18  18  
  -3   5  26  
 -19   8  17  
  -4  24  11  
   2  23  13  
  21 -16   2  
  24 -11   0  
 -22  -2  15  
 -21  10  13  
  -8 -25   4  
 -18   7  18  
   4  -3  26  
  17  20   2  
  -9  10  23  
 -22  -9  12  
  15  12  18  
  13  -7  22  
 -16   1  21  
  25   9   2  
 -15 -11  19  
  -4 -13  23  
  -9   3  25  
  -4  -8  25  
  -3  13  23  
 -15  22   2  
 -12  23   6  
  -9  15  20  
   9 -23   9  
  25   9   1  
 -20 -16   6  
  26   5   1  
  23 -11   8  
   9  22  12  
  16  13  17  
 -24 -10   6  
 -19 -18   4  
   5 -22  14  
 -23 -10   9  
  11 -13  20  
  -5  20  17  
  -9  16  19  
  25   8   5  
   8  25   3  
 -25  -9   2  
 -10 -18  17  
 -26  -2   4  
  13  20  11  
 -11   3  24  
 -23  -8  11  
  -1  24  11  
  -3  -5  26  
   9   6  24  
  20 -17   5  
  23 -12   6  
  15 -21   6  
  11   8  23  
 -24  -1  11  
 -15  22   1  
  25   6   7  
   5 -26   3  
  25  -3   9  
 -18  19   3  
  -1 -17  20  
  -5 -26   2  
 -18  11  16  
  13  17  16  
 -13  21  10  
  11  -7  23  
 -13 -23   4  
   4  -7  25  
  18  11  16  
   6 -21  15  
 -11  24   4  
  21  15   6  
 -21  13  10  
  -2 -25   9  
  -6  23  12  
   8   8  24  
 -19   3  18  
  23   1  13  
   2  22  15  
  22   0  15  
  -5  19  18  
  16  -3  21  
   3  25   8  
   5 -12  23  
  -8 -23  11  
 -20  10  14  
 -13   2  23  
  19  -4  18  
  16 -20   7  
 -23  13   1  
   9 -13  21  
  17  20   3  
 -25   4   7  
 -15 -21   7  
  21  -3  16  
  -4 -25   8  
  25   8   2  
   7  20  16  
   7  16  20  
 -18 -12  15  
   5  26   3  
  -3 -23  13  
 -20   6  16  
  24   9   6  
   9  20  15  
   6  24   9  
  26  -4   0  
  11 -17  17  
  19 -17   8  
 -15 -21   5  
 -25   4   8  
 -21  -3  16  
 -13  17  16  
  -7 -25   6  
 -25  -8   1  
 -18  10  17  
 -24  -4  11  
  -5 -25   7  
 -22   8  12  
   6 -23  12  
  -1  -8  25  
   4 -14  22  
 -16  17  13  
 -11  -2  24  
  16  19   9  
 -10 -14  20  
  -5   2  26  
  10 -17  18  
 -18  -5  19  
  21  10  13  
  11 -23   8  
  13  10  21  
   7  25   6  
   9  23  10  
 -20  17   5  
   1  11  24  
   8  11  23  
  16  -2  21  
 -20  14  10  
  20  11  13  
  24  -9   7  
  -2  -5  26  
  25  -7   5  
 -10 -22  11  
   2  15  22  
   5  25   8  
  -4  26   3  
  13  11  20  
 -11 -23   7  
  -4   3  26  
  21  16   1  
   7  19  17  
  -6 -21  15  
 -13  22   7  
  -6  25   6  
  24  -5  10  
  -7   9  24  
   9  -9  23  
 -15  17  14  
  -3  -4  26  
 -26  -4   1  
 -14  -5  22  
 -20 -17   3  
  17  -5  20  
  26  -5   2  
  -9  -7  24  
  17 -20   5  
  15  22   2  
 -15  21   5  
  21  16   2  
  17   8  19  
  -9  25   3  
  10   4  24  
  -8 -24   8  
 -17 -20   2  
  13   7  22  
  16  20   7  
   1  17  20  
  17   5  20  
 -22  -7  13  
  21  13   9  
 -16  16  14  
  26  -4   4  
 -23   3  13  
 -17   8  19  
  12 -18  15  
   2  26   5  
 -11 -19  15  
  -2  25   9  
   0  -9  25  
 -16  13  17  
 -11   1  24  
  -3 -25   9  
   9   0  25  
 -21   2  16  
 -20  16   6  
   8  19  17  
 -10  -6  24  
 -20   9  15  
  15  -6  21  
  -3  23  13  
  -1  20  17  
   0 -22  15  
  -6   9  24  
   3  13  23  
  -3  19  18  
  -1   8  25  
   5  26   2  
   8   3  25  
   4  25   7  
 -25  -5   7  
  16 -18  11  
  -3 -21  16  
  10 -20  14  
  11  -1  24  
  24 -11   4  
  -2 -23  13  
  24   2  11  
   8  22  12  
   8  25   1  
   1 -20  17  
  20   4  17  
  -6   1  26  
   8 -23  11  
 -21  -8  14  
 -15  16  15  
  22  -9  12  
   3 -18  19  
  -6  20  16  
  11 -24   0  
  25   9   3  
  -8 -25   2  
   1  20  17  
   1  16  21  
  17  -7  19  
  16 -17  13  
  -9  25   1  
   4 -17  20  
 -16   7  20  
  10 -18  17  
   1 -25   8  
  20   3  17  
 -15 -15  16  
  24   6  10  
   3 -25   9  
 -15 -12  18  
   6  -9  24  
 -11  18  16  
  18 -19   4  
 -21  13   9  
   0 -11  24  
   1  26   5  
  -9   9  23  
 -10   4  24  
 -20  -2  17  
 -25  -4   8  
 -10  23   8  
 -18  -4  19  
  15 -11  19  
   6   6  25  
  23  -6  12  
  16 -21   4  
 -11  10  22  
 -23  -9  10  
   1  -9  25  
  23  -5  12  
   3 -19  18  
  15   2  22  
 -22  14   5  
   3   9  25  
 -20   1  17  
  25  -7   4  
