 -50  75   4  
  -3 -45  78  
 -65  12  61  
  83 -33   9  
 -13 -30  84  
  -2 -30  85  
  82  18  32  
  28  59  62  
 -76 -28  39  
 -51  64  37  
 -52  -8  73  
  66 -60  10  
 -66 -61   5  
 -31  -9  84  
 -54  51  51  
 -39  23  78  
  46 -59  50  
 -11  84  31  
  80 -28  30  
  81 -29  26  
  47 -70  31  
 -27   2  86  
 -44  68  39  
  49 -46  60  
 -17  37  80  
  61 -53  40  
 -87  20  11  
  11 -89   9  
 -83  33  12  
 -42  26  75  
  56 -66  25  
 -10  81  38  
  10  81  38  
   5  52  73  
  30 -80  28  
 -89  -8  12  
 -69 -33  47  
 -15 -28  84  
 -61 -18  64  
  75 -32  38  
 -66  29  54  
 -83  35   4  
   6 -68  59  
   7  36  82  
  87 -23   0  
 -17  81  35  
 -79 -25  35  
 -51 -74   3  
 -24  38  78  
  28  85  10  
 -10 -88  15  
  29 -50  69  
  65 -62   7  
 -56  46  53  
 -24 -83  25  
 -37 -81  14  
  12  89   5  
 -63  64   8  
  89  -8  10  
  56  32  63  
 -21  47  74  
  -7  17  88  
  20  86  17  
  75 -12  48  
  52 -19  71  
  71  30  46  
 -74   4  51  
  -5  -1  90  
  37 -56  60  
 -10 -33  83  
  -8  26  86  
  80   7  41  
 -30 -36  77  
 -29  73  44  
 -43  -7  79  
  14  62  64  
  -8 -84  32  
 -75  15  47  
  81  -7  39  
  79 -38  21  
 -59 -38  56  
  64  34  53  
  83 -12  33  
 -20  11  87  
  13 -45  77  
  12  15  88  
  50  70  27  
 -57  67  20  
 -50   9  74  
  89 -13   6  
  29  53  67  
  25 -70  51  
 -81 -35  17  
 -44 -43  66  
 -43  78  12  
 -74 -22  46  
  -1 -27  86  
 -79  33  27  
  62  26  60  
 -65  46  42  
  -3 -35  83  
  83   6  34  
 -30 -42  74  
  75 -47  17  
 -70 -35  44  
 -69 -44  37  
  70 -30  48  
  42 -74  29  
  11  88  16  
  26  61  61  
 -34 -82  16  
  84 -21  24  
 -50  34  67  
 -33 -65  53  
  56 -69  13  
  17 -53  71  
 -15 -29  84  
 -14 -41  79  
  20 -58  66  
 -81   9  38  
  52 -27  68  
  29 -49  70  
  66  20  58  
  80  19  37  
  53   2  73  
  88  15  11  
 -36 -81  15  
 -22   8  87  
 -52 -39  62  
 -74  35  38  
 -72 -48  25  
 -64  -3  63  
 -54 -28  66  
  -5 -87  22  
   1  88  18  
  62  -3  65  
  67 -59  13  
  81   0  39  
  24 -63  60  
 -74 -45  24  
  57 -23  66  
  -3  65  62  
  48  55  53  
  28 -85   7  
   8  74  51  
  70 -49  29  
  88   6  17  
 -76  32  36  
 -22  14  86  
  50  61  43  
 -58  51  46  
 -32 -81  23  
  29 -83  19  
 -83  -8  34  
 -56  33  62  
 -87 -18  14  
  64  23  59  
 -70  50  27  
  -6  26  86  
 -78  42  15  
  -8 -85  28  
  26 -84  20  
  38 -49  65  
  81   3  39  
  89   3  14  
   6 -90   0  
  74  34  38  
  16  68  57  
 -89 -10   9  
 -81  32  22  
 -15 -72  52  
  90   5   0  
 -58  68   9  
 -77  46   7  
 -54   0  72  
 -56  43  56  
  90   6   1  
 -81  21  33  
 -45  69  36  
  86  13  23  
  75 -40  29  
  50 -26  70  
 -84 -26  20  
 -40  -8  80  
 -55  70  13  
  19  73  49  
  73 -53   0  
 -11 -84  31  
  78  44  10  
 -66 -44  42  
  43  39  69  
 -41   4  80  
  35 -80  21  
  85  21  20  
 -38 -42  70  
 -19 -44  76  
  59 -26  63  
  59  58  36  
  38 -53  62  
  64 -62  13  
  61  17  64  
 -58  41  55  
  68  19  56  
  -4  85  30  
 -74   6  51  
  87 -22   9  
  32  55  64  
  21 -30  82  
  81   4  39  
  61 -42  51  
 -83 -30  18  
  54  62  36  
  84 -31  10  
  24  54  68  
  75  20  46  
 -80 -41   1  
  41 -22  77  
  -9  89   8  
 -83 -32  12  
 -60 -24  63  
 -52   7  73  
  30  52  67  
 -33 -25  80  
  81 -36  16  
 -21  71  51  
  80 -19  37  
 -66  60  13  
  21 -76  43  
  17  24  85  
 -65   1  62  
 -43  55  57  
 -55 -68  22  
  37 -79  23  
  38  59  56  
 -16   8  88  
 -14 -62  64  
 -11  84  30  
  70   5  56  
   2  69  58  
  57 -35  60  
  77  23  41  
  73  46  25  
   3 -88  18  
 -23 -78  39  
  75   9  49  
  29  79  32  
  61 -58  32  
  19 -32  82  
  10  -9  89  
 -47 -69  33  
 -37  46  68  
  -1  71  55  
 -35  46  69  
 -10  89   9  
  17  87  15  
  74  48  18  
  78 -26  37  
 -90  -2   2  
 -39  37  72  
 -66 -22  57  
 -87   9  21  
 -34 -83   5  
 -61 -52  41  
  86   4  27  
  66  61   4  
  23 -76  42  
 -75 -46  20  
 -25  -7  86  
  20  88   1  
  10 -60  66  
 -51  39  63  
   4 -30  85  
  84  10  30  
   2 -89  12  
  15 -84  29  
  63  56  32  
  26 -29  81  
 -40  64  49  
  85  -5  29  
  46  53  56  
  79 -40  17  
 -49  38  65  
 -65 -62   2  
 -78  28  35  
 -30  60  60  
 -42  20  77  
 -50 -75   3  
  57 -66  22  
  43  68  40  
 -60 -67   4  
  -3  90   1  
  50  67  33  
 -56 -68  18  
 -36  64  52  
 -52 -72  15  
  -4 -50  75  
  18  87  14  
  -4 -41  80  
  34 -10  83  
 -69  40  42  
