  29 -33   0  
  -1 -32  30  
 -12 -35  24  
 -18  33  23  
  18 -16  37  
  27  15  31  
  42  13   4  
  44   2   0  
  -6 -20  39  
 -35  19  19  
  -4 -34  28  
 -28 -30  16  
  -3  33  29  
 -23 -27  26  
  17  39  12  
  -9   3  43  
  -3 -40  18  
  15  -6  41  
  12 -41  10  
  31  31   0  
   8 -43   4  
 -22  27  27  
 -31 -24  20  
 -13  42   1  
  34  -2  28  
  31 -21  23  
  44  -2   2  
  35 -26   7  
 -35  24  11  
  25 -32  17  
  17  19  36  
  27 -31  15  
  32  28  12  
  24   3  37  
 -39   1  20  
  13  33  26  
  35 -20  18  
  -1  42  13  
  27  22  27  
  33  29   5  
  42  10   9  
 -26  21  29  
  27 -15  31  
  -3  40  18  
 -11 -27  33  
  20  18  35  
 -33  -8  28  
 -12   3  42  
  -7 -41  15  
 -27  31  15  
  25  36   0  
 -20 -13  37  
 -40  16   8  
  26  -5  35  
 -13 -25  34  
 -11  -8  42  
  40 -17   8  
 -41  15   5  
  37   9  22  
   1 -20  39  
 -41  13  10  
  11  41  11  
 -33 -29   1  
   6 -42  12  
  38  -8  21  
  11 -29  31  
 -19   8  39  
  -2 -43   8  
 -11  41  12  
  29 -31  11  
  12   7  42  
   9  14  41  
  41  16   4  
 -28  34   1  
  15  -4  41  
  42  -7  11  
 -21  27  28  
 -35 -23  13  
 -20 -39   1  
 -37 -23   7  
  14  37  19  
  -9 -22  37  
 -30 -19  26  
   1  -9  43  
 -35  21  16  
 -44   2   1  
  38 -17  15  
  19 -21  34  
 -40  -6  17  
  30 -28  16  
  -6  17  40  
   5  43   7  
   1 -43   9  
 -28  19  28  
  -1 -43  10  
 -35   6  26  
 -39  12  17  
  34   8  27  
 -38   4  22  
   5 -18  40  
 -32 -28  11  
  31 -22  22  
  25 -12  34  
   8  41  14  
  26  29  21  
  37 -19  14  
   9   5  43  
 -44  -2   4  
 -12  42   4  
  23   5  37  
  33 -27  10  
  25  23  28  
  18 -23  33  
  36  16  20  
   8  33  28  
 -39  -4  20  
  40   8  17  
  -4 -38  22  
  30  -4  32  
 -23  37   5  
   1 -36  25  
  -3 -32  30  
  -6  39  20  
   0 -20  39  
  -1 -36  25  
  35  25   9  
  13  18  38  
   9 -32  29  
 -25 -36   3  
 -38 -16  16  
 -32 -30   3  
 -38  19  11  
   9   3  43  
  17  36  19  
  26  24  26  
 -31   4  31  
  27  16  31  
  36  -2  25  
  44  -1   2  
 -34  18  21  
 -10  41  12  
 -20 -20  34  
  37  15  19  
  13 -34  25  
 -41 -14   9  
 -40  18   2  
  18 -37  16  
  18 -30  27  
 -13 -27  32  
  26  29  20  
 -24  31  20  
  13  39  15  
  18  -2  40  
  14  19  37  
   8 -43   2  
 -36  25   4  
  -8 -43   4  
  -8 -40  17  
  18  -9  39  
 -34  27   7  
  43   9   1  
 -30  30  12  
  36  -6  25  
  -2  -9  43  
  20  24  31  
   7  26  35  
  -4  20  39  
 -11 -19  38  
 -13 -23  35  
 -22 -25  29  
   5  22  38  
 -20   6  39  
   0 -34  28  
 -24  -7  36  
  11  32  28  
   8  40  17  
  42   6  12  
  43  -9   1  
  25  32  17  
  12   6  42  
  -9 -10  42  
  30 -16  28  
  -4  -9  43  
   0  41  16  
  39 -20   1  
  28  -3  34  
 -21 -24  30  
  -4  44   1  
 -28 -34   2  
 -16   3  41  
  38   4  22  
   1  13  42  
  -4  13  42  
  29   0  33  
  11  31  29  
  10  41  12  
  35  19  19  
  27  -2  35  
  42  -4  12  
 -21 -35  17  
  17 -34  22  
  43  -9   5  
 -16  41   1  
  23  37   6  
 -15  -7  41  
 -14  39  15  
 -11 -40  15  
  -4 -35  26  
 -23  36  10  
 -40  14  11  
  34  -4  28  
 -12 -34  25  
  21 -35  16  
  -5  32  30  
 -34   2  28  
 -27 -30  18  
   3 -22  38  
  36 -23  11  
   2   3  44  
 -37  14  19  
 -30  29  14  
  -8   4  43  
  34 -19  21  
   3 -31  31  
 -11  17  39  
 -13  42   4  
 -31  -1  31  
  16 -39  12  
 -41  -3  16  
  27 -32  13  
  23   7  37  
   8  31  30  
 -32  30   5  
 -31  12  29  
  10   1  43  
 -21  37  11  
 -44   0   3  
  -5 -41  15  
  24 -33  17  
  29   3  33  
  36  24   7  
  -9 -24  36  
  23  21  31  
  44   1   2  
  -1  31  31  
   3 -38  22  
 -43  -3   8  
  35  -1  27  
  17 -40   7  
   1   3  44  
 -25 -27  24  
  20 -25  30  
 -26  30  19  
   3  -1  44  
 -17 -33  24  
  21 -22  32  
 -43   8   6  
   2  31  31  
 -38  -5  22  
 -27 -26  23  
 -11 -28  32  
 -36  16  20  
 -37  -8  22  
 -37  -5  23  
  32  18  24  
  28  12  32  
  10   8  42  
  17  38  15  
  43  -2   8  
  -8 -42  10  
  18 -34  21  
 -18 -20  35  
   1 -27  35  
 -17  27  30  
  31  24  20  
  31  31   6  
 -25   5  36  
 -27 -28  21  
 -29 -31  11  
  25   4  36  
  13  42   2  
  21 -34  19  
  26   7  35  
   9 -14  41  
  10 -40  15  
  13 -15  39  
 -34 -19  20  
   5  26  35  
 -28 -32  11  
  25 -36   1  
  17 -36  19  
  39   9  18  
  23 -20  32  
 -25 -31  19  
 -24 -32  18  
 -30  28  16  
 -28 -11  32  
 -33 -23  18  
 -25  20  30  
  -5  22  38  
