  -5 -22  62  
  37  10  54  
 -66  -4   1  
 -16 -61  20  
  29  59   7  
 -17 -64   1  
 -22  37  50  
 -15 -16  62  
  -5 -65   9  
  33 -52  24  
  59  27  12  
  15  38  52  
  23 -34  52  
 -56 -15  32  
  34  26  50  
 -40  40  34  
  58 -17  27  
  -3 -62  23  
 -61 -22  13  
 -16 -64   3  
  11   2  65  
 -21  57  26  
   7  53  39  
 -15   3  64  
  35 -18  53  
  51  28  31  
 -18  59  24  
  -7  49  44  
  54 -26  28  
  44  45  20  
  -2 -64  17  
   6  63  18  
  -8  37  54  
 -62  10  20  
 -48  -7  45  
   0 -62  23  
 -28 -10  59  
  65 -12   1  
  57  33   5  
  62 -16  16  
 -45 -46  15  
  62  22   5  
  -1 -58  32  
 -63  -7  19  
 -66   1   2  
  25  61   0  
  41   1  52  
  35 -48  29  
  26 -34  50  
 -36  12  54  
 -31  12  57  
  25 -61   4  
 -22  29  55  
 -26 -38  47  
 -49 -29  33  
 -17   0  64  
 -40  15  50  
  -9 -64  14  
  17  24  59  
  65  11   5  
  35 -49  27  
 -55  33  16  
  15  59  25  
  -5  52  40  
  42 -24  45  
  -2 -33  57  
   8 -64  13  
 -11   2  65  
 -57  -1  33  
 -65  10   1  
 -46  22  42  
 -42  31  40  
 -31 -46  36  
 -64  -4  16  
 -38  25  48  
  33  57   0  
 -29  53  26  
  52  35  21  
 -57 -26  21  
  41 -51   7  
 -44  48  12  
 -33  40  41  
 -41  51   7  
 -59  -2  30  
   6 -61  24  
  64   6  15  
 -25  44  42  
  32 -35  46  
 -11 -61  22  
 -36  53  15  
  19   7  63  
  31  56  17  
  40 -42  32  
  45 -38  30  
   6 -58  31  
  53  21  33  
 -36  55   8  
 -11 -44  48  
 -30 -58  10  
 -35   0  56  
 -11 -13  64  
  17 -64   0  
 -61  24   8  
   1 -56  35  
 -30 -25  53  
  22  47  41  
 -42  46  22  
  48  45   0  
  13  55  34  
  40 -42  31  
   1  10  65  
 -45 -40  27  
  -2 -12  65  
  17 -57  29  
  23  57  24  
 -33 -56  11  
  39 -53   6  
 -44  38  31  
  37 -45  31  
 -12  65   1  
  51  38  17  
 -13  42  49  
  42  51   1  
  52 -35  21  
  46  20  43  
 -32 -48  32  
 -18  21  60  
  18 -63   8  
 -29 -47  36  
  28 -48  36  
  63   2  20  
 -14 -24  60  
 -47  40  24  
 -48  37  26  
  49 -40  19  
  65   4  11  
  20  31  55  
 -20 -15  61  
 -43 -22  45  
  36 -32  45  
   2  33  57  
  13  11  64  
 -20 -32  54  
  -4  66   4  
  28  60   1  
 -62  21   7  
 -26 -55  25  
 -16  27  58  
 -47 -32  34  
  23  14  60  
 -11  63  17  
 -49 -40  18  
 -52 -29  28  
  19  63   2  
 -25 -61   4  
 -60  27   2  
 -38 -37  39  
   9   8  65  
 -15  61  21  
 -36 -21  51  
   4 -65  11  
  46  -4  47  
 -46 -37  30  
  24 -61   7  
   6 -25  61  
  57  -4  33  
 -46  47   1  
  19 -53  34  
  46 -33  34  
 -59 -24  17  
  22  40  48  
 -38  15  52  
 -57  -9  32  
  10  65   1  
 -65   5  11  
 -32  56  15  
  56  35   5  
  31 -39  43  
 -19 -48  41  
  54 -38   5  
 -52 -35  20  
  -5 -53  39  
 -22 -47  41  
  -3  62  22  
  -6  60  27  
 -31   8  58  
  57 -33   7  
 -52  35  20  
  17  55  32  
  66  -5   1  
 -45 -14  46  
 -51  22  36  
   4 -51  42  
  52  33  24  
  53  11  38  
 -36 -37  41  
 -16 -63  11  
   2  27  60  
  12 -52  39  
  19  13  62  
 -30  26  53  
 -18 -33  54  
  50  24  36  
  64   8  15  
  31 -51  28  
 -48 -30  34  
 -48 -35  29  
  48  41  19  
 -44 -49   2  
  15 -48  43  
  46  22  42  
  19  34  53  
  22 -61  13  
   5  55  36  
  44  20  45  
  53 -29  26  
 -20  -3  63  
 -47 -46   1  
 -28  53  28  
 -21 -61  15  
 -19  42  47  
 -19 -63   5  
 -11  52  39  
   9 -32  57  
  38 -48  24  
   3  64  16  
 -46  -3  47  
   0 -66   2  
  46 -14  45  
  -5 -57  33  
 -49 -43  11  
 -47 -27  38  
 -27 -60   6  
  -3  65  12  
  33  40  41  
 -15  61  20  
   0  52  41  
  30 -38  45  
  11 -46  46  
   2 -65  10  
 -15 -12  63  
 -50 -33  28  
   5 -31  58  
  29  29  52  
 -27  22  56  
 -57   8  32  
  -1  -1  66  
  26  -9  60  
 -47   5  46  
  32  56  13  
  19  61  16  
 -20  32  54  
 -54 -23  30  
  36   6  55  
 -46 -38  28  
  27  54  27  
  37 -38  39  
  62  18  13  
  -6  64  15  
 -24 -36  50  
  23   3  62  
 -10  65   1  
  51 -19  37  
  42 -31  40  
 -32 -46  35  
 -43  50   1  
  55 -35  11  
 -20 -56  29  
  38  25  48  
  58  26  17  
  -7  44  49  
 -37 -10  54  
  10 -56  33  
 -26 -60   8  
  46  47   1  
  18  20  60  
  53  33  22  
 -34  25  51  
  64  16   5  
  62 -23   4  
 -44  10  48  
 -41 -13  50  
 -62  20  10  
 -53 -38   9  
  62  -3  23  
 -62  18  13  
   4 -55  36  
   1 -58  31  
  59  27  11  
 -49 -41  16  
 -47  46   7  
  44  34  36  
 -64  -7  15  
 -39 -12  52  
 -28   8  59  
 -33  57   7  
  -3 -25  61  
  42 -41  30  
  33  -5  57  
 -31 -58   1  
