  58  -6  97  
  80 -21  77  
  88 -37  60  
  39 -53  92  
  53 -19  98  
 -70 -83  32  
  74  82  24  
 -25 -76  80  
 -60 -96   2  
  44  79  68  
 -59  66  70  
 -81 -65  45  
  22 -88  67  
   4 -93  64  
 -79 -79  18  
 -11 -82  77  
  37  51  94  
 -39  83  66  
  46  30  99  
 -37  52  93  
  52  92  40  
   1  68  90  
 -59 -66  70  
 -44 -86  59  
  36  79  72  
  68  59  68  
 -98 -54  14  
  56 -79  58  
  47  41  94  
  21  82  75  
 -65 -37  85  
  59  85  46  
  85  74   5  
   8  90  68  
  70 -39  80  
  99  40  37  
  28 -59  92  
 -76  44  71  
  60 -33  90  
  26  65  89  
 -50  17 100  
 -87  68  23  
 -85 -31  68  
  45  90  51  
  87  50  52  
 -12  71  87  
 -44 -100  29  
 -59 -90  34  
 -68  60  67  
 -88 -59  39  
  76 -82  17  
  54 -63  77  
 -73 -53  68  
 -71  46  75  
  47 -87  55  
  96  59   4  
  -4 -97  58  
  61 -33  89  
  56 -62  76  
 -35 100  40  
  20 -93  61  
  90  66  17  
 -98 -40  40  
 -43 -97  39  
  61   5  95  
  96 -10  59  
 -88  56  44  
 -68 -75  50  
 -51 -66  76  
  72 -83  26  
  17  97  55  
  68 -81  40  
 -83  29  71  
  55 -38  91  
  66  45  80  
 -90 -29  62  
 -63  92  18  
  10  88  70  
  56  91  37  
  64  87  33  
 -86 -63  37  
  27  94  57  
  35  54  93  
 -83 -20  74  
  63  59  73  
  68 -86  28  
  84 -43  62  
  84 -75  10  
 -80 -49  63  
 -84 -71  25  
  91 -54  39  
  65  89  24  
 -96 -30  52  
 -90  67  13  
  76  74  39  
 -88  56  43  
 -69  81  38  
 -82  24  74  
 -93  39  51  
 -74 -26  81  
  98  38  42  
  76 -37  75  
  97 -20  54  
 -65 -38  84  
 -69 -76  47  
  43  92  49  
 -43 -53  90  
 -98  27  49  
 -82  30  72  
 -96  43  41  
  27  57  94  
 -71 -40  78  
 -70 -17  87  
 -90   7  68  
  28 -71  83  
  61 -82  48  
 -70  23  86  
 -98 -49  27  
  71  87  12  
 -72   8  87  
  39 -63  85  
  80  54  59  
  46  92  47  
 -86  41  61  
  80 -16  78  
  80 -63  49  
  57 -97  10  
  23 -51  98  
 -63 -52  78  
 -11 -51 100  
  53 -28  96  
 -82  74  24  
 -86  22  70  
 -94 -47  42  
  93  59  26  
  89   1  70  
 -77 -39  73  
  51  37  94  
  51  57  83  
 -20 -88  68  
  20 -96  56  
 -29  63  89  
  23  55  96  
  48  84  58  
 -16 -54  98  
 -45  63  82  
 -83 -63  44  
  97 -48  32  
  67  82  39  
  58  27  93  
 -21 -77  80  
  70  23  86  
  96  27  53  
  31  95  53  
  -1  77  83  
 -98 -11  55  
 -52  80  61  
 -56  96  21  
  75  54  65  
 -53  18  98  
  64 -80  48  
 -84  37  66  
  55  80  58  
  48 -35  96  
  46 -29  99  
 -55 -10  98  
  40 -60  87  
  57  93  30  
  -4 -100  53  
 -73  85  14  
 -67 -68  60  
  48 -87  54  
 -96  26  54  
 -66  39  83  
  -1 -80  80  
 -86  64  36  
  64 -93   2  
  74  66  54  
 -58 -27  93  
  34  82  70  
 -65 -34  86  
  76 -39  74  
 -94  40  48  
   1  96  60  
 -67  42  81  
 -23 -96  55  
  78  80  17  
  -3 100  52  
 -82 -38  68  
 -18 -96  57  
  47 -94  42  
  55 -95  26  
  41 -95  45  
  59 -94  22  
  11 -79  80  
  56 -72  67  
 -84  -7  75  
  34 -99  42  
 -49 -44  92  
 -55 -22  96  
  55  55  82  
 -82 -60  49  
 -66  70  59  
 -56  55  81  
   4 -86  73  
 -88  55  45  
 -29  54  95  
 -56 -45  87  
  94  -1  63  
 -11 -81  78  
  80 -70  38  
  56 -16  97  
  62  79  52  
 -35 -91  57  
 -88  30  64  
  87  14  71  
 -50 -21  99  
 -75 -84   8  
  73 -86   8  
  78 -82   1  
 -17 -74  84  
   0  71  88  
  71   5  88  
  88 -16  69  
  53 -14  99  
  33  67  85  
 -53   2 100  
  17  81  77  
 -31  91  59  
 -99 -44  32  
  53 -84  54  
 -68  85  30  
 -61 -47  83  
 -94 -62  11  
  48  47  91  
 -46 -98  33  
 -27 -77  78  
  56  -3  98  
  32 -74  79  
  80 -46  65  
  85 -15  73  
  78   3  82  
 -40 -63  85  
  62  76  56  
 -99 -31  45  
   4 -79  81  
 -62  22  92  
  -2 -82  78  
 -62  34  88  
 -82  43  65  
 -70 -62  63  
  62  10  94  
  97  50  30  
  57  35  91  
 -73 -13  85  
 -96  36  47  
  64  42  83  
  34 -85  66  
  88  45  55  
  70  46  76  
  95 -61   2  
  54 -99   0  
 -12 -83  76  
  77 -46  69  
  30  98  47  
 -87 -69  20  
 -73  79  34  
 -77  18  81  
  50 -74  69  
  87  20  69  
  99  19  51  
  99  50  21  
 -42  76  72  
 -77  17  81  
 -93 -59  26  
   9  65  92  
 -79 -73  34  
 -36  88  61  
 -14  98  54  
  18 -94  60  
  85  34  66  
 -61 -93  21  
   9  70  88  
 -71 -48  74  
  76  79  27  
 -16 -91  65  
  77  72  40  
  86  70  22  
  43 -82  65  
 -70 -46  76  
  91  38  55  
 -22 -48 100  
  44  86  59  
  87 -31  65  
  55  45  88  
 -28  75  80  
 -87  70  18  
 -100  46  26  
 -72  15  86  
 -39  92  53  
