 -92  -6  93  
 -79  94  46  
  80  41  95  
  84 -38  93  
 -96  -8  89  
 -77  74  76  
  86  -3  99  
  85  66  75  
 -97  11  87  
 -86 -59  79  
 -61  64  97  
  65  81  80  
  37  88  90  
  27  94  87  
 -42 -82  93  
 -43 -100  73  
  54  86  83  
  -5  94  91  
  95  38  82  
 -94  88  24  
 -54 -77  91  
 -75 -55  92  
 -90 -95   5  
  92  25  90  
  68 -97  56  
  49 -79  92  
  93  61  69  
  73 -58  92  
 -61 100  59  
  42 -82  93  
 -45  73  99  
 -72  96  53  
 -89  93  24  
 -52 -75  94  
  13 -97  87  
 -95 -54  72  
  81 -96  37  
 -82 -87  54  
 -31  79 100  
  35 -77 100  
  78  36  99  
 -55 -69  97  
 -76 -60  88  
  84 -84  55  
 -66  89  70  
  50  91  80  
  -1  95  90  
  57 -85  82  
 -64  59  98  
 -90  65  70  
 -61 -89  74  
  95 -13  89  
 -59 -71  93  
 100  70  47  
 -79  52  91  
 -86 -64  75  
  47  76  96  
 -88 -15  96  
  87  85  49  
  90  95   2  
 -45 100  72  
 -99 -84  18  
 -99  70  49  
  65 -74  86  
 -100 -80  27  
 -91 -84  43  
  84 -33  95  
 -15  95  89  
 -93 -83  40  
  89 -90  34  
  79 -47  93  
  40 -98  77  
 -84  39  93  
 -34 -79  99  
 -65  98  58  
  70 -63  91  
  54 100  65  
 -84  70  72  
  98 -10  86  
 -68 -62  93  
  98  50  71  
 -69 -66  90  
   0 -93  92  
 -30 -79 100  
 -72  91  61  
 -87  72  66  
  66 -60  96  
 -66 -78  82  
 -95  36  83  
 -97 -12  87  
  92 -70  62  
 -94  89  20  
  93  92   8  
  99 -23  83  
  89  -8  96  
  22 -82 100  
 -95  78  45  
  76  78  73  
 -46  82  91  
  95  78  45  
  86  82  55  
 -15 -95  89  
 -82 -22 100  
 -78  98  38  
 -99 -64  57  
 -41  90  86  
  75  55  92  
 -15 -91  93  
 -89 -69  67  
  90  -7  95  
  33  97  82  
  31 -92  88  
  93 -92   0  
  60  69  94  
  36  86  92  
  78 -77  72  
  73 -53  95  
  95 -74  51  
  99 -30  80  
  74  73  80  
 -90  13  94  
 -92   6  93  
 -92 -82  45  
 -89 -96   3  
  88  54  81  
  19 -97  86  
 -81 -72  74  
 -55 -82  86  
  81 -25 100  
 -92 -60  71  
  97  -7  88  
  75  44  98  
 -86 -92  36  
  25  83  98  
  67 -99  54  
  94  80  44  
  63  86  76  
 -100 -60  60  
 -78 -94  48  
  61 -60  99  
 -89  95  14  
 -89   6  96  
 -86  80  58  
 -88 -66  71  
   3  92  93  
 -78  62  85  
 -13 -96  88  
 -83 -90  46  
   8  96  89  
   0  88  97  
 -93 -58  72  
  -3 -94  91  
  83 -93  41  
  86 -61  78  
 -85  26  96  
 -86 -73  67  
  67 -93  63  
  82  84  58  
  75  60  89  
 -11 -87  97  
 -40  92  84  
  78  99  36  
  76 -44  97  
 -47 -87  86  
  90  -5  95  
  39  99  76  
 -98 -85  17  
  66 -72  87  
  50 100  68  
 -44  99  74  
  43  83  92  
  99  49  70  
 -67  65  92  
  76  86  63  
 -99  23  83  
  88   3  97  
 -90   8  95  
  99  70  49  
  92  -2  93  
  68  50 100  
 -86  31  94  
 -26  95  86  
 -96  81  37  
  78 -88  58  
  97 -45  76  
 -83  30  97  
  59 -92  72  
  72 -59  92  
 -71 -86  69  
  95  49  76  
 -96 -70  55  
  97 -83  29  
 -49  98  72  
  75 -93  54  
  73 -78  76  
  98 -31  81  
 -96  89   1  
 -86  74  65  
  -7  94  91  
 -35 -100  77  
 -70 -85  71  
  21  88  95  
  99 -81  28  
  71 -48  99  
  88  68  69  
 -59 -76  89  
 -46 -98  74  
 -88  92  31  
 -93  84  38  
 -85 -99  14  
 -86   5  99  
 -82  82  61  
  54  90  78  
 -18 -97  86  
 -86  99   1  
 -71  79  77  
  55  78  90  
  97  81  35  
  40  94  82  
  12 -99  85  
 -87 -77  61  
 -65 -77  84  
 -83 -47  90  
  83 -55  85  
  99 -38  77  
  70 100  47  
  58 -89  77  
  73  63  89  
 -55  98  67  
 -92 -75  56  
 -14 -98  86  
 -95 -58  69  
 -84 -84  55  
  84 -87  51  
   1  86  99  
 -80 -79  67  
 -68  59  95  
  95  66  61  
  97  14  87  
   2 -95  90  
  68 100  50  
  86  92  36  
 -42  75  99  
 -62 -96  64  
 -86 -80  58  
 -73  75  79  
 -100  67  52  
  96  23  86  
  62  99  59  
 -72 -69  85  
  93  89  23  
  87 -96  18  
 -92  33  87  
 -54  70  97  
 -43  82  93  
  81 -55  87  
 -33  93  86  
  95 -79  44  
  95  87  23  
 -82 100  20  
  96  86  23  
 -91  40  85  
  54  92  76  
 -86 -78  61  
  64 -95  64  
 -82 -99  25  
  91   8  94  
  -1 -86  99  
  90 -38  87  
 -50 -85  86  
  -9  91  94  
 -92   1  93  
 -90  21  93  
 -27  98  83  
 -43  92  83  
  88  80  55  
 100 -16  83  
  84  50  87  
 -81  73  73  
 -82  76  68  
  93  92   0  
 -95 -90   1  
 -77  36 100  
 -89 -88  39  
 -26 -99  82  
  43  85  90  
 -94  10  91  
  35 -94  84  
 -99  30  80  
 -71 -94  57  
  86 -72  68  
  27  86  95  
 -63  73  89  
 -89  25  93  
  79  95  44  
 -75 -92  55  
 -98 -87   3  
 -21  89  94  
  51 -95  74  
  62  81  82  
