  97  24  69  
  92  -4  79  
  63 -46  93  
  73 -97   9  
   8  98  71  
  -6  78  93  
 -45  97  58  
  82  66  61  
  99 -29  64  
  73  76  60  
 -79 -91  17  
  19 -98  69  
 -92  32  73  
  79  -8  92  
 -39  60  98  
  96  14  73  
  41  82  80  
  73  91  34  
  74 -90  34  
 -38 -85  78  
   0 -69 100  
  60 100  34  
  64  91  49  
  39  90  72  
 -91  78  20  
  96 -71  23  
  13 -96  73  
 -92  62  49  
 -30  88  78  
 -90 -55  60  
 -83  88  12  
 -53 -90  62  
 -16  80  90  
  41 -99  57  
 -43 -99  56  
 -62  30 100  
  52  68  86  
  97  72  14  
  70  63  77  
 -10  68 100  
  67  92  42  
  42 -75  86  
  76  -2  95  
  86  85  12  
  52 -75  80  
 -70 -91  40  
 100  22  65  
  85  85  18  
  84 -71  52  
 -59  96  46  
 -98  57  44  
  72  45  87  
 -71 -93  33  
 -57 -95  50  
 -46  80  79  
  31  88  78  
  90  47  67  
  73  64  73  
  41 -62  96  
  78 -24  90  
  98  16  70  
  97 -67  29  
  27  96  69  
  29  70  95  
  73 -96  13  
 -96  40  63  
 -42 -95  63  
  73  29  93  
 -61  81  67  
 -22 -83  86  
 -15  69  99  
 -100 -50  47  
  83 -28  84  
 -53 -98  49  
  72 -45  87  
  54 -73  81  
  87 -78  33  
 -67 -27  98  
 -49 -89  67  
  72 -76  62  
  74 -92  28  
 -67  87  52  
 -47  94  61  
 -10  85  86  
 -33 -86  79  
 -89  52  64  
  63  58  86  
 -48  87  70  
  70  69  71  
 -26 -83  85  
 -81  59  69  
 -10 -87  84  
  73 -79  56  
 -94 -70  32  
  73  36  90  
 -34 -78  87  
  93  57  54  
   8  71  98  
  85 -65  58  
  14 -94  76  
  24  66  99  
  17 -97  71  
  -9  91  80  
 -84 -32  82  
  66 -46  91  
  62  51  91  
  59  62  86  
 -92  76  24  
  91 -80   5  
 100  26  64  
  71 -44  88  
  26 -74  93  
  57  93  54  
 -32  95  69  
  48  83  75  
 -40 -99  58  
 -100  55  42  
  84  68  55  
  87 -52  67  
  92 -79  10  
  52  72  83  
  61 -70  78  
  93  55  56  
 -70 -98  15  
 -48 -66  90  
  11  88  83  
  84 -26  84  
  22 -75  93  
  24 -76  92  
 -51 -94  58  
 -78  -8  93  
  82  25  86  
 -67 -88  50  
 -35 -95  67  
 -36  78  86  
  96  74   6  
 -90 -52  63  
 -58  73  78  
 -55  41 100  
 -70  37  92  
  78 -48  80  
 -73 -67  70  
 -92 -79   4  
  26  64 100  
 -62 -100  31  
  56  72  80  
  70 -42  90  
 -77  89  30  
  92 -46  65  
 -85   1  87  
  96 -73  14  
 -22 -74  94  
 -85 -61  62  
 -69  -2 100  
  82 -32  84  
 -84  23  85  
 -49 -49 100  
 -83  77  44  
  50  70  86  
  88 -82  18  
  46  96  59  
 -97 -26  68  
  97 -65  33  
  78  75  55  
 -30  90  76  
  89 -49  67  
  48  78  80  
  89   0  83  
 -71 -23  96  
 -83 -59  66  
  80 -78  48  
 -86  51  69  
  42  89  71  
  63  74  73  
  98   9  71  
 -45 -97  58  
  98 -69  21  
  95 -54  53  
  94  76  12  
 -45  71  88  
 -89  78  27  
  99  29  64  
  49 -52  98  
  25  90  78  
 -76  77  55  
 -89 -78  27  
 -98  40  60  
  99 -40  58  
 -68  99  17  
 -64 -64  81  
  40  89  72  
  73 -97   1  
  49  56  96  
 -95 -75  13  
 -97  53  50  
 -49  48 100  
  89 -22  80  
 100 -23  65  
 -80 -32  86  
  67 -65  78  
  91  78  21  
 -95  13  75  
 -53  51  97  
 -26  96  70  
 -64 100  26  
  81 -76  49  
  85 -81  31  
 -98  64  33  
 -46  66  91  
 -41  87  74  
  62  85  61  
 -59 -81  69  
 -43  93  65  
 -84 -68  56  
 -62  36  98  
 -81   8  90  
 -55 -100  41  
 -84 -64  60  
  81 -59  69  
   0 -86  86  
  37  76  87  
  93 -76  17  
  99 -59  38  
  77  66  67  
  20 -79  90  
 -97  70  22  
 -36  67  95  
 -64  90  51  
  25 -79  89  
  79  30  87  
  82  73  52  
   2  89  83  
 -61  40  97  
 -93  40  67  
 -37 -98  62  
  81  83  37  
  88 -44  71  
 -38  88  75  
  79 -66  65  
  74  29  92  
  68  39  93  
 -79 -60  70  
  42  63  95  
 -74 -37  89  
  58 -44  97  
  81  60  68  
 -80  15  90  
  26  97  68  
 -12  89  82  
 -15 -70  98  
  85 -79  36  
 -75 -93  21  
  72 -33  92  
  44 -94  63  
  72  76  62  
 -99 -68  19  
  75  23  93  
  67  75  68  
 -45  92  65  
 -73  93  27  
 -75 -95  10  
  78  91  20  
 -81  44  79  
  68 -99  17  
 -88 -68  49  
 -61 -95  45  
  62 -44  95  
  73  90  37  
 -60 -71  78  
  74 -79  55  
  54 -77  77  
 -61 -78  70  
  58 -96  47  
  22 -94  74  
  29  84  83  
 -86 -82  25  
  67  72  71  
  97  73   4  
 -93  77  15  
 -52 -78  77  
 -99 -70   3  
 -70  99   4  
  91 -54  60  
   1  94  77  
 -73  -1  97  
 -18 -85  85  
  38  97  63  
  64 -76  70  
 -69 -98  21  
  99  27  65  
 -32 -75  90  
  50 -55  96  
  59 -48  95  
  15 -77  93  
 -56  56  92  
 -81  -8  90  
 -40  76  86  
 -97 -73   3  
 -90  17  80  
  22 -65 100  
