  11 -14   7  
   4  -7  17  
  -8  16   6  
  -5 -18   3  
 -15  10   6  
  18   3   5  
  15   9   7  
 -13 -14   1  
   2  16  10  
 -12 -14   5  
  -6  14  11  
   3 -19   0  
 -17  -8   1  
 -17   1   8  
 -18   0   6  
  -2  -2  19  
   2  17   8  
   2  -2  19  
  -5 -18   4  
  13 -10  10  
 -10   6  15  
 -10 -16   2  
  18  -4   5  
 -18  -2   5  
  16  10   2  
   3 -17   8  
  17  -3   8  
  -7 -16   8  
  -9  -9  14  
  -9   9  14  
 -14  -1  13  
 -18  -5   4  
  -8  -4  17  
   4  17   8  
  -3 -18   6  
   4 -16   9  
  -5   9  16  
   9  14   9  
  -8 -10  14  
  15  -9   8  
 -13   5  13  
   8  14  10  
 -18   6   1  
  16  -8   7  
   8  -6  16  
  14  13   2  
 -12   9  12  
  12   1  15  
   9  -5  16  
 -15   8   8  
   5 -13  13  
   3  15  11  
 -12  15   1  
   6 -15  10  
  12  -9  12  
 -11   7  14  
 -10   3  16  
  14   9   9  
   8   6  16  
   6  18   3  
  -7  14  11  
  18   0   6  
   4  16   9  
   8 -17   4  
 -19  -1   2  
   1  13  14  
   7 -14  11  
  -4 -16   9  
 -18  -5   3  
  -8  -7  16  
  -3  11  15  
   8   1  17  
  12   9  12  
  -9  -8  15  
   6  16   8  
   1 -19   0  
 -17   4   7  
   6   1  18  
   0  15  12  
 -16  10   1  
 -16  -1  10  
 -16   5   9  
   3  11  15  
   0 -17   9  
   5  13  13  
  17  -8   3  
  -4 -15  11  
 -14   6  11  
 -11   4  15  
 -10 -16   1  
   9   4  16  
  17   8   1  
  10  -2  16  
   8  17   1  
  -2 -16  10  
  -6  -2  18  
  16 -10   1  
   9  16   4  
   4 -15  11  
   8  17   3  
  -4 -11  15  
 -18   3   5  
   0  10  16  
 -12   8  12  
  10  15   6  
  13  14   1  
 -15   3  11  
   2   1  19  
  -4 -17   7  
  15  11   4  
  -5 -17   7  
  -8  15   9  
  16  -7   8  
 -12 -10  11  
 -15  12   1  
   8  10  14  
   8  -3  17  
  10   0  16  
  14 -12   5  
  -9   4  16  
   0  -6  18  
  -1   6  18  
   7  17   5  
 -18   2   6  
  -8  14  10  
  12 -15   0  
   0   9  17  
  -2  18   5  
 -10  -8  14  
  -5  -4  18  
  -5  18   2  
 -14  13   1  
  -4   4  18  
  16   9   5  
  16  -8   6  
   4  -9  16  
 -11  -8  13  
   0 -19   3  
   8 -16   7  
   6  -1  18  
   3  -8  17  
   0 -19   2  
  -8   1  17  
  -1  -1  19  
 -13 -14   2  
   6   0  18  
   5  16   9  
  14   2  13  
 -15 -10   6  
   4  15  11  
  13  -2  14  
  13 -14   1  
   8   8  15  
  -7 -16   7  
 -19  -2   1  
  18  -5   4  
  12 -12   9  
  10  -3  16  
 -16  -7   7  
  -1  -2  19  
   7  -7  16  
  12   4  14  
  12  12   9  
 -11  -3  15  
  19   0   0  
  -4  17   7  
  18   2   6  
  -6   0  18  
 -15  -9   8  
  -4   7  17  
  11   6  14  
  18  -3   5  
 -17   8   4  
 -15  -8   9  
  16  10   3  
  -2   6  18  
  10   2  16  
   2 -19   2  
   3 -16  10  
 -18  -1   6  
   4  17   7  
  11  15   3  
 -14  -8  10  
  -8 -15   9  
   2 -16  10  
  10   3  16  
  17  -9   0  
   3  18   5  
 -13   2  14  
 -16  -8   6  
  -5 -12  14  
   4  -4  18  
  -2   5  18  
   1  14  13  
   9  -9  14  
 -16   7   7  
 -16   9   5  
  -1   0  19  
  -7 -12  13  
  -4  -4  18  
   0 -18   6  
   2   5  18  
  -4  11  15  
  -9   0  17  
  -4   9  16  
   0  19   3  
   4  11  15  
  12 -15   1  
   3   0  19  
  -7 -13  12  
  11  10  12  
 -15  11   4  
 -14 -13   1  
  -7  15   9  
  -6  15  10  
  -7  12  13  
  15   7   9  
  14 -12   4  
  -8 -14  10  
  -3  18   6  
  14  10   8  
  16   3  10  
 -13  13   5  
 -14 -13   2  
  -6 -11  14  
 -11  14   6  
  -2   8  17  
 -14   7  11  
   6   3  18  
   1  -8  17  
 -12 -14   4  
   6  11  14  
   1  10  16  
  16  -3  10  
 -16  -3  10  
  13  -7  12  
 -15 -11   4  
  19  -2   2  
  -6  -8  16  
  11  13   8  
  18  -3   6  
 -17  -6   6  
  -9  15   8  
   8  16   7  
  16 -10   0  
   9 -16   4  
   9  15   8  
  18   1   6  
  14 -13   0  
  17  -7   5  
   3   5  18  
  10 -14   8  
 -13  13   4  
  10  16   3  
 -12  -4  14  
   4 -14  12  
  -9  16   5  
 -12  -7  13  
 -18  -5   2  
 -13   0  14  
 -11 -15   3  
   1  -2  19  
 -17   4   8  
 -12 -15   1  
  -8   3  17  
   6 -16   8  
  17  -7   4  
   8  -1  17  
   2   0  19  
  14 -11   7  
  14  -5  12  
 -13  11   8  
 -17   6   6  
  18   5   4  
 -14  11   6  
 -10 -11  12  
   7  -8  16  
  -4   8  17  
 -17   8   2  
   8 -17   0  
   4  13  13  
   0  14  13  
 -18  -2   6  
  12  14   5  
  12   5  14  
  12 -14   4  
  -3  -6  18  
  12  15   1  
 -14 -12   5  
  -4 -17   8  
 -16  -5   9  
 -10  -2  16  
  -1  12  15  
   0   2  19  
  -7   9  15  
 -11  12  10  
   1 -18   6  
   1  -1  19  
  19  -3   0  
  -8   9  15  
