 -71  57  29  
  36 -31  83  
 -85  28  33  
 -93  10  19  
  22  87  33  
 -54  45  65  
  27  82  41  
 -92   3  25  
  11  80  51  
 -80  31  42  
  -6 -28  91  
  81  34  37  
  43  74  42  
  40 -26  83  
 -71 -32  55  
  20  91  22  
 -68  13  66  
  40  42  76  
  20 -87  34  
 -44 -68  51  
 -17 -51  79  
  81 -29  42  
  30  86  29  
  64 -66  25  
 -76 -58   4  
  -8 -41  86  
  74  55  24  
  80  39  35  
 -50  81   7  
 -34  59  67  
 -76   9  57  
  57  21  74  
 -37  46  75  
  54  58  53  
 -41   3  86  
 -71  -5  64  
  41 -57  65  
  90 -32   2  
  73 -61   8  
  68  58  34  
 -42  84  17  
  74   1  60  
  12 -90  29  
 -72  13  61  
  27 -57  72  
 -20  62  70  
 -52  75  28  
 -10 -54  78  
 -92  -4  26  
 -47 -70  45  
   0 -39  87  
 -67  44  52  
 -13  32  89  
  61  72  16  
 -37  88   2  
 -44  85   2  
  37  51  72  
  10 -15  94  
  86 -30  29  
  66  -7  69  
 -48  77  30  
  52 -73  33  
 -57  28  71  
  76  58   1  
 -43 -42  74  
  87  38   8  
  51  60  54  
 -94 -16   2  
 -89 -26  23  
 -87 -34  20  
  56 -28  72  
  39  23  84  
  87 -28  28  
  59  -1  75  
  22 -87  32  
  41 -79  34  
 -20  54  76  
 -81 -35  36  
   1  75  59  
 -62 -72  11  
   7 -94  15  
  26  50  77  
  26  67  63  
  68 -45  50  
 -16  -5  94  
  32  53  73  
  81 -10  50  
  24  64  67  
  17  18  92  
  19 -22  91  
 -86 -34  23  
 -92  -5  26  
 -43  54  66  
 -77  56   7  
 -38 -62  62  
 -41 -86   5  
  19  39  85  
 -45  83  15  
   7 -48  82  
  43  85   6  
  56  31  71  
  17   0  94  
  76   7  57  
  40  45  74  
  75 -58  10  
  56 -26  73  
  16   0  94  
 -74 -19  57  
  64 -69  17  
 -63  30  65  
 -41 -68  53  
  29 -12  90  
  -2  95   8  
  -7 -75  59  
  29  82  40  
  74 -57  21  
  13 -29  90  
  79 -49  22  
 -20  29  89  
 -53 -73  31  
  62 -52  51  
  18 -86  37  
 -48 -50  66  
  51  80   9  
  27 -90  17  
   6  66  69  
  16 -78  53  
  -5  43  85  
 -34 -21  87  
  65  66  24  
  63 -72   0  
 -54  50  61  
 -59   5  75  
 -27 -22  89  
 -10 -46  83  
 -24 -84  38  
  70  10  64  
  72  56  29  
  28 -72  56  
  15 -60  73  
  49  39  72  
  39  87   4  
  21 -54  76  
 -78 -12  54  
 -64  16  69  
 -16 -15  93  
 -18 -61  71  
  17  27  90  
 -84 -28  36  
  20  51  78  
 -34 -85  27  
  42  72  47  
  79  -2  54  
  23  76  53  
  63  69  19  
 -41  54  67  
  25  44  81  
  74 -56  22  
  86 -14  39  
 -27  54  74  
  84   9  45  
  82   6  49  
 -73 -25  56  
 -49 -79  21  
 -24  59  71  
  37 -88   5  
 -21  -6  93  
   6  65  70  
 -69 -64  16  
 -55 -22  75  
 -58 -32  69  
 -55 -33  71  
  85 -44   0  
 -38  72  50  
 -48 -15  81  
 -88  26  27  
 -39 -72  49  
 -41 -29  81  
  87  25  31  
 -67  36  58  
 -89  -2  35  
 -23  68  63  
 -92 -20  16  
 -67 -48  48  
  66 -61  32  
  70 -43  49  
 -36  55  69  
  17 -49  80  
   2  95  10  
  16  14  93  
 -87 -22  33  
 -65  21  67  
 -11  18  93  
  69 -66   7  
 -80 -33  40  
 -18  58  74  
  -4 -52  80  
   6 -52  80  
 -17   3  94  
 -25  92   8  
 -18 -19  92  
 -93 -22   2  
  65  16  68  
  87 -13  37  
 -68 -67   2  
 -64 -71   1  
  35 -69  56  
 -20 -56  75  
 -79   6  53  
  84 -22  40  
  23 -92  10  
  19 -90  25  
  19  32  88  
  -5  -9  95  
   5 -86  41  
  66 -58  38  
 -83  45  15  
  21   3  93  
 -19  92  16  
   9 -86  41  
   2 -18  94  
  23  73  57  
 -59 -13  74  
 -11  -4  95  
 -46  62  56  
 -84 -39  23  
  23 -48  79  
 -63  22  68  
  18 -58  74  
 -19 -89  29  
  77  -8  56  
 -15 -31  89  
  69  -4  66  
  19 -50  79  
 -14 -92  22  
  22 -70  61  
 -85 -18  40  
 -78  41  37  
 -72 -14  61  
 -20 -51  78  
 -54  65  45  
 -26  84  37  
  73 -21  58  
  59 -25  71  
  65 -70   0  
  40  31  81  
  19  71  61  
   5  31  90  
  -1 -59  75  
 -54   1  79  
 -86  25  33  
  69  64  17  
  61 -73   7  
  20 -22  91  
  -8 -20  93  
 -73  60  15  
 -37  80  37  
 -88 -30  21  
  68  -1  67  
  62 -28  67  
  54 -12  78  
 -15  50  80  
 -95 -11   1  
  10 -33  89  
 -63  47  54  
 -19 -93  12  
  92  -7  25  
  58  20  73  
 -26  90  19  
  -2 -91  29  
  -4 -60  74  
  23  65  66  
  64 -34  62  
  22 -61  70  
  -1  88  37  
   2  55  78  
  57  76  10  
   3 -11  95  
  43 -85   1  
 -52 -31  74  
   4 -87  39  
 -67  68   7  
 -17 -68  65  
 -73 -56  25  
  94   3  16  
  43 -83  19  
  24  91  16  
 -11 -12  94  
  88 -36  10  
 -17 -70  63  
 -68 -58  33  
   4  74  60  
 -78 -50  24  
 -34   3  89  
   3  70  65  
  90  23  22  
 -11   3  95  
  79 -54   1  
  57  35  68  
 -92  20  15  
