  30  20  11  
 -14 -27  22  
  27  -2  26  
  20 -29  13  
  14  31  16  
  10 -31  19  
 -11  32  16  
 -13 -30  18  
  32 -17   9  
 -31 -19  10  
   2 -30  22  
  -9 -10  35  
 -11 -32  16  
  -3  30  22  
 -35  13   3  
  37   3   4  
  16  23  25  
 -30  13  18  
  26   3  27  
  -2 -35  13  
 -14 -30  18  
   3 -30  22  
  -8  13  34  
 -26 -25  11  
 -12 -11  34  
  -2 -27  26  
  -7  -2  37  
  -6   0  37  
  -6 -26  26  
  21  -4  31  
  31  15  15  
  26   7  26  
 -14 -34   6  
   5  -5  37  
  18  25  21  
  10  -2  36  
 -29  18  16  
  25 -27   7  
 -32   0  20  
  -2  35  13  
 -13  26  24  
  35   4  13  
   1 -10  36  
  30   2  22  
   8 -35  11  
   8 -13  34  
 -21 -30   7  
 -19  30  12  
  30 -15  17  
  21   4  31  
 -13  32  15  
 -24  28   8  
  26 -27   0  
 -13   2  35  
   0  37   5  
 -23 -14  26  
  20 -30  10  
 -21  31   4  
  10  36   5  
  16 -33   8  
  -1  20  32  
  24 -19  22  
  11  21  29  
  -4  27  26  
 -20  -6  31  
  18 -15  29  
  -8  -7  36  
   3 -37   4  
  10  30  20  
 -14  -8  34  
   2  -7  37  
 -37  -1   7  
  -6  17  33  
  -7 -28  24  
   4   4  37  
  -8 -35  11  
   1  33  18  
  -3  26  27  
  11 -22  28  
  17 -33   5  
 -12  13  33  
  13 -32  15  
   8 -27  25  
  33   5  17  
  34   8  13  
  37   7   2  
   6 -17  33  
  25  20  20  
  25  25  12  
   9  19  31  
  23  19  23  
   2 -37   4  
  28   1  25  
 -29  -5  23  
 -26  10  25  
  18  30  14  
   0 -36  10  
  -4 -37   4  
  -5 -37   2  
  34 -15   5  
  -2   4  37  
   1  -5  37  
   7 -21  30  
 -21  29  11  
 -19  22  24  
 -11 -16  32  
  15  33   9  
 -26 -11  25  
  -7  35  12  
 -18 -33   2  
   2  37   6  
  34   3  15  
 -33  18   3  
  30  -9  21  
  31   4  21  
  14 -32  14  
  26  26   6  
 -32 -20   1  
  26  -6  26  
   8 -32  18  
 -10 -35   8  
  15 -30  17  
 -30  21   9  
 -30  14  18  
  -7  32  18  
  12 -27  23  
  -3  32  19  
  34 -10  12  
 -10  -9  35  
 -11 -33  14  
  15   9  33  
 -17 -32  10  
  21 -26  17  
  -1  31  21  
  28 -21  13  
  22 -19  24  
 -13 -28  21  
  29  22   9  
 -16 -25  23  
  -9 -23  28  
   5  12  35  
  21 -14  28  
  20  -8  31  
  26 -17  21  
   5  19  32  
  17  21  26  
  19 -32   4  
 -25  16  23  
  14 -34   7  
 -30  21   7  
 -15  34   6  
 -13  -2  35  
   3  34  16  
   7  35  12  
  27  26   2  
   3  21  31  
  24  13  26  
 -29  -2  24  
 -11  36   2  
  10  35   8  
   5  37   0  
 -19  -2  32  
 -13  -8  34  
   9 -23  28  
  16 -28  19  
  27  25   8  
  15 -15  31  
  18  29  16  
   8  25  27  
 -17  -5  33  
  18 -32   7  
 -30  17  15  
 -17 -31  13  
  -1  37   6  
 -37   6   3  
   8  -7  36  
  25   7  27  
  -1 -11  36  
  20   6  31  
  34  15   4  
   5  37   3  
  33  -7  16  
   6  -9  36  
 -24 -24  16  
 -27  15  21  
   4 -27  26  
  20   8  31  
  22   3  30  
  29  -6  23  
  10 -25  26  
 -14  22  27  
  13   1  35  
  35  12   6  
 -36   1  11  
   3   4  37  
 -31  19   9  
  -8  26  26  
  30 -18  13  
 -28   4  25  
  -4 -27  26  
   7 -28  24  
  14 -32  13  
  25 -25  13  
 -24 -20  21  
  14  35   1  
 -10  36   5  
   3  31  21  
  22 -29  10  
 -12  30  19  
   5  36   9  
  28  -3  25  
   7  18  32  
   8 -16  33  
 -22 -29   8  
 -28 -13  21  
  13 -35   1  
 -14 -32  14  
  26   4  27  
   9  -5  36  
  13  -4  35  
 -11 -34  12  
 -31  -9  19  
   2 -14  35  
 -13  12  33  
  34  -4  15  
   8 -34  13  
  35  10   9  
   0 -10  36  
  26  26   8  
  -5 -17  33  
  25   6  27  
   4   5  37  
 -23 -29   7  
   5 -34  15  
   1   6  37  
 -13 -33  12  
 -28  -6  24  
  37   4   6  
  -2  37   7  
 -11 -11  34  
  31  19   9  
   2 -19  32  
 -20  23  22  
 -13  20  29  
  26  -8  26  
  34   4  15  
 -36  -8   8  
  15  32  13  
  14 -27  22  
  36   4   9  
  -2 -10  36  
  21   8  30  
  22  -4  30  
  21 -24  20  
  30  18  14  
 -26   1  27  
  15  -4  34  
 -27  -4  26  
 -29  23   6  
   8 -36   8  
 -20   8  31  
  23  20  22  
  35  13   3  
 -25 -26  11  
  17 -23  24  
  34 -14   6  
  29 -15  18  
 -30   9  21  
   9  13  34  
   9  34  13  
   6 -27  25  
  -1 -28  25  
 -32  18   8  
  31  20   8  
 -28  12  22  
 -16  26  22  
  -9   5  36  
  22 -30   6  
 -30 -21   9  
   1   7  37  
  -3 -15  34  
  -9  13  34  
  33   3  18  
  10 -36   0  
 -37   0   5  
  21  29  11  
 -24  24  16  
  34  -5  15  
 -29 -20  13  
  35   1  14  
 -28  25   3  
 -37  -7   1  
  36  11   0  
 -25 -28   3  
  32   2  19  
   7 -36   7  
 -25  20  20  
   6 -28  24  
  -6  35  12  
  26  -4  27  
