 100 -65  80  
  99 -28 100  
 -98 -31 100  
 -75  94  78  
  88  89  70  
 -89  74  85  
 -82  79  87  
  96  40  99  
  83  97  66  
  96 -96  46  
  79  72  96  
  96 -99  39  
 -50  99  91  
 -68  87  92  
 -42  95  99  
 -86  73  89  
  82  78  88  
 -99 -44  94  
  99 -82  64  
  98 -59  87  
  97  55  90  
  86 -79  83  
  82  90  76  
  48 -98  93  
 -88 -69  90  
  94 -42 100  
  78 -85  85  
 -77  97  72  
 -86  63  96  
 -64 -98  83  
 -65  87  94  
  71  91  85  
  73 -86  89  
 -93 -66  87  
 -97 -89  57  
 -49 -93  98  
  96 -42  98  
  93 -63  89  
  48  97  94  
 100  96  37  
 -67 -97  82  
 -99  97  38  
 -93  85  69  
  96  92  54  
 -96  95  48  
  74  77  96  
  85 -98  61  
  98  44  95  
  95 -65  86  
  80  92  76  
  95 -76  76  
 -63  89  93  
 100  68  77  
  88 -63  94  
  66 -93  87  
  94 -100  42  
 -97  61  86  
 -94  90  60  
 -89  73  86  
 -75  92  81  
 -76  69 100  
 -89 100  51  
  32  99  99  
  86 -76  86  
 -90 -77  81  
  62  99  83  
 -99  83  63  
 -69 -87  91  
 -48  97  94  
  95  74  78  
  71 -93  83  
  83  93  71  
 -95 -50  95  
 100  79  66  
 -100 -42  94  
  81 -73  93  
 -83 -99  63  
 -98  92  50  
  60  90  94  
 -89 -62  94  
  86 -85  77  
  59 -97  88  
 -90 -100  50  
 -56 -89  98  
 -66 -88  92  
 -99  27 100  
 -97 -99  38  
  72 -81  94  
 -85 -90  73  
 -80  88  80  
  74  84  90  
  78  77  93  
 -97  95  47  
 -84 -88  76  
 -60 -89  95  
  42 -98  96  
 -96  79  72  
  78 -81  89  
  94 -80  73  
  59 -84 100  
  65  98  82  
  94  54  94  
  99 -32  99  
  97 -92  52  
 -98 -76  72  
 -82  71  94  
 -97 -60  87  
 -98  56  89  
  80 -66  99  
 -55 -96  91  
 -91 -61  93  
 -84 -69  94  
 100 -84  59  
  65  81  99  
 -70 -83  94  
  96 -91  55  
  96  64  85  
 -77  74  96  
  95 -84  67  
  50 -91  99  
  77  85  86  
  86 -100  56  
  96  73  78  
 -99 -34  98  
  77 -84  87  
 -92  79  77  
 -84  71  92  
  91  78  79  
 -84 -59 100  
  99 -94  45  
 100  85  58  
 -83  97  65  
 -79  70  97  
  96  86  63  
  80  72  95  
 -74 -95  78  
  93 -71  83  
 -94 -48  97  
 -68  83  95  
  67 -95  84  
 -98 -32 100  
 -88  73  87  
 -39  95 100  
  82 -100  62  
  85  67  94  
  93 -72  82  
 -89 -78  81  
 -37  98  98  
  77  95  75  
 -95 -39 100  
  51 -89 100  
  69 -81  96  
  82  65  98  
  97 -93  51  
 -91  80  77  
  98 -52  91  
 -84 -95  67  
 -95  51  95  
  88  77  83  
  98 -88  57  
 -97  98  40  
 -98 100  31  
  90 -94  60  
  80 -77  91  
  78 -73  96  
  84  98  63  
  72  74 100  
 -86 -97  62  
  76 -76  95  
 -96  46  96  
 -85  63  97  
  90  88  69  
  99  62  83  
 100 -85  58  
 -93  82  72  
 -52 100  89  
  73 -90  85  
  39 -95 100  
  66 -96  84  
  88  94  63  
  81 -88  79  
 -72  76  98  
 -89  71  87  
 -85  61  98  
 -86  71  90  
 -69  81  96  
  90  94  61  
  93 -85  69  
 -100  56  86  
  94  99  45  
 -42 -96  98  
 -50 -100  90  
 -70 -79  97  
  75  95  77  
  90 -55  97  
  88  79  81  
  79 -97  70  
  75 -73  98  
 -77  75  95  
 -93 -74  80  
 -97 -92  52  
  88 -66  92  
 -93 -77  78  
 -99  80  66  
 -94 -89  62  
 -61 100  83  
  35 -98  99  
  89  68  90  
  85 -87  76  
  90  63  92  
  83 -89  76  
 -89 -98  56  
 -100 -62  82  
  83 -77  88  
  90 -50 100  
 -89 -99  54  
  64  98  83  
  89 -62  94  
 -61 -85  98  
  99 -61  84  
 -100 -64  81  
  94 -60  90  
  64  99  82  
 -77  93  78  
 -35 100  97  
  60 -99  85  
 -48  98  93  
 -69 -99  78  
 -80  94  73  
  59  97  88  
 -97  64  84  
  98 -93  48  
 -95  48  96  
  95  88  62  
  85 -86  77  
 100  73  73  
 -98 -44  95  
  73  75  98  
  74  76  97  
 -77  80  91  
  70  89  88  
 -95  97  46  
  99 -53  89  
  98  69  79  
 -38  98  98  
 -71  85  91  
 -100 -59  84  
  34  99  98  
  51 -96  94  
  95 -86  65  
  91 -59  94  
 -66  94  86  
 -80 -72  95  
 -97 -78  71  
 -99  99  31  
  99 -46  93  
 -89  83  76  
  77 -79  92  
  88  73  87  
 -92  98  50  
 -46 -99  93  
  98  74  74  
  91  69  87  
  96  90  57  
 -77  85  86  
 -86  96  63  
 -99 -95  42  
  97 -89  57  
 -79 -82  87  
  85 -84  79  
 -72 -94  81  
 -99 -48  92  
 -81 -71  95  
  91  97  54  
  98  70  78  
 -90  96  57  
 -94  92  57  
 -94 -47  98  
 -96  72  79  
  68 -95  83  
 -74 -85  89  
  40  97  98  
 -97 -91  54  
 -96 -92  54  
  98  85  61  
 -100  53  88  
 -52  95  94  
  64  84  97  
  86  95  65  
  98  50  92  
  98  72  76  
  72 -76  98  
 -94 -95  52  
  98 -73  75  
 -76  94  77  
  75 -87  86  
  83  98  64  
  79 -66 100  
 -97  82  67  
 -42  96  98  
