  19  11  12  
  14 -19   8  
 -25  -2   1  
  23 -10   2  
  -4 -16  19  
   2  25   1  
  18 -11  13  
   9   7  22  
   0  25   3  
  12 -22   0  
  17   6  17  
  20   0  15  
 -18  -7  16  
   2 -25   0  
  10   7  22  
   0 -14  21  
  -6   8  23  
 -20  -2  15  
  -5 -11  22  
  13 -21   5  
 -11  15  17  
  14  12  17  
  16  19   1  
  23   8   6  
 -15 -20   3  
   5 -24   5  
  -6   4  24  
  -3   6  24  
 -16 -14  13  
  14  18  10  
   1 -12  22  
   6  -4  24  
  -3 -13  21  
 -10  23   1  
 -13 -12  18  
 -15 -10  17  
 -17 -15  11  
 -23   5   8  
   0 -22  12  
  -3 -25   1  
  16 -12  15  
   4  18  17  
  -7  15  19  
  -6  20  14  
  -2 -24   6  
   5  -8  23  
 -17  14  12  
  21  13   2  
   5  -4  24  
 -12 -22   2  
 -13  13  17  
   8 -14  19  
  18  16   6  
 -25   2   2  
   7  23   7  
   7  15  19  
   7  -9  22  
 -15 -15  13  
  -2 -15  20  
   3  11  22  
  -1  17  18  
   3  -6  24  
  13  -7  20  
  10  18  14  
   1  12  22  
  -6 -20  14  
   0  16  19  
  -1  15  20  
  19 -10  13  
 -22  -9   7  
  12 -21   6  
 -19  -2  16  
  -5 -22  11  
 -16 -19   1  
   6 -15  19  
  20  14   5  
  14 -17  12  
   9 -23   3  
  22  11   4  
 -17  11  15  
  13  -5  21  
 -20   7  13  
  -8  -9  22  
  -9  -8  22  
 -24  -6   5  
   5  21  13  
   4 -21  13  
  -5   6  24  
  24   7   1  
  20  -6  14  
 -24  -7   3  
  21 -10   9  
   9  18  15  
   8  13  20  
  15   2  20  
  17  15  10  
  10  -2  23  
 -16  18   6  
 -17   4  18  
   1  17  18  
 -11  21   8  
   3  21  13  
  -6 -12  21  
  10 -17  15  
  -6 -16  18  
  20  15   0  
  12  22   3  
  22  -3  12  
 -11 -13  18  
  -3 -17  18  
   4 -11  22  
 -15   1  20  
  -4 -23   9  
 -18  15   8  
  -7  23   6  
   4 -23   9  
 -25   2   1  
   7   7  23  
  -1  24   7  
 -18   2  17  
  -3  21  13  
  23   2   9  
 -23  -2  10  
   7  -3  24  
 -16  -9  17  
  -9  15  18  
  10  22   7  
  24  -7   3  
  -1  23  10  
   2 -21  13  
 -13  -3  21  
  -5 -13  21  
  -5 -23   8  
  11  20  10  
  -6  19  15  
 -22  11   5  
  17   1  18  
 -23  -9   5  
  24  -6   3  
 -11  13  18  
  -1  18  17  
  24   7   0  
   8 -22   9  
  21  -4  13  
 -23 -10   1  
  -1  -2  25  
  11  19  12  
  10 -22   6  
  22 -11   3  
  -9 -23   3  
  -1 -25   3  
   2  23   9  
 -23   9   4  
  22  -3  11  
 -13  18  11  
 -17   7  17  
   9   3  23  
  13  18  12  
  12  18  13  
 -16  -6  18  
  -8 -13  20  
  16  19   0  
   0  24   7  
  22 -11   5  
  13   5  21  
  11 -12  19  
 -24  -6   1  
  13   7  20  
 -24  -1   7  
 -21 -13   2  
  16  19   3  
  20  12   9  
  -1   1  25  
 -21 -12   6  
 -18   3  17  
 -13 -21   5  
 -23   4   9  
  15  12  16  
   5   6  24  
 -11 -12  19  
  -7   6  23  
  13 -15  15  
  15  20   0  
  21  13   4  
  24   2   7  
  25  -2   0  
 -19 -10  13  
 -14 -20   5  
   4  -6  24  
   0 -15  20  
  -3  25   1  
  13  -4  21  
  22   7   9  
 -16 -19   3  
   0 -25   1  
   2 -15  20  
   0 -10  23  
  16 -15  12  
   3  12  22  
  24  -1   6  
  12   0  22  
  -9  21  10  
   9 -15  18  
  -1 -19  16  
  12  21   6  
   8  23   6  
  23   9   2  
   2 -24   7  
  15  18   8  
   0  -1  25  
  14  13  16  
 -15 -18   9  
  13 -21   3  
  21  -8  11  
 -16  -7  18  
  12  -2  22  
  -5  24   4  
  16  -1  19  
   9  23   2  
  19  -6  15  
   4  22  11  
  18  -2  17  
  -2  21  13  
  -1  22  12  
  18  -7  16  
 -24   6   1  
  -6  17  17  
   7   3  24  
  22  -8   9  
  22 -12   1  
  15 -16  12  
  -6 -17  17  
 -12   9  20  
   8  11  21  
  24   4   5  
   6 -24   4  
  -6 -10  22  
   3  22  11  
   9 -22   7  
  -5 -24   6  
  18 -15   8  
  -6 -19  15  
  18  17   0  
   7  22  10  
 -13 -19  10  
  25   1   1  
 -17  18   2  
 -12  22   1  
 -11 -10  20  
  -2  17  18  
 -22   7   9  
  15   8  18  
  24  -5   4  
   6 -23   8  
  11  22   5  
  24   3   7  
  -2 -17  18  
   2 -16  19  
 -18  17   1  
 -10  19  13  
  -7 -24   3  
  25   0   0  
   4  17  18  
  10  22   6  
  -4 -17  18  
   6 -20  14  
 -22   1  12  
  24  -3   7  
   9 -16  17  
  15   3  20  
   9   4  23  
 -21   8  11  
   2  23  10  
  17  -4  18  
 -12  21   6  
  -4 -13  21  
  -8 -19  14  
 -17  10  15  
  12 -22   3  
  15  -2  20  
   1  10  23  
  14 -16  13  
   2  24   6  
  18  17   1  
  -7 -22   9  
  -8 -14  19  
   0 -20  15  
  -6  -4  24  
   5 -21  13  
   6 -16  18  
  19  16   4  
 -15  20   3  
  15 -13  15  
 -11  17  15  
  22   3  11  
   5  13  21  
 -12 -22   3  
 -13 -21   4  
   7 -21  12  
  25   0   3  
