   4 -75  75  
  99 -13  36  
 -23 -56  87  
 -67  -1  82  
 -67 -37  73  
 -88 -59   5  
 -30  96  34  
 -46 -68  67  
 -61 -86  11  
  85 -27  57  
 -40  70  69  
 -61  12  86  
 -52 -58  72  
 -31  98  26  
  41  98   0  
  36  94  33  
  71 -54  57  
 -67 -41  71  
  82  43  52  
  31 -26  98  
  -6 -68  81  
  20  73  74  
 -91   1  54  
 -80 -60  35  
 -13 -76  73  
  57  82  36  
 -58  77  44  
 -72  39  67  
 -73 -43  64  
 -82  40  54  
  27  43  93  
 -50  51  78  
 -35  49  87  
  20 -59  86  
 -35  44  90  
  47 -38  87  
  72  -9  77  
  43 -97   1  
 -49 -67  66  
 -90   7  56  
 -89  15  56  
   3 -59  88  
 -97  10  42  
 -90  15  54  
  60  85  21  
  66 -14  82  
  76 -66  34  
  70 -74  29  
 -71  58  53  
  66  76  33  
 -23 -76  70  
 -33 -10 100  
 -62  50  70  
  85 -13  62  
  -2 -79  71  
  95  22  42  
 -68   7  81  
  55 -84  34  
  79  38  60  
  66 -67  49  
  38 -66  74  
  51  27  89  
 -41 -36  91  
  55  41  81  
 -71  54  57  
  56 -69  58  
 -42 -91  35  
  25 -54  88  
  81 -17  66  
 -89  28  50  
  93   6  51  
  16 -55  89  
 -55 -68  60  
  83 -51  42  
  34  46  89  
  -1  79  71  
 -91  28  47  
 -95  43  20  
  45  -1  96  
  18  74  74  
 -92 -38  37  
  59 -82  32  
  81  25  64  
  42  90  37  
 -34  53  85  
  12 -75  74  
  55 -73  54  
  53  81  43  
  84 -41  50  
  36 -12  99  
  15 -77  71  
  68 -76  28  
  88 -30  51  
 -60 -70  52  
 -42 -29  93  
 -61 -31  81  
 -81 -42  54  
 -74 -74  18  
 -36 -95  31  
  57 -77  45  
 -55 -59  69  
  56  -3  90  
  12 -93  49  
 -86  40  47  
  72  55  55  
 -62  83  23  
 -49 -94   2  
 -26 -55  87  
  56 -33  84  
  -5 -60  87  
 -64 -17  83  
  -8 -57  89  
 -73  -4  77  
 -13  90  54  
 -57  53  72  
 -84  28  58  
 -84  46  45  
   2 -40  98  
  13  65  83  
 -77 -57  45  
  44  40  88  
  76  18  72  
  49  51  79  
 -57  20  87  
 -30 -73  71  
 -88 -59   4  
  53  76  52  
 -55  39  82  
 -37  93  35  
  90 -53  19  
 -56 -65  62  
 -10 -94  48  
 -47  95   4  
 -37 -95  29  
 -36 -99  11  
  62  62  60  
  77  62  38  
 -70  64  47  
  68  16  80  
 -99 -37   7  
  99  19  32  
  41  70  68  
  42 -93  29  
 -93  38  34  
 -75 -63  40  
  77  20  70  
 -81 -24  64  
  16  99  35  
  99 -13  35  
  96 -44   9  
  71 -68  40  
  48  34  88  
   9  96  44  
 -18 -85  61  
  21  97  37  
 -11  93  50  
  78  71  10  
  66  34  76  
  90  28  48  
 -56  80  41  
 -92  37  37  
  88 -46  37  
  -3 -99  38  
 -45  96   1  
  80  16  68  
  20  78  69  
  95  46   7  
  39 -40  90  
 -39 -72  67  
 -87  20  57  
  63  78  34  
  73  21  74  
 -33  74  68  
 -66  72  41  
  24 -96  38  
  25 -25 100  
  33 -41  92  
  27 -80  64  
  73 -71  29  
 -41  44  87  
 -72  77  13  
 -64 -56  63  
  62  75  42  
  79  35  61  
 -21  82  64  
  93  -1  51  
 -93  28  42  
 -61 -35  79  
  52 -85  36  
 -82  60  30  
  15 -98  38  
 -15 -87  59  
 -50  91  22  
  -2  93  51  
 -46  95  11  
 -58  67  58  
 -41  58  79  
 -64 -32  78  
 -69 -57  57  
   4  95  47  
 -60 -87   7  
  70  40  69  
  -7 -50  93  
  72  -4  78  
  92 -50  18  
  57 -86  24  
  36  61  79  
 -51  24  90  
 -66   6  83  
  65  39  74  
 100 -13  33  
 -93   7  50  
 -74 -76   5  
   9 -48  94  
  62  86   2  
  83  12  65  
 -40 -71  68  
  36  95  30  
  55  10  90  
  22  93  46  
  52 -40  83  
  46 -86  42  
 -36  67  74  
  89 -25  52  
 -76  73  11  
  29  74  70  
  35 -57  82  
   9 -98  39  
 -23  75  71  
 -74 -13  75  
  89  38  43  
 -94  46  17  
 -15  35  99  
  90   5  56  
  75 -40  63  
 -58 -73  50  
 -54  56  72  
 -73 -73  24  
  60  10  87  
 -80  66  21  
 -27 -57  85  
 -51 -93   2  
  96 -32  31  
  35 -79  61  
  93   1  51  
 -28 -98  30  
 -17  90  53  
  76  64  37  
 -69  79  14  
 -51 -27  89  
 -91 -49  23  
  92  40  34  
 -74  76   3  
 -23  86  58  
 -24  71  75  
  38  54  83  
  38 -97  20  
  70  68  42  
 -77  17  71  
  67 -82   8  
 -26  72  73  
 -31  30  97  
   0 -72  78  
  53   3  92  
  88  10  58  
   2 -54  91  
  39 -44  88  
  30  96  33  
 -49  23  91  
 -54 -55  73  
 -76 -73  13  
  92 -38  37  
  61 -76  42  
 -35  39  92  
  44 -74  62  
 -24  33  98  
 -80 -13  68  
 -39 -63  76  
  22 -59  85  
  49 -90  28  
  71  17  77  
 -56  13  89  
 -98 -18  36  
  99  -6  37  
  49  54  77  
 -62  86   4  
  94  49   2  
 -36  86  50  
  69 -15  79  
 -39  81  56  
 -70 -73  31  
 -88 -10  58  
 -96 -35  29  
 -99 -21  32  
 -50 -93   6  
  96 -44   8  
  16  88  57  
 -65  69  47  
 -48  82  47  
  84 -57  31  
