 100 -71  85  
 -72  97  87  
 -66  90  99  
  96 -57  99  
 -84 -100  72  
  96  93  66  
 -98  95  60  
 -89  77  91  
 -67  96  92  
 -88  80  90  
 -68 -90  97  
 -96  69  91  
 100  81  75  
 -87  98  71  
 -96  77  84  
 -94  58 100  
  89 -88  81  
  61  95  97  
 -100 -58  94  
 -87 -72  97  
 -53 -99  98  
  56 -100  95  
  97  63  94  
 -75  85  97  
  88 -71  97  
  83 -95  79  
 -74 -91  92  
 -57 -99  96  
  76  94  87  
 -71  93  92  
  74 -96  87  
 -66 -93  96  
 -94 -97  63  
  78 -93  86  
  64  95  95  
  82 -91  85  
 -100 -69  86  
  86  92  80  
 -82  92  84  
  64 -94  96  
 -75  88  94  
 -93 -59 100  
  84 -95  78  
  90 -64 100  
 -54  96 100  
 -100  75  81  
 -90  90  77  
 -95 -58  99  
  73 -89  95  
  79 -95  83  
 -93 -78  86  
  78 -82  97  
 -84  90  84  
 -88 -95  74  
  84  96  77  
  94  89  74  
  97  84  76  
 -96  99  56  
  86  94  77  
  93 -69  94  
 -93 -90  74  
 -55  97  99  
 -97 -78  82  
  93 -71  92  
 -73 -95  89  
  91 -85  82  
 -97  87  72  
 -76 -97  84  
 -92 -75  90  
 -93  84  81  
  88 -95  74  
 100 -69  86  
 -95  95  65  
  99 -75  82  
 -100 -59  93  
 -78  82  97  
  91  91  75  
 -60 -93 100  
 -57 -96  99  
 -97 -98  56  
  74  98  84  
 -95 -96  63  
  58 100  94  
 -88  71  97  
  57 -95 100  
 -70  90  96  
 -74  88  95  
 -93  93  70  
  96 -97  60  
  74 -89  94  
  96 -81  80  
 -77 -95  85  
 -84  77  96  
 -97  98  56  
  98 -60  95  
 -80 -85  93  
  83  92  83  
  78  78 100  
  60  98  95  
  99  93  61  
 -86  75  96  
 -91 -67  97  
  82  92  84  
  93  60 100  
 -94 -61  98  
  78 -81  98  
  76  95  86  
 -53 -97 100  
  96  72  88  
 -84 -95  78  
  98  56  97  
  88 -99  68  
  81  85  92  
  97 -69  90  
  95  61  97  
 -90  88  80  
 -83 -99  74  
 100 -74  82  
 100 -86  69  
  96  60  97  
  77 -83  97  
  95  69  92  
 -99 -100  49  
 100  77  79  
 -86 -98  72  
 -77 -97  83  
  95 -73  89  
 -91 -73  93  
  91  67  97  
 -75  91  91  
 -100  96  54  
  87  76  94  
 -88  87  83  
  95 -79  83  
  84 -79  94  
 -96  78  83  
  99  69  87  
  85 -93  80  
 -57  99  96  
 -93  83  82  
 -89 -97  70  
 -91  63 100  
  95 -80  82  
  91 -64  99  
  76 -90  91  
  82 -89  87  
  88  98  70  
 -100 -91  63  
 -78 -78 100  
 -71 -90  95  
  85 -83  90  
  70  94  92  
 -97 -75  85  
 -80 -87  91  
  94  78  85  
  73  89  95  
  84 -81  93  
  77 100  79  
  87 -92  79  
 -74 -92  91  
  74  84  98  
  99 -87  70  
 -74  87  96  
 -85  86  87  
 -57  95 100  
 -74  95  88  
  76 -87  94  
 -84  83  91  
  90  83  85  
 -80 -92  86  
 -85  81  92  
  83 -97  77  
  77 -95  85  
  98  81  78  
  87  93  77  
  85  75  97  
 -88  83  87  
  56 -97  98  
 -76  94  87  
 -79 -97  81  
  91  95  70  
  67  92  96  
  96 -74  87  
 -68 -100  87  
 -94 -85  78  
  96 -91  69  
 -99  72  85  
  97 -61  95  
  86  73  97  
 -89  68  98  
  75  97  85  
  95 -89  73  
  91  98  66  
  92 -90  75  
 -84  73  99  
  72 -98  86  
  94  58 100  
 -99  96  57  
 -69  97  90  
  83  93  82  
 -84 -93  81  
 -85 -89  84  
 100 -88  67  
  87  85  86  
 100  83  73  
  66 -91  98  
 -86 -92  80  
  89 -89  80  
 -82 -93  83  
 -90  93  74  
  83  89  86  
 100  98  51  
 -85  92  81  
  91 -99  64  
 -88  96  72  
  82  99  75  
  84 -99  73  
 -95  87  75  
  84 -98  74  
  90 -86  82  
  98  55  98  
  74 -87  96  
  90  64 100  
 -77 -80  99  
 -87 -76  94  
 -99  99  51  
 -100  87  68  
  96  87  74  
  87 -84  87  
 -96  90  70  
 -71 -92  93  
 100 -95  56  
  85  92  81  
  93 -100  60  
  97  71  88  
 -76  86  95  
  81  91  86  
  96 -58  98  
 -81 -89  88  
 -93  88  76  
  72 -99  85  
 -94 -66  95  
 -80  86  92  
  99  51  99  
  92 -86  80  
  75 -97  85  
  99 -56  96  
  99 -77  80  
  78 -98  81  
 -95 -95  64  
  94 -64  96  
  93 -74  90  
 -63  99  92  
 -83  83  92  
  92  67  96  
 -68 -98  89  
  73 -94  90  
 -89 -93  75  
  56  99  96  
 -100  79  77  
  99 -93  61  
 -97 -79  81  
 -99  83  74  
 -92  84  82  
 -70  97  89  
 -100  56  95  
  87 -86  85  
  97 -71  88  
 -67 -88 100  
 -90 -71  95  
 -95 -83  79  
  92 -96  67  
  86 -90  82  
 -89 -99  67  
  86 -97  73  
 -93 -77  87  
 -99  76  81  
 -71  91  94  
  95 -63  96  
 100  92  61  
  87  82  89  
  70  89  97  
 100  84  72  
 -92 -71  93  
  89 -97  70  
 -99  58  95  
 -60 -97  96  
  58 -94 100  
  63  91 100  
  78 -94  85  
  74 -91  92  
  87 -77  93  
  80  89  89  
  98 -74  84  
  94  67  94  
  95  95  65  
  85  98  73  
 -90  84  84  
 -79 -92  87  
 -93  76  88  
