 -92  89  63  
  64  89  91  
 -99 -95  39  
  78 -77  91  
 -94  47  96  
 -93 -67  85  
 -50 -92  97  
 -51 -88 100  
 -83 -90  73  
  77 100  66  
  80  74  92  
  89 -76  81  
 -39  99  95  
 -88 -69  88  
  89  79  78  
 -96 -98  38  
 -29 -98  99  
  68 -83  94  
  90  77  79  
  65  93  86  
  97 -65  82  
  43 -94  98  
 -92 -93  56  
  71  75  98  
  70 -75  99  
 100 -83  59  
 -74 -91  81  
 -72  83  91  
 -77 -76  93  
  96  32 100  
  80 -91  75  
  54  97  89  
  97  91  51  
  88  87  71  
 -73 -88  85  
  96  94  47  
  41 -97  96  
 -96 -94  47  
 -77 -80  89  
  80 -69  96  
  45 -91 100  
 -46 -94  97  
  70 -97  77  
 -96  66  82  
 -100  79  64  
 -63 -83  97  
 -65 -96  83  
 100 -32  96  
  59 -84  99  
 -73  99  72  
 -87  56  98  
  84 -83  80  
  80  71  94  
  98  56  87  
 -91 -64  89  
 -23  99 100  
 -74 -88  84  
 -57 100  84  
 -100  26  98  
  91  91  61  
 -77  89  80  
  98  76  70  
 -91  81  74  
  95  87  61  
 -84  96  63  
  47 -100  90  
  91  77  78  
 -88 100  51  
  99 -64  80  
  85 -84  78  
 -43  99  93  
 -84 100  57  
  76  79  91  
  91 -68  86  
  87  61  95  
  71 -89  86  
 -88  88  69  
  98 -96  38  
  87  67  91  
 -76  92  78  
  54 -98  88  
  89  73  84  
 -87 -68  90  
  99  68  77  
 -56  94  91  
 -99 -31  98  
 -63 -93  88  
 -100  52  87  
 -92 -81  73  
  50 -95  94  
  89  67  89  
 -89 -96  56  
  82 -61  99  
 -66 -99  78  
 -83 -89  74  
 -74  71  99  
 -50 -95  94  
 -71 -94  80  
 -95 -60  88  
 -70 -95  80  
  87  72  87  
  73  75  97  
 -49 -93  96  
  95 -97  43  
 -49  95  94  
  96  66  82  
  18 100 100  
 100  38  94  
  87 -54  99  
 -76 -91  79  
 -100 -34  96  
 -80 -77  89  
 -53 -89  98  
  33 -97  99  
  63 -81  99  
 -100 -93  40  
  98  26 100  
 -96 -69  80  
 -83  97  63  
  53  96  91  
 -97 -90  53  
 -100  55  85  
  77  94  74  
  85 -82  80  
 -93  68  84  
 -96 -79  70  
 -63 -90  91  
 -84 -62  97  
 -84 -81  82  
  97  79  68  
 -95 -94  50  
  99 -99  26  
 -87 -91  67  
  95 100  35  
  53 -96  91  
  63 -80 100  
 -92 -80  74  
 -99  47  91  
 -68 -91  86  
  58  98  86  
 -79 -90  77  
  83 100  58  
  96  95  46  
 -68  99  77  
  86 -56  99  
 -91  63  90  
 -79 -93  74  
 -77 -95  73  
  99 -43  93  
 -99  67  78  
  95 -60  88  
  92 -95  53  
  49 -99  90  
  78  69  97  
  91  76  79  
  63 -96  84  
 -85  94  65  
 -54  99  87  
  89 -72  85  
 -79  67  98  
  94  74  77  
  98  87  56  
  96  87  59  
 -58 -100  83  
  57 -92  93  
 -87 -90  68  
  81  82  84  
  87 100  52  
 -52  99  88  
  55  93  93  
 -88  87  71  
 -89 -89  67  
 -57  85  99  
  94  96  48  
 -98  93  45  
 -48  98  92  
 -61  95  87  
  61 -88  94  
  68 -77  99  
 -77 -66 100  
 -86 -56  99  
 -70 -99  75  
 -96  93  49  
  97  29 100  
  39 -100  94  
 -36 -95 100  
  74 100  70  
  75  82  89  
  70 -100  74  
  43  97  95  
 -78 -77  91  
 100 -100  16  
 -100  43  92  
 -83 -99  60  
  95 -77  73  
 -96 -85  62  
 -100 -64  79  
  96  59  87  
  75  84  87  
 -89 -49 100  
  49 -97  92  
  98 -35  97  
 -100  95  35  
 -36 -98  97  
 100 -52  87  
 -95 -86  62  
  77 -99  68  
  82 100  60  
  93  93  55  
  61  87  95  
  98 -91  49  
 -88 -53  99  
 -55 -88  98  
 -88 -100  50  
 -51 100  88  
 -84 -60  98  
 -62 100  80  
 -58  89  95  
  88 -98  55  
  87  97  58  
  91 -87  67  
  97 -80  67  
  63  82  98  
 -82 -68  95  
  88  62  93  
  86  71  89  
  58 -94  90  
 -98 -95  41  
  81 -96  67  
  94  48  96  
  90  95  57  
  97 -76  72  
 -98  38  96  
  88  95  60  
 -100 -70  74  
  74  77  94  
  88 -67  90  
 -79  78  89  
  84  84  79  
  81  86  80  
  98  96  39  
 -93  81  71  
  99 -100  24  
 -98 -46  93  
 -83 -86  78  
 -86 -100  54  
 -84  85  78  
  57  93  92  
 -94  66  84  
  73 -86  87  
 -98  30  99  
  61  94  88  
 -68  91  86  
  94  78  73  
  98 -99  31  
 -81 -90  75  
  93 -43  99  
 -43 -94  98  
  81  70  94  
 -82 -78  87  
  92  93  57  
  65 -78 100  
 -76 -90  80  
 -66 -82  96  
 -95 -74  76  
  83  65  96  
  67  90  88  
  86  59  97  
 -97  62  84  
 -99  52  88  
  99 -98  30  
 -78  95  72  
 -96  84  64  
 -75 -74  96  
  55  96  90  
  81 -86  80  
 -77  93  76  
  83 -94  68  
 -22 -100  99  
  97  92  49  
 -100 -86  54  
 -78  93  75  
 -19 100 100  
  51  91  97  
  90 -51  98  
 -89  58  95  
 -53 -91  96  
  66  97  81  
 -79 -71  95  
 -22 100  99  
 -77 100  66  
  69  76  99  
  51 -99  89  
 -92  98  48  
 -98 -26 100  
 100 -21  99  
 -82  76  88  
  45  91 100  
  48 -94  96  
  82  93  70  
