   7   2  34  
  20 -18  22  
 -27 -20   9  
  19 -28   8  
 -13 -13  30  
 -21 -17  22  
   8  25  23  
 -22 -25  11  
 -34   4   7  
 -28 -20   7  
  16  30   9  
  13  -6  32  
 -28 -15  15  
  -1  -3  35  
  28   0  21  
  -4 -31  16  
   0 -16  31  
   8  32  11  
  24 -13  22  
 -18  -1  30  
   5 -20  28  
 -23  20  17  
 -29  19   3  
   0   0  35  
   5   7  34  
 -26  19  14  
  -2  22  27  
 -21  17  22  
 -12 -17  28  
   1  34   8  
  22  10  25  
  28   2  21  
 -35  -1   4  
   2 -34   7  
   5  25  24  
  29 -19   6  
   1 -33  11  
 -25 -24   5  
   3  14  32  
  10 -26  21  
  -7  26  22  
  27  16  16  
   1  20  29  
  -9   7  33  
  27   8  21  
  21  15  24  
  30  18   4  
  -8 -30  16  
  19 -25  15  
 -30 -12  13  
  -4 -21  28  
  11  -1  33  
  25  17  18  
  10  30  15  
 -17 -29   9  
 -25  15  19  
  27  19  11  
  -7 -21  27  
   1 -33  12  
  20   6  28  
 -17  10  29  
  10  32  10  
  -6 -34   5  
 -13 -32   4  
   9  28  19  
 -31 -16   5  
 -32  14   2  
  28   1  21  
 -32   6  13  
   7 -33  10  
 -23 -11  24  
  32  13   6  
 -30 -17   7  
   4  28  21  
   1 -35   4  
  24 -20  16  
  31   5  16  
 -10 -26  21  
  33 -11   3  
  17  30   7  
  -1  34   9  
  25  12  21  
  -9  14  31  
  35  -1   1  
  31 -16   3  
   3  33  11  
  23  -8  25  
  27  11  19  
  -7 -30  17  
   8 -26  22  
  25   9  23  
 -30  15  10  
   1  28  21  
   7  34   3  
  30  -6  17  
  20  -9  27  
 -23  11  24  
  27  21   7  
   8  12  32  
  28  16  14  
  29 -17  10  
 -23 -15  22  
 -16 -24  20  
  25 -21  13  
  19 -17  24  
  -6  33  10  
 -26 -22   8  
  35  -1   0  
 -14 -12  30  
  24  14  21  
  32 -11   8  
  23 -25   9  
 -13 -27  18  
  25  22  11  
 -27 -11  19  
  25 -23   8  
   5 -31  15  
   1  14  32  
  17  13  28  
  -9  -8  33  
 -11 -25  22  
  27 -17  14  
  22 -27   5  
 -28 -14  16  
 -10  27  20  
  12  14  30  
 -34  -7   5  
 -30 -16   9  
 -18  17  25  
 -18 -20  22  
 -26  -5  23  
  -3 -11  33  
  10 -27  20  
   1  35   2  
  23 -22  14  
  22  21  17  
 -12 -33   2  
  -9  26  22  
  -2  -8  34  
 -31   4  16  
  34   6   6  
 -24  24   8  
 -27  -4  22  
  15  25  19  
  23  18  19  
   1  33  12  
  21  23  16  
  33  -1  11  
  29  12  15  
 -15 -23  22  
 -26 -23   6  
 -35   2   1  
  31  11  12  
  30  18   0  
 -11  30  14  
 -18  30   1  
  -1 -12  33  
 -18  30   3  
  -9  24  24  
   8  28  19  
  -2 -35   1  
  18 -30   1  
 -28 -10  18  
  -9  27  20  
 -24  14  21  
  -3 -28  21  
 -26  18  15  
 -17  18  25  
  -6 -28  20  
  28  21   1  
  34   0   9  
   4 -34   7  
 -24  22  13  
 -23  16  21  
  18  28  11  
  -8   4  34  
  14   4  32  
  22   8  26  
  -6 -24  25  
   4  -6  34  
  16  12  29  
  10  26  21  
 -17 -30   6  
 -29 -12  16  
   0  28  21  
 -27   4  22  
 -24  25   3  
 -16  30   8  
 -29   5  19  
  17  28  13  
 -29   1  20  
  25  -3  24  
  -5 -34   6  
  22 -25  10  
  18 -25  17  
  24  25   6  
  23  24  11  
  21  -4  28  
   3  -2  35  
 -12  17  28  
  16  13  28  
 -21  25  13  
   0 -35   3  
  -4 -11  33  
 -32   1  14  
  27 -21   7  
   8 -22  26  
   7 -21  27  
  -3  33  11  
  -4   8  34  
   0 -27  22  
  25  -9  23  
 -24  -8  24  
   4   1  35  
  13 -32   6  
  14  31   9  
 -25 -19  16  
 -18 -30   1  
  10   5  33  
 -16 -13  28  
  17  16  26  
  21 -23  16  
 -12  -2  33  
 -31  -3  16  
  10  25  22  
  32  14   3  
 -23  -4  26  
   0 -14  32  
  10  33   6  
   5  34   6  
  18  -4  30  
 -26  22   8  
 -34   7   4  
  23  21  16  
 -33   8   9  
  -3 -26  23  
  25 -14  20  
  -1  33  11  
  31  16   3  
 -32  12   8  
  35   2   2  
   4 -34   8  
  -6  20  28  
 -10 -21  26  
  32 -13   4  
 -32  -7  13  
 -18  22  20  
  28   8  19  
 -35  -3   2  
  20  29   1  
 -34   7   5  
   8  34   0  
  12 -14  30  
 -30  17   6  
   5  16  31  
 -23  22  15  
  12  29  16  
  21  12  25  
  28  -9  19  
 -24   5  25  
  27 -22   4  
  20  21  20  
  12  26  20  
  34  -9   0  
  19  -6  29  
 -19  -8  28  
  29  15  12  
  12  25  21  
  35   1   4  
 -25  22  11  
  -9  13  31  
 -24  -6  25  
  14 -19  26  
 -33 -11   2  
 -19  27  12  
  33  -9   7  
  11 -30  14  
 -25 -16  19  
  23 -25   8  
   2 -31  16  
 -21  -7  27  
  29  19   6  
 -31  16   5  
 -22 -26   8  
  -6 -26  23  
 -18  10  28  
   1 -22  27  
  32   5  13  
 -32 -13   7  
  -8  18  29  
   1  -4  35  
 -31 -12  11  
  -4  -8  34  
   9  34   2  
  -8  19  28  
 -14 -28  16  
  16 -31   5  
 -24  -9  24  
 -30  18   4  
   6  24  25  
