  97   7  35  
  28 -99  12  
 -22 -98  26  
   3  83  62  
  68  28  73  
  47 -92   3  
  87  52  20  
  36 -80  55  
  91 -42  26  
  14  70  75  
  53 -70  55  
  -8  29  99  
  -9 100  26  
   7  80  65  
  79 -67   2  
  56  86  15  
  -7 -84  60  
  85  59   5  
  30 -98  13  
  49  78  47  
 -55  50  72  
  51 -72  54  
 -95 -23  34  
 -40 -94  15  
 -88 -20  51  
 -100 -25   8  
  36  95  21  
  61 -58  60  
  26  76  65  
 -61 -77  32  
 -79   3  67  
  38  91  32  
 -40 -75  59  
  86 -57  10  
  34   0  98  
 -93  43  14  
  70  52  56  
 -64  60  55  
  26  62  79  
  -9 -49  91  
  75 -40  59  
  70 -17  74  
  73  15  72  
 -25  98  21  
 -13 -97  33  
 -63 -81  14  
  89  53   1  
 -11  62  82  
 -60  63  56  
  -9 -87  55  
 -58 -55  66  
 -39 -46  84  
 -15 -60  83  
 -65 -75  29  
  33   3  98  
  47 -40  83  
  -6  60  84  
  99  23  19  
 -23  87  51  
 -64 -15  80  
  -4 -47  92  
 -59 -83  18  
 -44 -29  89  
 -65 -80  10  
  90 -49  14  
 -24 -97  26  
  50  32  85  
 -87  35  44  
  86  19  54  
 -24  79  62  
  -9 -90  50  
  34  93  30  
  16 -67  77  
 -82 -33  54  
  95  40  11  
  72  60  44  
  44  39  85  
 -47 -14  91  
 -27  69  72  
 -91 -33  36  
 -52 -47  76  
  95 -34  22  
 -87 -45  33  
  56 -78  39  
 -79 -65  16  
   7 -56  87  
  33 -70  69  
 -67  10  78  
 -68 -37  69  
  68  56  54  
  35  57  79  
 -54  78  42  
 -10  55  87  
 -88 -10  54  
  25  38  93  
  56  87   0  
  51  61  66  
 -69 -75  17  
   3  64  81  
 -55  87  10  
  28  78  62  
  17 -21 100  
  70  17  74  
  85  58  11  
  35  85  48  
 -38  85  45  
  76  35  61  
  63 -75  34  
 -29 -98  15  
 -48 -89  22  
 -32 -77  61  
  92  23  42  
  45 -30  88  
 -81  40  51  
  26  25  97  
 -81  49  42  
  56 -71  50  
 -50  74  52  
  47  88  27  
  23  54  85  
   1 -47  92  
  16 -45  92  
 -50  21  88  
  73 -64  36  
 -67 -65  45  
 -93 -29  35  
 -96 -38   9  
   4 -89  53  
 -90  19  47  
 -22  46  90  
 -93   4  45  
 -92 -38  28  
 -21 -87  52  
  -5  43  94  
  60  84  10  
 -35 -56  80  
 -55  22  85  
  36 -60  76  
  10 100  24  
 -88  -1  54  
  23  66  76  
 -51 -33  84  
  47  92   3  
  93 -26  37  
 -72  73  14  
  27  -100   4  
   1  96  39  
 -53  89   2  
  79 -66  11  
   6  91  49  
 -45  54  76  
 -65 -17  79  
 -44 -17  92  
 -37  95  17  
 -35  78  58  
  54  73  50  
 -58  85  10  
 -97  -4  36  
 -48 -87  29  
  74  72   9  
  45 -54  76  
 -13  74  71  
  23  92  42  
  62 -55  62  
  61  68  49  
  17 -100  20  
 -84 -22  56  
 -40  32  90  
  77  48  50  
 -50 -89  17  
 -67  51  60  
 -42  88  35  
 -17 -34  96  
  84 -34  50  
 -92  17  44  
 -68  65  43  
  33  85  49  
 -36 -97   1  
  34  96  18  
  93  42  17  
  88  28  47  
  98  23  24  
  -1 -70  76  
  11 -79  66  
  72 -34  66  
 -23  49  88  
 -60  24  81  
  10  64  81  
 -65  76  26  
  -6  74  72  
  63  -3  82  
  27 -72  69  
  96  28  26  
  38  83  49  
  38 -31  91  
  40 -76  58  
 -65  46  66  
  64 -79  18  
 -59 -51  68  
  24 -36  94  
  25  62  79  
 -14 -56  86  
 -59 -82  22  
 -91  27  41  
  92  47   8  
   4 -72  74  
  30  19  97  
 -91  10  48  
  44  92  19  
 -57  70  51  
 -72 -13  73  
  69 -28  72  
 -36 -64  73  
  94  30  32  
 -67 -56  56  
  18  66  78  
  86 -31  49  
 -79  50  44  
 -25 -27  97  
  31 -30  94  
  25  42  91  
  -2 -73  73  
  55 -63  61  
  77 -67  16  
  32  37  91  
  15  69  76  
  96   2  39  
  44  93  12  
 -99  25  18  
  63  69  44  
 -25  32  95  
 -51 -88  20  
  81  15  63  
  23 -85  54  
 -44  40  85  
  30  91  39  
 -63  80  18  
  84  60   6  
  -3 -100  26  
 -27  54  84  
 -39 -82  50  
 -40  26  92  
 -40  91  28  
 -44 -18  92  
  -4 -83  62  
 -34 -95  24  
  81  55  33  
  10  37  96  
  54  60  65  
  77 -67  18  
  35  97   7  
 -42  82  47  
  95 -31  27  
  47   0  92  
 -96 -36  13  
 -74  72  10  
  80  13  64  
  42  92  22  
  -9 -86  57  
  50  74  52  
  30  49  86  
  52   9  89  
  16 -99  25  
  52  -6  89  
  53 -67  58  
 -68  63  46  
 -46 -10  92  
 -53 -87  19  
 -73 -67  30  
  24 -62  79  
 -33  -2  98  
 -36 -50  83  
  92 -27  39  
  50 -39  82  
  46  86  34  
  32 -66  73  
  49  76  50  
  26 100   3  
  94 -35  25  
 -90 -27  43  
 -92   0  47  
 -56 -27  83  
  91  49   4  
  42  56  76  
  60 -59  60  
 -21 -80  62  
 -67 -27  74  
 -59 -81  26  
 -12 -56  86  
  54 -86  20  
 -49 -27  87  
  -6 -77  69  
 -25 -97  26  
 -23 -91  44  
 -35 -46  86  
  69 -69  35  
  20 -84  57  
  56  81  32  
 -50 -80  42  
  89  37  38  
