  33 -51  55  
 -69 -39  21  
  42  13  69  
 -59 -11  56  
 -37 -36  64  
  68   9  45  
 -24   5  78  
 -50  44  48  
  53 -62   9  
  14  81   0  
 -25   6  78  
 -25  61  49  
  43  65  26  
 -17  62  51  
  72 -28  28  
 -52 -38  51  
  30  48  59  
  -6 -24  78  
 -66   7  48  
 -21 -31  73  
 -25 -61  49  
  17 -80   0  
  80   5  18  
  29 -74  21  
  15 -74  32  
 -18  35  72  
 -68 -44  12  
  73 -34  15  
  12 -64  50  
  -4 -60  56  
 -61  23  50  
 -81  13   1  
 -32  66  37  
  35 -55  50  
  44   4  69  
  42  25  66  
  81  -9   8  
 -33  24  71  
  73  17  33  
 -37   6  73  
 -66  39  29  
 -18 -59  54  
  64 -48  17  
 -18 -39  70  
  22 -78  14  
 -22  72  32  
  52  -9  63  
 -10 -29  76  
  22 -67  42  
 -24  78  10  
 -51 -64   8  
  23 -66  43  
 -33  69  29  
 -80   5  18  
  12 -18  79  
  60  50  25  
  40  19  69  
 -38 -38  62  
 -77  27   6  
 -44 -12  68  
  55 -24  56  
 -76  28  13  
 -71 -41   3  
 -45 -68   9  
 -65   1  50  
  14 -77  24  
  71 -31  27  
  62 -49  22  
 -52 -47  43  
   1 -82   3  
  16  47  65  
  32  55  52  
  38 -66  30  
 -71 -37  17  
  64 -24  45  
  39 -63  35  
 -24 -74  26  
  64 -50  10  
 -41 -69  17  
  29 -39  66  
 -15 -54  60  
  20 -76  23  
  24  61  49  
 -44  -7  69  
 -37 -42  60  
  25   6  78  
 -78   0  26  
  38  72   8  
  73 -37   1  
   7 -79  21  
  52   6  63  
 -41  53  47  
   0  31  76  
 -59 -57   1  
  74 -35   6  
 -76 -14  28  
 -24 -44  65  
 -65  31  39  
  62 -48  24  
  37   3  73  
  50 -65   5  
  59 -52  23  
  79  20   9  
 -69 -18  40  
  56 -50  33  
   9  55  60  
 -76 -28  12  
  13 -22  78  
  22  35  71  
 -50 -25  60  
  55  30  53  
  56 -35  49  
  41 -71   2  
  -6  17  80  
  77 -24  15  
 -75 -11  31  
  -5  80  17  
 -17  50  63  
  23 -78  10  
 -32  22  72  
 -32 -33  68  
  -9 -21  79  
  -3  21  79  
 -23  76  20  
 -79 -16  16  
 -75 -22  24  
   3 -82   3  
 -30 -52  56  
 -36 -31  67  
 -36  65  35  
  72  12  37  
  60  45  33  
 -31 -29  70  
  48 -13  65  
 -79   2  22  
  59  55  14  
   4  65  50  
 -18  78  18  
  35  -3  74  
  -9 -57  58  
  29 -75  15  
  17 -71  37  
 -12 -76  28  
  37 -63  37  
 -21  45  65  
  30  75  14  
 -23 -30  73  
 -31 -10  75  
  12 -50  64  
 -46 -68   5  
  69  23  38  
  -8 -27  77  
  64  36  37  
  50 -58  30  
  44  69   1  
 -39 -37  62  
 -32  10  75  
 -62   7  53  
  32  15  74  
  44  62  31  
 -68 -15  43  
  35   8  74  
 -50   2  65  
 -46  63  25  
  17  71  37  
  53 -10  62  
  50  33  56  
 -22 -71  35  
  57  38  45  
  32 -56  51  
 -73 -30  23  
 -49  57  33  
 -62  12  52  
   5  41  71  
 -73   8  36  
  74  35   6  
  74  35   0  
  31   4  76  
  37   4  73  
  19  12  79  
  36  69  26  
 -53 -14  61  
  19  74  30  
  64 -10  50  
  44  63  29  
 -74 -31  17  
 -53 -10  62  
  80 -10  15  
  41 -65  29  
  55  60  11  
  25  64  45  
  75  28  18  
  69  11  43  
  16  72  36  
 -15  21  78  
 -76 -30   9  
 -69  40  18  
  11 -66  47  
  33 -59  46  
  33  69  29  
  57 -54  24  
 -51 -23  60  
  61  44  33  
 -70 -24  35  
 -66  25  42  
  -1  62  54  
  80  17   7  
 -78   1  25  
 -56  52  30  
  -5 -68  46  
  36  48  56  
  64 -45  24  
   6  81  11  
 -11  43  69  
  27 -50  59  
 -49 -10  65  
  73  24  28  
 -53  47  41  
  61  52  18  
  72  20  34  
 -47  66  12  
  42   8  70  
  44 -41  56  
 -34  16  73  
  73 -37   8  
  36  54  50  
 -67 -37  30  
  65 -21  45  
  12 -46  67  
  35  71  22  
 -40  11  71  
  62  44  31  
   3  28  77  
 -53 -54  31  
  41 -46  54  
  17 -19  78  
 -50 -12  64  
 -66 -13  47  
  39  71  12  
 -43 -55  43  
  15 -69  42  
  16 -80   9  
  33 -62  42  
 -15 -74  32  
 -64 -36  37  
 -42  59  38  
 -44  39  57  
  44 -29  63  
 -13  47  66  
  50 -54  36  
  49 -49  44  
  57  19  56  
 -78  -9  24  
   4  13  81  
  22  27  74  
  80 -18   5  
 -41  71   4  
  -5 -28  77  
  -9  81   9  
  44   2  69  
 -15  65  48  
 -67 -36  31  
 -42  56  43  
  37 -71  18  
  54  44  43  
  10  20  79  
  71  41   1  
  34  46  59  
  -5  63  52  
 -77  -1  28  
 -82   2   3  
  82   0   5  
  55  58  19  
 -39 -12  71  
  39  62  37  
  43  66  23  
  76  -4  31  
  73  -6  37  
  33 -18  73  
  58  53  23  
 -60  11  55  
 -58 -48  32  
  12 -26  77  
  46  35  58  
  75 -17  28  
  62  38  38  
 -69  -7  44  
 -56  51  31  
  65   5  50  
  49  62  22  
 -11 -69  43  
  69  14  42  
 -21  64  47  
  10 -68  45  
  27 -69  35  
  65 -25  43  
  38 -49  54  
  57 -30  51  
  -9  49  65  
  22  18  77  
