  98 -33  84  
  65 -72  91  
  34  82  99  
  98 -72  54  
 -62  76  90  
  54 -89  83  
 -94 -85  41  
  96  45  80  
  94  94   1  
  85 -96  35  
  94 -80  50  
 -93 -36  88  
 -21 -86  99  
 -68 -72  89  
  91  91  34  
 -69 -73  87  
  96  43  81  
 -86 -96  33  
 -77 -92  57  
  64 -83  82  
 -95  93   5  
  73 -96  56  
  94 -49  80  
  93 -83  46  
  58  98  69  
 -100 -82  32  
  68  90  70  
  70 -91  67  
 -93  42  85  
  58 -73  95  
 -94 -61  72  
 -79  47  96  
  52 -90  83  
 -82  93  48  
 -61 -75  91  
 -100 -66  58  
 -23  85 100  
 -49  83  92  
 -90 -47  86  
  88   0 100  
 -18  98  88  
 -79  56  91  
  85 -96  36  
 -14  96  91  
 -34  98  83  
  76  76  78  
 -67 -97  62  
 -92  52  81  
  51  81  92  
 -42  99  78  
  99  26  85  
  71 -62  94  
  95 -66  66  
  96   7  92  
 -100  29  83  
  88  97  24  
  73 -70  86  
 -84  57  86  
 -82 -69  79  
  99 -89   4  
 -45 100  75  
 -95  92  13  
 -100 -52  71  
  98 -41  80  
 -51  73  99  
  80  72  78  
 -58 100  66  
 -100  31  82  
 -91 -86  45  
  91  96  12  
 -100  58  66  
  31 -95  88  
  76  79  75  
  32  98  84  
 -97  91   8  
  -7 -93  95  
  73 -99  51  
 -71 -99  53  
  76  86  67  
  52 -80  93  
 -88  94  34  
  93  -1  95  
  88 -87  49  
 -48  76  98  
  96 -92   6  
  62 -89  77  
  92 -88  38  
  27 -96  88  
 -92  79  55  
 -68 -93  66  
 -88 -65  76  
  61 -69  96  
 -12 -100  87  
  13 -93  94  
 -81  64  84  
  96  69  61  
  63 -66  97  
  75 -93  59  
 -53  70 100  
  84 100  24  
 -86 -68  75  
  89 -28  95  
 -50 -72 100  
  71 -77  82  
  -2  94  94  
 -27  99  85  
 -70  81  79  
  66 -99  59  
  14  94  93  
  67  66  94  
 -50 -100  72  
 -49 100  73  
  95  75  55  
 -34 100  81  
  97   4  91  
  88  97  22  
  74 -84  72  
  69  81  80  
 -64  75  89  
   6 -95  93  
 -77 -79  74  
  98 -36  82  
  95  70  61  
  88  14  99  
  90  14  97  
  98  70  57  
  90  98   2  
 -77  63  88  
  13  87 100  
 -78  62  88  
  96 -80  46  
 -11 -90  97  
  99 -80  39  
 -80 -60  88  
 -74  47 100  
 100  24  84  
  68  89  72  
 -41 -79  99  
 100 -28  83  
  88  61  79  
  81 -52  92  
 -70  89  70  
 -96 -85  35  
 -95 -92  15  
 -97  75  51  
  27  98  86  
 -78 -97  47  
 -80 -91  55  
 -80 -93  52  
 -97 -41  81  
  14  96  91  
 -95  65  67  
 -18 -91  95  
 -66 -87  76  
  75 -98  49  
 -93 -39  87  
  43  76 100  
  50  75  98  
 -95  14  92  
  93  83  46  
 -83  91  50  
 -85  41  94  
 -82  40  97  
  55 -74  96  
 -80 -78  72  
 100  18  86  
  91  -5  97  
  70 -100  53  
 -99  89   5  
 -12  93  94  
  94 -65  68  
 -83  74  73  
  65 -59 100  
 -99  43  78  
  11 -99  88  
  94 -80  49  
  76  55  94  
 -84 -35  97  
 -62  73  92  
 -65 -71  92  
 -92  66  70  
  89  75  64  
  65  76  88  
 -44 -99  77  
 -100   3  88  
 -76  57  93  
 -55  68 100  
 -68 -100  55  
 -90  12  97  
  56  78  92  
 -63 -64  98  
  43 -91  87  
  96   0  92  
  90 -12  97  
 -78 -74  78  
 100 -87  12  
 -78 -45  98  
  76  83  71  
  -1 -90  98  
  93 -81  50  
 -66  79  84  
 -83  93  46  
 -98  -2  90  
 -48 -97  77  
  97 -57  71  
   8 100  87  
  90  90  38  
 -92  87  40  
 -96  72  57  
 -92  95  15  
  38  97  83  
 -91  62  75  
 -77  44  99  
 -80 -90  57  
 -81 -34 100  
  42  99  78  
 -92  75  60  
 -85 -21 100  
  60 -93  74  
  80  92  53  
  32  84  98  
 -62 -80  86  
 -52  72  99  
  93  25  92  
  83  45  94  
 -90 -95  23  
  75  53  96  
  88 -23  97  
  80  85  64  
 -92  67  69  
  86  86  54  
 -81  41  97  
 -58  73  95  
  92  82  50  
  83  95  42  
 -79 -43  98  
  91  97   6  
  72 100  50  
 -57 -90  80  
  80 -80  70  
 -85 -26  99  
 -10 -88  99  
  93  -2  95  
  97  49  77  
 -87 -91  43  
  31 -100  82  
 -97 -88  23  
 -55 -83  88  
 -96  49  78  
 -92 -38  88  
  80  66  83  
  94 -91  25  
 -84 100  26  
 -78 -56  92  
 -93 -63  71  
 -67  88  74  
  87  31  96  
  51  92  81  
  96  42  82  
  62 -81  85  
  91 -87  43  
  75  63  90  
  59  96  71  
  15 -91  96  
  89 -98  14  
 -80  45  96  
 -65 -83  81  
 -98 -24  87  
 -93 -94  16  
  13  90  97  
  51 -86  88  
  63  91  74  
 -83  68  79  
 -91  67  70  
 -91  88  40  
  21 -85 100  
  80 -71  79  
 -93 -81  50  
  97 -11  90  
  49  87  88  
 -99  44  77  
  53  74  97  
  87  13 100  
  78  54  93  
 -94 -49  80  
  90 -86  47  
  42 -77 100  
 -86 -58  83  
 -90 -53  82  
 -65  87  77  
 -92 -93  24  
 -75 -97  51  
 -77  92  57  
  93 -93  21  
 -100  84  26  
 -65 -67  95  
 -53 -94  78  
  99  38  80  
 100  80  36  
 -77  99  45  
