 -14 -33  58  
   1  56  39  
 -17  62  22  
   7  52  43  
   7 -15  66  
 -63   8  24  
  33 -39  45  
 -66   2  17  
  49 -26  39  
  36  46  35  
  16  -2  66  
 -53 -38  20  
  21  64   8  
 -56 -18  34  
  15 -48  46  
 -61   2  30  
 -32 -59  12  
  19   3  65  
  31 -46  39  
  12 -67   1  
   4  48  48  
  61 -23  20  
  -9 -50  45  
   1  26  63  
  59   9  33  
 -17 -66   1  
  59  26  21  
 -12 -66  10  
  10 -67   6  
 -12 -67   1  
 -58 -26  24  
 -21 -22  61  
 -53  -9  42  
  66 -11  11  
 -22  48  43  
  53  19  38  
 -41 -18  51  
  46  50   4  
  -6 -31  60  
 -21  62  19  
 -46 -29  41  
   2  37  57  
 -66  17   2  
  -6  27  62  
  14  24  62  
 -48  -1  48  
  18 -59  29  
   1  48  48  
  39 -35  43  
  13  60  29  
 -62  21  18  
 -46  17  47  
 -26 -18  60  
 -65 -15  14  
  30 -39  47  
  39 -38  41  
 -66  11  11  
  -4 -30  61  
 -20  47  45  
  29 -60  13  
  20 -63  16  
  18 -41  51  
  30 -60  11  
 -35  56  16  
 -50 -37  27  
 -27  59  20  
  -3  -2  68  
  31 -60   6  
 -56  19  34  
  22  56  32  
 -45  24  45  
   9 -57  36  
 -11  11  66  
  63  -9  24  
 -45  48  18  
  -3  12  67  
  -3  68   4  
  33 -56  20  
  32 -43  42  
  57  20  31  
  48 -47  11  
 -55  40   2  
  57  28  25  
  59   3  34  
 -53 -23  36  
 -39 -34  44  
  17 -57  33  
 -29 -61   9  
  13 -36  56  
  14  57  34  
 -26  47  42  
 -33 -57  17  
  24  30  56  
 -25 -62  13  
  53  21  37  
  65 -20   2  
 -11 -48  47  
   2 -48  48  
 -35 -22  54  
   6 -25  63  
 -47 -49   2  
  30  61   3  
  22 -63  12  
  39 -45  33  
  62 -11  26  
 -41  -5  54  
 -56 -13  36  
 -50 -43  16  
  -5 -45  51  
  -1   4  68  
 -52  41  16  
 -32  47  37  
  54  41   2  
  66 -12  11  
  24  45  45  
 -58 -29  20  
 -55  -5  40  
 -28 -55  29  
   1 -45  51  
   5  23  64  
  65  16  13  
 -46 -50   6  
 -44 -38  35  
 -48  47  10  
  10  -3  67  
 -51 -22  39  
  54 -41   4  
  -9  60  31  
  54  -2  41  
 -32 -37  47  
  41 -50  21  
 -44  40  33  
  38 -55  12  
 -20 -62  20  
  53  35  24  
  66 -14   7  
 -56 -12  37  
  51 -44  11  
  -2   3  68  
  27 -35  52  
 -44  10  51  
 -53  41  12  
 -43  35  39  
 -23  57  29  
 -19  48  44  
  29  -6  61  
 -22 -35  54  
 -59 -29  18  
  53 -14  40  
 -52  35  27  
  62 -23  16  
  61 -15  26  
  -3 -41  54  
 -55  26  30  
 -63 -22  14  
  49  37  29  
  27  41  47  
  42  37  39  
 -34  44  39  
 -21 -64   8  
  -2  67  12  
  39 -34  44  
 -60 -31   7  
  41 -33  43  
  46  -3  50  
  58  -6  35  
 -56 -17  35  
  65  -4  20  
 -59 -26  21  
 -30 -54  28  
  42  13  52  
  44  52   0  
  32  43  42  
 -13  51  43  
   9   6  67  
  37  27  50  
  14  58  33  
 -25  54  33  
  20 -52  39  
  35  11  57  
  15  49  45  
  20 -25  60  
  40 -48  27  
  34  59   0  
 -26  57  26  
  63  24  10  
  25   1  63  
 -38  30  48  
  55 -33  23  
 -34  11  58  
  25 -12  62  
 -32  40  45  
 -62  10  26  
  58 -35   7  
  14 -15  65  
  59  -4  34  
  23 -42  48  
  65  -4  19  
  19 -65   4  
  -9 -57  36  
 -51  44   8  
 -35  28  51  
 -35 -52  26  
   0  41  54  
  30  55  27  
 -30  16  59  
 -53  39  17  
 -55  29  27  
  65  19   7  
 -10 -58  34  
 -56 -38   4  
 -18 -27  60  
  42   7  53  
  58 -15  32  
 -62 -16  23  
 -63  -1  26  
  28  60  15  
  68   1   5  
  22 -64   5  
 -20  58  29  
   0  59  34  
 -18  40  52  
 -45 -51   1  
  16   0  66  
 -13 -49  45  
 -51 -19  41  
  37  40  41  
  -6  67  10  
 -58 -33  13  
 -53  -6  42  
 -41 -36  41  
  44 -33  40  
  -3  45  51  
 -36  27  51  
  18  54  37  
 -62 -24  14  
 -43  52   8  
  29  14  60  
  50  32  33  
  16 -59  30  
  45  49  15  
 -32 -42  43  
  43  44  29  
 -12 -66  12  
   5 -67  12  
 -51   0  45  
  58 -31  17  
  26  57  27  
  50 -28  37  
  38 -48  30  
 -41  54   4  
  36 -23  53  
 -32   2  60  
 -38  47  31  
  48 -28  39  
  22  43  48  
 -17 -12  65  
 -17 -60  27  
  17  44  49  
   7  58  35  
 -27  61  12  
  63  24   8  
  14  66   8  
  68  -2   3  
 -27  -6  62  
 -27 -59  20  
  15  61  26  
 -53  35  24  
  16  28  60  
  43  27  45  
 -46  40  30  
   3  67  11  
  -8  27  62  
  19  38  53  
  37  57   2  
  35 -17  56  
 -29  43  44  
  -8 -59  33  
  59  34   1  
   3 -47  49  
  60  -8  31  
  40  32  45  
 -32 -16  58  
 -26  42  47  
  -9 -39  55  
  57  36   9  
 -45  13  49  
   1  12  67  
  31 -55  25  
 -26 -38  50  
  55  17  36  
  38  55  13  
 -51  -1  45  
 -15  14  65  
  60  23  23  
  25  48  41  
  30 -48  38  
 -58   5  35  
  -1 -39  56  
  29  44  43  
