 -22 -32  25  
 -38 -18  19  
  44 -14   0  
 -40 -19  13  
 -33 -28  16  
  32 -32   7  
  43  -7  14  
   2   1  46  
 -43   7  15  
  32 -12  31  
 -34 -30   8  
 -36 -23  17  
 -28 -27  25  
  40 -20  10  
  40  21   8  
 -11 -25  37  
   7  -8  45  
 -43  16   3  
  20 -39  14  
  37  -2  27  
 -41  18  11  
  28  -6  36  
 -42  18   6  
 -10 -44  10  
 -22 -23  33  
 -33 -30  12  
  22 -30  27  
   1 -39  24  
  -8 -31  33  
  21  41   4  
 -18  25  34  
  -5  -9  45  
 -12 -43  12  
 -23 -40   1  
  36 -23  17  
 -20  37  19  
 -39 -10  22  
 -39  -7  23  
  21  21  35  
 -18  41  10  
   8  43  15  
   5 -12  44  
  39 -24   2  
 -13 -34  28  
 -43 -17   1  
  -8  -7  45  
  17  19  38  
 -25  37  11  
  -4  37  27  
 -23  24  32  
  36  29   1  
  -8  45   3  
 -26 -37   7  
 -36  28   5  
  46   2   3  
  43 -13   9  
   7 -45   6  
  17 -20  38  
 -17 -43   1  
  41 -17  13  
 -22  29  28  
  46   4   2  
 -28  19  31  
 -29   6  35  
  27   3  37  
 -43 -12  12  
 -40 -21   9  
  26 -35  14  
 -38  16  20  
  36  -6  28  
 -37  27   6  
 -30  16  31  
  46  -3   0  
 -26  33  19  
 -12   7  44  
 -41 -11  18  
 -13 -42  14  
  23  35  19  
  45  -4   8  
 -42  19   3  
 -14 -16  41  
 -15 -19  39  
  -1 -24  39  
   1   3  46  
  26  38   0  
 -21  36  20  
 -36  20  21  
 -27   2  37  
 -22  11  39  
 -17  32  28  
 -16 -19  39  
 -23  40   3  
  -4 -33  32  
  43  16   1  
 -25  -5  38  
 -23 -36  17  
  37  23  14  
 -39  24   2  
  41 -12  17  
  23 -24  32  
  23 -40   0  
 -13 -29  33  
 -36  14  25  
 -26 -38   1  
 -15 -24  36  
  44 -10   8  
  46   4   0  
 -13 -37  24  
  -2  37  27  
  38  26   3  
  29  35   6  
 -23 -28  28  
 -39  24   3  
  19  38  18  
  27 -36   9  
 -41  20   5  
   9  44  10  
  34   3  31  
  37  27   5  
   7  42  17  
   2  31  34  
  -2   3  46  
  15 -41  14  
  21  39  12  
 -44   9  11  
  37  26   7  
  -4  46   1  
  40  23   1  
 -43   9  13  
  10  22  39  
  23   7  39  
  21 -24  33  
 -37  15  23  
   8  33  31  
  44  -2  14  
 -15 -42  12  
  38  17  19  
  10  -2  45  
 -44   2  14  
  23 -21  34  
 -29  30  19  
  41   5  20  
 -14  36  25  
 -39  24   1  
  -3 -18  42  
  -7  18  42  
  34  25  18  
 -22 -33  23  
  38  -7  25  
  11 -32  31  
 -17 -28  32  
  -4 -36  28  
   4  28  36  
 -26  14  35  
  39 -15  19  
 -38   1  26  
  -1 -29  36  
 -33  32   3  
 -29  -8  35  
   0 -42  19  
  -5 -39  24  
  -3 -39  24  
 -11  41  18  
   9 -32  32  
  12  -7  44  
  31  22  26  
 -25  -6  38  
 -18  39  16  
 -24 -39   1  
  -6  45   7  
  -7 -12  44  
 -36 -14  25  
  19   9  41  
  43  15   7  
  41 -17  12  
  13   9  43  
 -20 -38  17  
 -39  19  15  
   1 -35  30  
  14 -32  30  
  -1 -10  45  
 -19 -18  38  
 -13  21  39  
 -46   1   1  
  -2 -41  21  
 -30   3  35  
  -3 -46   1  
 -19  23  35  
  29  -6  35  
  31 -24  24  
  35  -2  30  
  35   8  29  
  -9  21  40  
 -43   4  16  
  -5  39  24  
   7 -30  34  
 -15  35  26  
  -4  13  44  
  -2  34  31  
  21  24  33  
 -13  24  37  
  -9 -26  37  
  34 -10  29  
   7 -39  23  
  26 -19  33  
 -23  31  25  
 -21  39  13  
  36 -14  25  
 -22  14  38  
  33 -30  11  
 -31  22  26  
 -31  24  24  
   0   3  46  
  22 -13  38  
 -13  39  21  
  45   5   9  
  -9   3  45  
   7 -33  31  
 -21  31  27  
  19  32  27  
   0 -35  30  
 -18  10  41  
 -16  28  33  
 -43  -5  16  
 -32 -22  25  
 -16 -43   4  
 -18 -31  29  
 -24   0  39  
  13 -37  24  
  29  19  30  
  14  38  22  
 -36 -28   7  
  -8  43  14  
 -43  -6  15  
  26 -12  36  
  18 -42   6  
   9 -44  10  
 -40  -5  22  
 -35  28  11  
  12  12  43  
 -34 -14  28  
  10  -1  45  
 -41 -21   1  
 -44 -11   9  
  13 -35  27  
  42  17   9  
  28  28  23  
 -37  21  18  
  -8  38  25  
 -21 -37  18  
 -34  28  14  
 -38 -12  23  
  43 -15   7  
  33  -4  32  
  -8 -17  42  
   7  22  40  
  32  -2  33  
  38  -6  25  
 -45  -8   3  
  -2 -16  43  
  -2 -26  38  
   0  -2  46  
  35  17  25  
  14  41  16  
  -3  -1  46  
  -6 -29  35  
 -20  26  32  
 -13   2  44  
  25   7  38  
  28  35  11  
   3  46   1  
  -2  39  24  
   4 -18  42  
  19 -40  12  
 -39   3  24  
  24 -36  16  
 -39  19  16  
 -40  16  16  
  -2  44  14  
 -23 -15  37  
   6 -45   7  
  12  38  23  
   0  31  34  
  -9 -38  24  
  41 -14  15  
 -41 -17  12  
 -17  35  25  
 -33  29  14  
  20 -41   5  
 -38  -9  24  
 -16  -1  43  
   5  -9  45  
 -26 -38   3  
 -38  -2  26  
   2  21  41  
   8   3  45  
   3 -37  27  
 -13 -42  13  
 -30   2  35  
  22 -40   7  
