  34 -11  88  
 -63 -71   2  
 -54  32  71  
 -84 -15  42  
  65  59  36  
 -89  -6  33  
 -70  46  45  
 -23 -77  51  
  64 -62  33  
 -58 -49  57  
  33  71  54  
  68 -52  41  
 -17 -39  85  
  28 -46  78  
 -38 -63  60  
 -79 -45  27  
  80 -51   1  
 -68 -66   8  
 -57  13  75  
  28  32  85  
  34  88  13  
  90  30   0  
 -46   5  83  
 -80 -44  27  
  51  69  41  
 -44  32  78  
  35 -35  81  
  14  52  78  
  47 -47  68  
  49  19  79  
  29  -9  90  
  -8 -74  59  
 -53  58  53  
  61 -52  51  
  17  37  86  
  18 -40  84  
  56 -50  58  
  38 -65  58  
 -30  82  38  
  45  77  32  
 -44  72  44  
  21  72  58  
  89  33   7  
 -87  33  19  
  36  85  22  
  54 -30  72  
 -28  88  22  
  26 -21  89  
 -78   5  54  
 -90  -8  29  
 -31  63  64  
  19 -42  83  
  -7  70  64  
  83  41  22  
  32  44  78  
 -61 -54  49  
  84 -14  42  
 -27  89  19  
 -22  78  50  
  17 -21  91  
  23 -88  28  
 -79   3  53  
  80 -18  48  
 -51  58  55  
  87  21  32  
  11 -37  87  
  26  -8  91  
  38  34  80  
 -23 -89  23  
   5 -95   4  
  87  -6  38  
 -21 -88  29  
  53  79   4  
 -36  47  74  
  81 -40  30  
 -84 -44   4  
  46  77  31  
  52 -20  77  
 -44 -78  32  
 -54 -21  75  
 -78  47  27  
  11 -91  25  
  54 -78   2  
  28  -2  91  
   0 -83  46  
  39  51  70  
 -43  37  76  
  77  45  32  
 -92  16  17  
 -37 -84  24  
  29  88  21  
 -60 -61  41  
 -94 -13   5  
 -75 -51  28  
  10 -11  94  
 -39  85  16  
 -16 -91  23  
  74   8  59  
 -84 -44   1  
 -44  22  81  
  84  35  28  
  13 -24  91  
  68  64  18  
 -53 -69  38  
 -94   7  12  
  15  94   0  
   7  71  63  
  92  -7  23  
  79  -7  52  
  61  62  38  
 -78  50  22  
 -37 -80  36  
 -14  30  89  
   7 -17  93  
  17 -39  85  
  67 -49  46  
  71 -25  58  
 -23   2  92  
 -84  42  13  
 -78  53  11  
 -75  43  39  
 -60 -40  62  
 -29  88  21  
 -71  62  13  
  -3  69  65  
  13  33  88  
 -56 -26  72  
  10  72  61  
 -83  29  36  
  82 -20  44  
 -46 -77  31  
   5 -78  54  
 -31 -76  48  
  90  16  26  
 -67 -50  45  
  90   1  30  
   9 -92  22  
 -37 -16  86  
   4  92  23  
 -41  77  37  
 -89  28  19  
 -51  -6  80  
 -75  44  38  
 -51 -42  68  
  13 -92  19  
 -23  55  74  
   6 -95   0  
  22  91  17  
 -65  -3  69  
 -66  24  64  
 -51  47  65  
 -21 -90  23  
 -38  46  74  
  34   9  88  
 -86  29  28  
   7 -52  79  
 -73 -37  48  
 -33  85  26  
  51 -60  53  
  48  19  80  
 -25 -89  22  
 -21 -56  74  
 -24   2  92  
 -85 -42   6  
  63 -33  63  
 -94  -9  10  
 -71  59  22  
 -47 -39  73  
  89 -33   4  
  85  42   3  
 -34  26  85  
  44 -38  75  
 -24 -69  61  
 -21 -16  91  
  58  36  66  
 -63 -56  44  
  84  43   9  
 -80  50  11  
 -76  -2  57  
  36   5  88  
 -24  62  68  
 -33 -79  41  
 -53 -77  16  
 -37  79  37  
  94  13   8  
 -82 -47   9  
 -86 -16  37  
  69  53  38  
 -17  93  11  
 -34 -32  83  
 -28 -88  22  
  -1  48  82  
  46   1  83  
   9 -91  25  
 -46  15  82  
  48  22  79  
 -56 -73  24  
  90  -3  31  
 -30  -2  90  
  -6  52  79  
  61  61  40  
  19  59  72  
 -78 -44  32  
  -7 -68  66  
  36  -5  88  
  54 -46  63  
  77  26  49  
 -70  58  27  
  91   3  27  
 -51 -28  75  
   1 -40  86  
 -64 -70   5  
 -91  15  23  
 -42 -66  54  
  31 -88  19  
 -57  74  16  
 -57 -76   4  
 -57  72  24  
 -27  24  88  
  79  47  23  
 -24  -5  92  
  15 -35  87  
 -43 -61  59  
 -54 -78   8  
  17  93  11  
 -38 -57  66  
  -4  92  24  
  77 -48  28  
  34 -57  68  
 -31  90   1  
   8  18  93  
  76 -48  30  
  22 -70  60  
  77 -55   9  
  36  74  47  
  83 -39  24  
 -54  69  37  
 -94 -11   5  
 -29  65  63  
  91 -18  20  
 -85 -23  35  
 -91 -27   7  
  33  89   7  
  -7 -23  92  
 -82 -31  36  
  -2 -38  87  
 -14  52  78  
 -44  82  18  
  78  54   7  
  10  28  90  
  41  55  66  
  65  64  26  
  -9 -93  16  
 -50 -71  38  
 -80 -24  45  
 -59 -19  72  
 -43 -57  63  
 -70 -63  13  
 -32 -88  15  
 -73  37  48  
  87 -38   5  
  20  91  19  
  38  62  61  
  33 -35  82  
  60  73   9  
 -70  40  50  
  44  61  58  
  92  21  11  
  26  89  20  
  40 -70  50  
 -43  17  83  
 -14  92  19  
  -2 -89  33  
 -53  25  75  
 -44   6  84  
 -24  23  89  
  82  46  14  
   6   1  95  
  18 -85  39  
   9 -11  94  
  53  50  61  
 -62 -50  52  
  16 -61  71  
 -70  -5  64  
  14 -52  78  
   1 -81  50  
   4  57  76  
   9  37  87  
 -74  31  51  
 -73 -58  18  
  59 -74   7  
 -33 -81  37  
 -53  75  24  
 -17 -58  73  
 -92  23   6  
  46 -54  63  
  73  -8  60  
 -72  30  54  
   5 -27  91  
  52 -67  43  
