 -28  51  33  
 -67  -1   4  
 -24 -47  41  
 -14 -24  61  
  54  40   2  
  62 -14  21  
 -57 -12  33  
 -63  16  16  
  41  23  48  
   4 -42  52  
  14 -64  13  
 -33  -2  58  
  56 -37   0  
 -59  25  20  
 -64  13  14  
 -66  11   3  
  26   8  61  
  16 -64  11  
 -25  43  45  
  25 -62   6  
  15  46  46  
 -38  54  11  
 -13 -50  43  
 -53  24  33  
 -31  14  58  
  56  -6  36  
 -26 -55  28  
  32 -56  19  
  24 -50  38  
  16 -54  36  
  -6  50  44  
  27  57  22  
  24  36  51  
 -23  29  56  
  59  19  25  
 -45  47  15  
  61 -27   4  
  59   4  31  
  51 -15  41  
  34  13  56  
   8  64  19  
 -56  17  33  
  20  19  61  
   0  10  66  
   8 -63  21  
 -44  -9  50  
 -37 -42  37  
 -62  -1  26  
   8 -22  63  
 -33 -58   4  
 -34 -21  54  
  -1 -64  20  
  43 -32  40  
  31 -56  19  
 -41 -40  35  
  39  51  19  
  30  42  43  
  10 -66   8  
 -41   4  53  
  58 -32   9  
 -45  29  40  
 -60  14  26  
  48 -46   8  
  33  30  50  
  42  22  47  
  28 -46  40  
  32 -31  50  
  50  42  16  
  36   5  56  
  -1  47  48  
  27 -27  55  
  -3  56  37  
 -10  18  64  
  45 -38  32  
  52  37  20  
 -40 -53   8  
 -39  13  53  
  15 -60  26  
   6 -27  61  
 -41 -53   3  
 -65 -10  14  
  18 -17  62  
 -26  26  56  
   3  66  10  
  50 -12  43  
  45  49   7  
 -18 -59  26  
  46  34  35  
  42  14  50  
  17  33  56  
 -65 -11  12  
  13  65   8  
 -19   2  64  
   8 -66  10  
  62   8  24  
  26  33  52  
  17  31  57  
  58 -12  31  
 -59 -30   9  
  60  -7  29  
  16  11  64  
  -6 -50  44  
  66  12   3  
 -49  28  36  
  -8 -24  62  
 -19   4  64  
  64 -12  15  
  63  -2  23  
 -50  -6  44  
 -17 -50  41  
 -39  50  21  
  64 -19   8  
  62  -5  25  
  48  40  24  
 -39  42  35  
 -15 -12  64  
  36 -41  39  
  -8  65  13  
 -59 -25  20  
 -52  40  13  
 -58  30  16  
  -5  38  55  
 -30  21  56  
 -61   6  27  
  32  44  39  
  21 -62  15  
  15 -63  17  
  -2  16  65  
 -66  10   6  
 -13  45  48  
  61  27   8  
 -47  -7  47  
 -35  21  53  
  33  56  16  
  32  42  41  
   0 -65  16  
  15  -7  65  
  40  39  37  
 -28  26  55  
  41 -52   9  
 -62 -15  21  
   4 -11  66  
  20 -54  34  
  36 -16  54  
 -27   7  61  
  17 -54  36  
 -16  60  25  
 -66   0  11  
  62  23  11  
   2 -67   5  
  18  42  49  
 -28   2  61  
  62  24  10  
 -63   2  23  
 -38  55   3  
  54 -15  37  
 -29  60   5  
  64  -5  19  
  43 -42  30  
  52  16  39  
  41  51  15  
 -54 -36  16  
 -33  33  48  
   9  59  30  
  42  28  44  
 -11  66   4  
  25  60  16  
 -42  -1  52  
  56  -3  37  
  58  -7  33  
  55 -14  36  
 -65  -7  15  
 -50  43  12  
 -31  22  55  
   2  65  17  
  35  52  23  
  46   9  48  
 -40  50  19  
  63 -22   8  
  21 -42  48  
 -11   1  66  
 -50 -44   7  
  25 -20  59  
  55 -19  33  
  65 -15   3  
  50  18  41  
  38  10  54  
 -42 -50  16  
 -12 -23  62  
 -32  37  46  
  50 -39  21  
   7 -27  61  
  50 -29  34  
  11 -66   6  
  -9 -64  18  
  23 -56  29  
 -61  -8  26  
  10 -28  60  
 -52 -18  38  
  20  53  36  
 -24  35  52  
 -52  -3  42  
  22  -7  63  
 -34  55  18  
 -58  25  23  
  46 -21  44  
  67   1   5  
 -64 -11  17  
  -8 -60  29  
  -5 -59  31  
  47 -48   1  
  62 -16  20  
   1  10  66  
  -8 -65  13  
 -65 -11  13  
 -16 -62  20  
   8 -64  18  
 -44  -5  50  
  22 -42  47  
 -41  42  32  
 -65 -13   8  
 -27  61   6  
 -34  49  30  
  56  11  35  
 -67   2   2  
 -61 -24  13  
  29 -16  58  
 -34  56  13  
 -62  20  15  
  -9 -62  24  
  53 -41   5  
 -37   0  56  
  29 -56  22  
 -32  18  56  
 -56 -19  31  
   2  63  23  
  63  10  20  
  18 -41  50  
 -34 -18  55  
 -12  20  63  
  45 -16  47  
  48  43  19  
  14 -34  56  
  53  -1  41  
 -50 -41  17  
  29 -32  51  
  15  62  20  
  52 -27  32  
 -57  -4  35  
  16  65   3  
 -35 -18  54  
  16  13  64  
  -7  63  22  
 -65  14   6  
  17 -58  29  
 -22 -20  60  
  58 -17  29  
 -36  51  24  
 -57   8  34  
  -9 -57  34  
 -12  64  16  
 -27 -61   4  
 -40  16  51  
 -63   8  21  
 -66  -2  12  
  56 -14  34  
 -14  -7  65  
 -43  51   4  
  -4  65  15  
 -55  10  37  
  -1  62  25  
  24 -59  20  
  42 -43  30  
  -1  58  34  
   4  29  60  
  35  42  39  
  12   0  66  
 -23 -16  61  
  33  -5  58  
   6 -11  66  
  52  22  36  
  13 -60  27  
  14 -41  51  
  -1  25  62  
   9  21  63  
 -13 -58  31  
  58  17  29  
  56 -29  22  
  -7 -66   8  
   2 -48  47  
 -47   2  48  
  27 -52  32  
 -33 -56  16  
   8  66   8  
 -20  10  63  
 -58  33   2  
 -63 -11  20  
 -34  40  42  
  11  65  12  
  54 -27  29  
