 -41  69  90  
 -60 -71  77  
  77 -50  78  
 -73   1  96  
 -22 -69  96  
 -47  94  59  
 -49 -60  92  
 -99 -67  14  
 -90  80   4  
  49  96  54  
  -3  70  98  
 -69  89  43  
 -98  65  27  
 -35  71  91  
  90  65  47  
  54  56  92  
  78  -4  92  
  91 -50  61  
  74  83  46  
 -63  31  98  
 -19 -85  83  
  35 -91  71  
 -60  98  37  
 -99  67  14  
 -43 -74  85  
  33 -65  96  
 -98  31  63  
  21 -95  71  
  81   2  89  
  97 -16  70  
  90  13  79  
  -3 -98  70  
 -97 -19  69  
  47 -70  86  
 -61  71  76  
   6 -93  76  
 -77  21  90  
 -34  76  87  
  48  64  90  
 -70 -68  71  
  87  62  56  
 -100 -48  47  
 -16  87  82  
  79  79  45  
   8 -88  82  
 -12 -92  77  
  85  28  81  
 -76  21  91  
  35  82  81  
 -68  33  94  
  71   6  97  
 -58 -77  72  
  57 -64  85  
  71 -49  84  
 -62 -83  62  
 -59 -51  92  
 -10 -97  71  
  45 -50 100  
  57 -72  78  
  47 -68  88  
 -84 -85  16  
  62  26 100  
 -31  76  88  
 -52 -47  98  
  91  61  50  
 -66  60  81  
 -42  59  96  
  90 -11  79  
  67  92  40  
  44 -51 100  
 -91  -1  79  
  85  83  20  
 -50  86  68  
 -45  66  90  
 -57 100  35  
 -60  36  98  
 -92 -61  48  
 -71  10  97  
  79 -85  33  
  70 -94  29  
 -67  -3 100  
 -96 -70  20  
 -52  75  79  
 -11  93  76  
 -100  20  64  
  24  69  96  
 -79  44  80  
  92  46  63  
 -99 -60  34  
  89  77  25  
  99 -63  27  
  23  79  88  
  87   3  83  
  98  47  52  
  73 -23  93  
  68 -48  87  
   6  84  86  
 -78   3  92  
 100  11  66  
  54  43  99  
  69 -76  63  
 -93 -76   7  
 -66  59  82  
 -64  78  66  
  92 -67  40  
  76 -15  92  
  69 -92  36  
  24 -83  84  
 -72 -19  95  
 -53  66  86  
 -50  83  72  
  53 -78  75  
 -95  26  69  
 -85 -64  57  
 -83  72  50  
  85  16  84  
  57  58  89  
  86 -71  46  
 -52  71  82  
  91 -72  33  
  50  53  96  
 -96 -71  15  
 -73  42  86  
  26 -94  71  
  57  86  62  
  74 -80  51  
  91 -66  43  
 -82 -57  67  
  60  51  91  
 -66  64  78  
 -74  56  77  
  73 -81  51  
  88 -82   9  
 -23  82  85  
  15  94  74  
 -68  99  10  
 -18 -98  68  
 -54  99  42  
  -2 100  67  
 -81  55  70  
  25  67  97  
 -97 -65  29  
  83 -33  81  
  46 -95  58  
   4  85  85  
  25  76  90  
  86 -47  70  
   2  78  92  
  75  74  58  
 -74  92  23  
  99 -67  17  
  66  49  88  
 -15 -86  83  
  50  67  87  
  80  75  50  
  64 -48  90  
  96  73   5  
  35  98  61  
  32  84  80  
   2  79  91  
  74 -63  71  
  52 -51  96  
   4 -80  90  
 -79 -33  85  
  80  90   2  
 -91  -4  79  
  79 -69  59  
  87  47  69  
 -63  41  94  
 -70  89  41  
  60 -48  93  
  49  78  78  
  15 -85  84  
 -93   7  76  
 -56  59  89  
  67  32  95  
  72 -62  74  
 -28 -67  96  
  25  70  95  
 -78   2  92  
   4  70  98  
  57  97  43  
  91 -25  75  
 -89 -77  27  
 -89 -43  69  
 -12 -93  76  
 -12  96  72  
  87 -56  62  
 -64  21 100  
 100  -3  67  
 -82 -83  31  
 -97  39  60  
  52 -91  59  
 -39 -69  91  
 -28  75  90  
  44 -95  60  
 -81  88  14  
  78  78  48  
  84 -74  45  
  42  73  86  
 -66 -39  93  
  77 -92  10  
  26 -89  77  
 -65 -40  93  
  50 -60  92  
  84  24  83  
  38  82  80  
 -49 -100  46  
 -50  73  82  
  94  75  10  
 -47  70  86  
  35 -84  79  
  88 -34  75  
  87 -83  11  
  70 -24  95  
 -82  23  85  
  26 -95  69  
 -42 -81  79  
 -96 -27  68  
  85 -25  82  
 -88 -82   4  
 -68 -46  88  
  72  32  91  
 -65  35  95  
  25 -94  71  
  78  73  56  
 -60 -81  66  
  56  95  48  
 -24  82  85  
 -82  67  57  
 -87 -83   5  
 -77  87  32  
  61 -88  55  
 -42 -80  80  
  50 -83  72  
 -62  86  57  
 -64  70  74  
 -22 -76  91  
 -87 -44  71  
 -64 -71  73  
 -54 -67  84  
 -37  96  63  
  73 -96   1  
 -75 -76  56  
 -97 -36  62  
 -80 -64  63  
  71 -95  22  
 -51  46  99  
 -43  82  77  
 -57  58  89  
  44  85  73  
 -70  -3  98  
  75 -20  92  
 -83 -84  25  
 -66  99  18  
 -74 -69  65  
 -65  54  86  
 -73 -87  41  
  62  86  57  
  71 -29  93  
 -73  24  93  
 -82 -55  69  
  62  83  62  
  75   0  94  
 -69  33  93  
   5 -95  74  
  45 -66  90  
  65  67  76  
  92 -38  68  
 -41 -98  57  
 -89 -39  71  
  39 -79  82  
 -75 -46  82  
 -78  69  61  
 -47  57  95  
 -38 -59  98  
  88 -10  82  
 -52  45  99  
  95 -70  25  
  10  96  72  
  33  93  69  
 -57 -38  99  
  20 -94  73  
 -20 -100  64  
  73  43  86  
 -98  37  60  
 -67  50  87  
 -92 -49  60  
 -91  78  13  
 -94  63  41  
 -61 -99  32  
 -79 -67  62  
 -98   5  70  
 -15 -81  88  
   3  98  70  
  84 -54  67  
 -72  96  10  
  68  80  59  
 -26  85  81  
 -54  97  47  
