 -33 -48  27  
 -34 -37  40  
  53  15  33  
  54  34   2  
 -45  19  41  
   8 -24  59  
 -56  18  25  
 -51  27  28  
  51 -36  13  
 -60 -14  17  
 -12 -55  30  
 -23  17  57  
  -6   8  63  
 -26  33  48  
  41  22  44  
 -16 -50  37  
  14  41  47  
 -57 -24  17  
 -60 -16  15  
  38 -49  15  
 -18  38  48  
   1  62  15  
 -34   2  54  
  25 -52  28  
  -2 -20  61  
  61  12  15  
  52  34  15  
 -12  53  34  
  47  34  27  
   4  -1  64  
  40 -41  28  
  60 -22   5  
   6 -60  21  
 -14 -60  18  
  57 -14  25  
  13 -60  18  
  39  38  34  
 -44  14  44  
  39  27  43  
 -43  34  33  
   4  64   2  
  -6  63  10  
  -6 -26  58  
  49  25  33  
 -58  17  21  
 -57 -28   8  
  36 -41  33  
 -41  -4  49  
   7 -59  24  
 -52 -11  36  
  18  17  59  
  55 -30  14  
  14 -62   5  
   6 -63   9  
 -61 -17  10  
 -49 -41   2  
  10  48  41  
 -12 -11  62  
 -61  -3  19  
  63  10   2  
  12  43  46  
  38  -6  51  
  47 -19  39  
  52  10  36  
  50 -28  28  
   7  44  46  
  16 -49  38  
  35  27  46  
 -53  15  33  
 -19  -4  61  
  49 -11  40  
 -17  30  54  
 -22 -30  52  
 -64  -1   1  
 -48 -42   2  
   9   6  63  
  37 -51  12  
 -60  19  12  
  53   1  36  
   1  39  51  
  -7  21  60  
 -53   9  35  
  42 -15  46  
  49   2  41  
  22 -24  55  
 -31  47  30  
 -58 -22  15  
 -17  61  10  
   6  15  62  
 -61  -1  19  
  11  63   2  
 -15 -61  12  
 -11  48  41  
  26  48  33  
 -19  -6  61  
 -49 -40  10  
  11  56  29  
 -30 -28  49  
  -1  37  52  
 -42 -48   5  
  32  31  46  
 -21   6  60  
  19  61   5  
   7 -14  62  
  57 -29   0  
 -36 -50  18  
   2 -37  52  
   5   9  63  
  24 -59   3  
  42  37  31  
 -60   4  22  
 -58  -5  27  
 -53 -32  17  
 -19 -52  32  
 -63   5  10  
 -59  -2  25  
   8  33  54  
 -13   9  62  
 -30 -30  48  
  29 -56  11  
 -58  16  22  
  23 -18  57  
 -54  28  20  
  48  32  28  
 -54 -22  26  
  63   8   6  
 -44 -32  34  
 -41 -39  30  
  52  11  36  
  16 -32  53  
  40  39  31  
  63  -7   9  
 -57   7  28  
 -13 -59  21  
  24 -44  40  
 -10 -63   3  
 -58 -25  10  
 -34  54   6  
  -6 -45  45  
 -24 -50  32  
 -36   4  53  
 -45 -43  15  
 -49 -33  25  
 -25  29  51  
 -36 -31  43  
  38 -48  18  
 -27  58   4  
 -50  -8  39  
  33 -52  18  
  36  10  52  
  46  41  17  
 -27   3  58  
  25  29  51  
  39  41  30  
  20  36  49  
 -39  30  41  
  36  15  51  
 -54  18  29  
 -15  59  19  
   5  51  38  
 -50  22  33  
 -19  29  54  
  11   2  63  
 -47  43   8  
  24  22  55  
  51 -19  34  
  35 -44  31  
  -2  50  40  
 -36 -48  22  
  38 -45  25  
  -4 -27  58  
  30   6  56  
 -20  10  60  
  29 -24  52  
 -14  31  54  
  21 -20  57  
  10  63   1  
  55 -12  30  
   4  10  63  
 -43  40  25  
 -39  45  23  
  63  -2  12  
 -31  32  46  
 -61 -12  15  
 -51  38   8  
  -7  63   7  
 -33 -44  33  
 -19 -56  25  
 -33 -22  50  
 -52   6  37  
 -15   5  62  
   1  -4  64  
 -15  50  37  
  31  -9  55  
   0  31  56  
  43  38  28  
  43  -7  47  
 -21  59  12  
  54   3  34  
 -46  -5  44  
 -57  19  22  
 -35  53   9  
  40  49  11  
 -61  12  16  
  -3  31  56  
  -5  57  29  
 -25  40  43  
 -21 -60   6  
  47  28  33  
  47 -43   6  
 -27 -16  56  
  14  62   8  
 -27  50  29  
 -50   1  40  
 -56 -24  20  
  26  43  40  
  40  -5  50  
 -37  51  11  
  -9 -18  61  
  27 -58   5  
  11   0  63  
  43  39  27  
  24  56  19  
 -38  38  35  
  53 -23  27  
  26 -50  30  
  60   6  21  
 -58  12  24  
 -43  47   5  
 -31  54  15  
 -14 -13  61  
  11  -3  63  
 -51  17  35  
  -7  28  57  
  -1  61  20  
  26 -51  29  
   1  27  58  
 -24 -41  43  
   2  41  49  
 -18  61   7  
  33 -17  52  
 -27  39  43  
  42  29  39  
 -35 -51  17  
  53 -33  14  
 -42  25  41  
 -51   5  38  
 -63  -7   9  
 -15  62   5  
 -23  57  18  
   9 -59  23  
 -63 -11   1  
  -6  63   9  
 -18  60  14  
 -52   9  36  
  13 -28  56  
  47  12  42  
  27  42  40  
 -42  27  40  
 -45  29  35  
  32  45  32  
 -22   3  60  
  11  63   3  
  50  38  13  
  46  29  34  
  58 -20  18  
 -41  47  14  
  22 -32  51  
  37   4  52  
 -22  19  57  
  50  39   8  
  19  24  56  
  47 -26  35  
  -2 -40  50  
 -39 -49  13  
 -53 -19  30  
  -7 -62  15  
  30  39  41  
  -7 -62  14  
 -15 -11  61  
 -25 -46  37  
  11  31  55  
  26  51  29  
 -29  -3  57  
  53  36   4  
  29  25  51  
   7 -63   9  
   4  32  55  
 -17 -39  48  
  46  15  42  
  52   5  37  
  53 -23  28  
 -36   3  53  
 -26  -8  58  
 -36 -46  26  
 -64  -3   1  
  45 -45   4  
  49  13  39  
 -27 -53  23  
 -42 -36  32  
