  39  97 100  
 -88 -67  93  
  79 -68 100  
  90 -64  93  
 -89  97  59  
  94 -45 100  
  92 -100  49  
  92 -84  73  
  83 -97  68  
 -53  94  96  
 -98  46  96  
  50  94  98  
 -89 -77  84  
 -96  50  96  
 -67  89  92  
 -96 -56  92  
 -88  83  79  
  92  90  66  
  83 -80  87  
  95  95  53  
  96  51  95  
  56 -88 100  
  82  88  80  
  78 -100  69  
 -90 -80  80  
 -92  89  67  
 -89 -85  76  
 -48  95  98  
  98 -62  86  
 -83  86  81  
  93  66  89  
  82  95  72  
 -78  81  91  
  89 -75  86  
  91 -88  70  
  89  98  58  
  71  91  87  
  46 100  94  
 -97 -94  51  
 -80  87  83  
  66  81 100  
  89 -96  61  
 -45  97  97  
 -99  83  65  
  95  81  73  
 -53 100  90  
  52 -97  94  
 -70  79  99  
 -38 -100  97  
  81  97  70  
  74 -97  77  
 -88 -97  61  
 -78 -87  85  
  90 -93  64  
 -95 -46  99  
 -100 -53  90  
  74  79  96  
  58 -91  96  
  89  97  60  
  80 -93  76  
  94 -67  87  
 -80  74  95  
 -100  82  64  
 -97 -78  73  
  87 -86  77  
 -85 -73  91  
 -85  72  92  
 -100  46  94  
 -65  96  86  
 -97 -66  84  
 -87  72  90  
 -61 -96  89  
  97  95  49  
 -59  99  87  
 -65 -84  98  
 -85 -89  76  
 -41  98  98  
  93 -71  85  
  99  68  80  
 -77 100  70  
 -49 -96  96  
  70 -96  82  
 -94  90  63  
  69 -100  78  
 -38  97 100  
 -99  55  90  
  94 -98  49  
 -87  64  96  
  89  88  72  
  71 -89  89  
  96 -88  63  
 -76 -97  75  
 -96 -97  47  
  90  73  86  
 -97 -47  96  
  98 -100  36  
 -94  81  74  
  80  70  98  
  95  63  89  
 -78 -80  92  
 -83 -65  99  
  90  54  99  
 -78  85  87  
 -83  79  88  
 -94 -98  49  
 100  85  61  
  97 -100  39  
  77  98  73  
  45  96  98  
 -98  44  97  
 100  99  32  
 -100  84  62  
 -85  95  68  
  77 -89  84  
 -87 -99  59  
  93  99  49  
  44 -98  97  
 -80  78  92  
  90 -86  73  
 -95  96  52  
 -84  81  85  
 -95  50  97  
 -91 -67  90  
 -71  81  96  
 -96 -61  89  
  95 -96  52  
 -62 -99  85  
  60  94  92  
 -82 -98  67  
 -87 -100  58  
  89  82  79  
  45 -96  98  
  89 -97  59  
  72 -82  95  
 -96 -90  60  
 -81 -99  67  
  98  65  84  
  83 100  63  
 -85 -86  79  
  66  95  87  
 -64 -82 100  
 100 -39  97  
  89  67  92  
  88  94  66  
 -66 -95  87  
 -98  87  61  
 -96  99  43  
  78  77  94  
 -53  98  92  
 -78 -73  97  
  51 -98  93  
  87  83  80  
 -95 -73  81  
  95  88  64  
  40 -99  97  
  59 -100  86  
 -78 -78  93  
 -87 -76  87  
 -87  98  61  
 -38 -98  99  
  41 -97  99  
 -94 -100  46  
 -81  98  69  
 -93 -94  58  
  48  99  94  
  99 -67  81  
  96  68  84  
 -84  65  98  
  84 -81  85  
 -99  99  36  
  97 -97  45  
 -89 -63  95  
  78 -72  98  
 -94  63  90  
 -61  93  92  
 -64  97  86  
  98  60  88  
 -96  53  94  
 -90 -72  87  
  51  96  95  
 100  35  98  
 -75 -97  76  
 -79  71  98  
  76  94  79  
  90  84  76  
  96 -64  87  
 -100  85  61  
 -62 -84 100  
 -86 -99  61  
 -93  78  78  
 -78 -69 100  
  78  86  86  
  62 -99  85  
  82 -93  74  
  97  93  53  
  74 -80  95  
 -99 -54  90  
  97  79  72  
 -100 -76  71  
 -79  80  91  
 -89 -94  64  
 -97  75  76  
  75 -76  97  
  49 -97  95  
  76 -100  71  
  68  88  92  
  97  76  75  
 -99  38  98  
 -69 -82  97  
 -93  98  51  
 -94  60  92  
  89 -88  72  
 -69  82  97  
 -86  95  67  
 -89  95  63  
  61  91  94  
 -68 -88  92  
 -90 -81  79  
 -100 -49  92  
 -50 -98  94  
 -89 -71  89  
 100  94  46  
 -82 -81  87  
 -76  77  96  
  80 -84  86  
 -65 -96  86  
 -53  97  93  
 -83  89  78  
  88 -77  85  
 -90  76  84  
 -90 -90  68  
  97 -57  91  
  64 -82 100  
  99 -47  94  
 -76 -91  83  
 -67  93  88  
  85 -99  62  
 -97  96  48  
 -86 -94  68  
 -100  63  83  
  80  87  83  
  82 -73  94  
  88 -67  93  
  77  86  87  
 -70 -89  90  
 -51 -96  95  
  96 -79  74  
  75  82  92  
 -79 -96  74  
  92 -99  51  
 -99 -70  79  
  97  99  40  
  64 -98  85  
  92  85  72  
 -70 -77 100  
 -93 -81  75  
  64  96  87  
  88 -83  79  
  92  66  90  
 -89 -86  75  
 -81  99  67  
  98  49  94  
 -96 -68  84  
  96  71  81  
  62 -87  97  
  85  96  67  
 -90  53 100  
  63  90  94  
 -81 -91  78  
 -78  71  99  
  98  56  90  
 -93  58  94  
 -82 -92  75  
 -76  78  95  
 -85 -85  80  
 -91  87  71  
 -74 -82  93  
 100  91  51  
  95 -81  73  
  99 -81  67  
 -45 -95  99  
 -95  80  74  
 100 -57  87  
 -100  62  84  
  80  90  80  
 -89  63  95  
  76  75  97  
  98  97  43  
 -68  97  83  
 -64 -91  92  
 -83  87  80  
 -78  93  78  
 -99  95  46  
 -94  99  47  
 -100  96  40  
 -59  98  88  
  99  62  85  
  92 -93  61  
  50 -99  93  
 100  51  91  
