  78 -56  96  
 -53  88  89  
 -75 -72  88  
 -38 -92  93  
  98   2  94  
 -100  75  53  
 -84  62  87  
 -99  93   2  
  78 -91  64  
 -86 -90  55  
 -91 -81  61  
  84  75  76  
 -59 -88  85  
  31  98  89  
  92  99  13  
 -81  54  95  
  94 -42  89  
  78 -88  68  
  57  75  98  
  92 -13  99  
  44  94  88  
  79 -72  84  
  79  72  84  
 -99  36  86  
 -98 -47  82  
 -59 -86  87  
  85 -74  76  
  15  99  92  
 -93  74  66  
  55 -92  84  
 -44  81 100  
 -28  98  90  
 -97  45  84  
  73 -58  99  
  99 -56  75  
 -86 -71  78  
 -85  58  89  
 -87 -58  87  
 -81 -70  84  
  49 -92  87  
  77 -71  87  
  67  91  76  
 -63 -73  96  
  85 -65  84  
  77 -87  71  
 -100 -64  66  
  73  97  61  
 -96 -61  75  
 -85 -56  90  
 -94  60  78  
 -48  89  91  
 -56 -75  99  
 -90  72  72  
  59 -91  82  
  87  37  98  
  69 -99  63  
  98 -86  39  
 -92 -98  22  
 -79  49  99  
 -83 -79  73  
 -97 -14  94  
 -99  57  74  
  68  72  93  
  65 -93  75  
  62  98  71  
  92  87  50  
 -99 -81  46  
 -93  80  59  
 -71  69  93  
 -91 -15 100  
 -32  95  92  
  98  92  19  
  80 -95  55  
  82 -99  44  
  85  36 100  
  87  91  52  
 -73 -84  78  
  82  92  58  
  56  73 100  
  62  71  98  
  56  94  81  
 -91 -100  16  
  79 -58  94  
 -44 -87  95  
 -86  97  41  
  62 -68 100  
  51  96  82  
 -68 -65  98  
   9 -95  97  
 -54 -76  99  
  99 -88  30  
  75  86  74  
  65  83  86  
 -47  86  94  
  92  81  59  
  89  53  88  
  14 -100  91  
 -98   2  94  
 -76 -74  85  
  98   8  94  
  91  99  19  
  62  88  83  
  -8 -92 100  
 -94  68  71  
 -83 100  40  
  55 -75  99  
  84  45  97  
 -96  -2  96  
 -97  92  25  
  96 -96   3  
 100  92  10  
  70  93  70  
  56 -88  87  
  78 -98  53  
 -88 -39  96  
 -57 -80  94  
  20  90 100  
 -97  -1  95  
 -61  93  78  
 -38 -99  85  
 -89  70  75  
  55  79  96  
  59 -86  87  
 -81 -73  81  
 -45  83  98  
 -100 -92   6  
 -81  87  66  
  72 -57 100  
  90 -29  98  
  94  98   4  
 -57  87  88  
  89  55  87  
  89  48  91  
 -41 -84  99  
 -84  81  70  
  85 -40  98  
  83 -83  69  
  96  -4  96  
 -15 -99  92  
 -89 -77  68  
 -85  45  96  
  85 -94  50  
 -70 -95  68  
  86 -49  93  
  87  95  44  
 -82 -81  72  
 -76  72  87  
 -96 -47  84  
 -66  93  74  
 -75 -82  78  
  73  61  97  
 -93 -99   8  
 -49 -85  94  
  77 -64  92  
  74  80  81  
  77 -99  53  
 -21  90 100  
 -99  34  87  
 -75 -96  60  
  79 -99  50  
  58  82  92  
  77  82  76  
  58 -72 100  
 -91 -95  35  
  85 -64  85  
  39  88  96  
  90 -66  78  
  20  98  92  
  64  92  77  
 -99  84  40  
  86  43  96  
 -98   1  94  
  51 -77 100  
  63  73  96  
 -100  65  65  
 -55 -97  78  
  81 -81  73  
  92  31  95  
 -89 -31  98  
  52 -83  94  
  -7 100  92  
  92 -48  88  
 -89 100  25  
 -61 -73  97  
  61 -69 100  
 -72  92  70  
 -51 -77 100  
 -94 -76  62  
 -82  76  77  
  94 -16  97  
  58  83  91  
 -76  65  92  
  94 -49  85  
 -71  94  68  
  97 -22  93  
  86 -61  86  
  75  56  99  
 -100 -67  63  
  41  94  89  
  89  88  53  
 -76  68  90  
  86 -33 100  
 -85  81  69  
  94  98   1  
 -67  85  82  
  96  92  29  
 -20 -100  90  
  88  58  86  
  95  96  16  
 -89 -28  99  
  79  67  88  
 -50 -87  92  
 -92 -58  82  
 -78 -67  89  
  92 -100   5  
 -95  51  83  
 -91 -37  94  
  68 -91  75  
  79  88  67  
  94  38  91  
  83  47  97  
 -95 -73  64  
 -97 -91  28  
  60  91  81  
  70  84  81  
 -84 -54  92  
 -92  46  89  
  91 -96  32  
 -97 -28  91  
  94  46  87  
  99  82  44  
  96  78  57  
 -94  35  92  
  72  91  71  
 -93 -50  86  
 -61  78  93  
 -83 -66  85  
 -86  44  96  
  78  51  99  
 -94  31  93  
  90  97  32  
  -8 -99  93  
   7 -93  99  
 -60  73  98  
 -100  -6  92  
 -80  54  96  
  88  36  97  
  98 -94   0  
 -61  94  77  
 -36  89  96  
 -82  97  49  
  92  42  91  
 -57 -97  76  
 -90  35  96  
  76 -90  68  
  77 -63  93  
  94 -24  95  
 -25 -89 100  
  69  99  63  
  89 -88  53  
  84  93  53  
 -20 -95  95  
  93  24  96  
 -100  15  91  
 -58 -99  73  
  87 -91  52  
 -32 -89  98  
 -48  87  93  
 -48 -95  85  
 -95  79  57  
  95  75  62  
 -80  62  91  
  96 -95  16  
  61  84  88  
  92 -22  98  
  66  74  93  
 -85  96  46  
  50 100  77  
 -45 -82  99  
  20 -99  91  
  58 -97  76  
 -94   7  98  
 -58 -87  87  
 -93 -42  90  
 -95 -45  86  
  89  92  46  
  92 100   4  
 -33  88  98  
   7 -100  92  
  72  76  87  
  70 -95  68  
  32  95  92  
 -84  55  92  
 -97 -49  82  
 -87 -68  79  
  99 -88  31  
 -40 -100  83  
  87 -96  42  
  98 -24  91  
 -71 -95  67  
