  30  66  22  
  62  35  27  
  -2 -45  61  
 -11   1  75  
  52 -16  53  
 -48 -46  37  
 -60 -24  40  
 -69 -12  30  
  44 -29  55  
  -3  -2  76  
 -73 -19  11  
 -41  12  63  
 -35 -40  54  
 -67 -13  33  
  74  -8  16  
 -34  58  35  
  65 -21  33  
  72 -19  16  
 -76   1   3  
  19 -63  38  
 -31 -58  38  
  75  -9   7  
  72 -22  11  
  65 -31  25  
  37 -64  18  
 -26  53  48  
 -45  61   6  
  49 -53  24  
  64  41   5  
 -41 -62  15  
  62  42  13  
 -55 -50  15  
  22 -40  61  
 -70  13  26  
 -12  74  12  
  70  13  27  
  18 -73  11  
  57 -26  43  
 -17 -73  11  
 -15  31  68  
 -58 -19  45  
 -17 -25  70  
  15 -74   7  
 -28 -32  63  
  72 -20  15  
  52  37  41  
  39 -65   5  
  70 -29   5  
  54  31  44  
 -70   6  29  
  46  37  48  
  50   8  57  
 -21 -49  54  
 -56  39  33  
 -60  38  27  
   7 -73  20  
  47  49  34  
 -69  26  19  
 -53  48  26  
 -58  22  44  
 -24 -64  33  
  -2  75  13  
 -68  33   6  
   3  21  73  
 -65 -10  38  
 -48  41  42  
   0  50  57  
  38  38  54  
 -70 -20  21  
  -6 -50  57  
 -11 -75   2  
 -14  33  67  
  24 -51  51  
  29 -70   7  
 -62 -42  12  
  72 -23   6  
 -23 -64  34  
  46 -21  57  
  47 -25  54  
  39  42  50  
 -51  11  55  
 -22  50  53  
 -70 -27  13  
  41  64   5  
 -75  12   6  
 -31 -19  67  
 -74 -17   3  
 -12  58  48  
 -31 -17  67  
 -71 -15  23  
  32  17  67  
 -25 -69  19  
  15  47  58  
  57 -12  49  
 -25  67  26  
 -49  31  49  
 -37  64  17  
  -6  63  42  
  72  24   0  
  52 -34  44  
 -23  19  70  
 -43  22  59  
  45  17  59  
  38  16  64  
 -68 -11  32  
   4 -57  50  
 -27 -16  69  
  34 -37  57  
  55 -47  24  
  18 -74   1  
 -52  45  32  
 -45 -45  42  
  16 -32  67  
  50 -15  55  
  49 -39  43  
 -49 -10  57  
  33   7  68  
 -29 -17  68  
  55  36  38  
  27 -70  12  
  48 -59   0  
  32  64  26  
 -66  -5  37  
 -54  15  51  
  64 -17  37  
 -57 -45  22  
  56 -11  50  
   9 -25  71  
  -8 -20  73  
  12 -39  64  
  52  54  12  
  20  47  56  
 -37  -9  66  
   4  71  27  
 -30  -9  69  
  70   6  29  
  62 -44   3  
  19  -8  73  
  50 -57   5  
 -12 -53  53  
  -3 -70  29  
 -67  30  19  
 -72 -12  21  
  23 -14  71  
  61  18  42  
  71  27   4  
 -74 -13  12  
 -60  11  45  
 -11  70  28  
 -61  25  38  
 -64  25  33  
 -37  61  26  
  70  27  12  
 -56   7  51  
 -59 -37  31  
  13 -74  11  
  75 -13   0  
 -69   5  32  
  73  20   7  
  67  14  33  
  53 -41  36  
  51 -45  34  
  46   8  60  
  55 -49  18  
  66 -32  20  
  55 -35  39  
  66  34  16  
 -11 -44  61  
  47  10  59  
 -27  60  38  
  56   5  51  
 -36 -67   5  
  17 -73  14  
 -75   1  12  
  52 -39  39  
 -26 -35  62  
  40  63  15  
  58  35  35  
 -52  29  47  
  70   1  30  
   9 -47  59  
  27  71   4  
 -35  -9  67  
  70 -29   8  
 -27   2  71  
  60  -1  47  
  -6 -61  45  
 -72 -15  20  
  71 -18  21  
  10 -47  59  
 -39  16  63  
  -3  29  70  
  23 -70  18  
 -54 -51  15  
 -34  13  67  
  17   2  74  
 -69 -32   2  
  44 -61  11  
  68 -34   2  
 -22 -30  66  
 -29  41  57  
   5  21  73  
 -11 -28  70  
  43  13  61  
 -53 -34  43  
 -13  -1  75  
 -33  68   6  
 -34  60  32  
  54 -51  15  
 -36  65  17  
   7 -24  72  
   3  68  34  
  75  -6  12  
 -49  33  48  
 -34 -50  46  
 -10  70  28  
 -15  69  28  
 -39  44  48  
  -7 -58  49  
 -49   5  58  
  -4  34  68  
  28  52  48  
 -15 -57  48  
 -55  12  51  
 -76   0   1  
  71 -23  13  
 -16  67  32  
 -29  65  27  
  27 -55  45  
  69  32   0  
  42 -56  30  
  46 -17  58  
  62  17  41  
  41 -11  63  
 -47 -46  38  
  59 -47   8  
  -8  29  70  
 -23 -72   8  
 -42 -61  18  
 -15  74   9  
  46 -46  39  
 -17  65  35  
 -49  48  33  
  55 -39  35  
 -69  12  30  
  42  39  50  
 -52 -51  21  
 -51  33  46  
  33 -60  33  
  70   8  29  
 -54  45  29  
 -60  36  30  
  14 -24  71  
   4 -59  48  
  -8  20  73  
  35 -42  53  
 -74  15   7  
 -12  73  18  
 -71  17  22  
  34 -66  17  
 -10  68  33  
 -54 -27  46  
 -61 -43  13  
  29  60  37  
 -57 -34  37  
 -53  53  11  
  10  32  68  
  46 -60   9  
  76  -4   0  
  67 -29  21  
  37 -59  30  
  -8  75   8  
 -43  62   9  
 -53 -19  51  
  40   9  64  
  -9  25  71  
  11 -58  48  
  45  -2  61  
 -48  45  38  
  -5  41  64  
  35  56  38  
  -2 -48  59  
 -29 -12  69  
 -44  -4  62  
  58   0  49  
 -35  49  46  
  14  59  46  
  65  25  31  
  41  37  52  
 -50  49  29  
  38 -65   9  
  70   7  29  
 -20  56  47  
 -51  56   3  
  41  43  47  
  41 -53  36  
 -19  52  52  
 -20  15  72  
  29  70   0  
 -60   9  46  
