  17  26  29  
  36 -12  19  
 -40   8  12  
  27 -29  16  
 -10  41   5  
 -35  -2  24  
  23   0  36  
  27   1  33  
 -17 -21  33  
  11  40  10  
  23 -23  27  
  29  27  15  
   7  40  13  
   5 -20  37  
 -36  19  12  
 -12   7  40  
   9  15  39  
  -3 -24  35  
 -32 -28   2  
  11 -34  23  
 -31 -28   7  
  -9  41   5  
 -37  -3  21  
 -35 -17  17  
  13  26  31  
  26  27  20  
  -9  12  40  
 -41 -11   3  
  14   2  40  
 -15  38  12  
 -29 -27  16  
  26  17  29  
 -10   4  41  
  -4 -10  41  
 -19  25  29  
  24  17  31  
  37  16  13  
  14 -18  36  
  11 -27  31  
  27  27  19  
  -1 -12  41  
 -31 -29   4  
  40   7  13  
  11   1  41  
 -34  20  16  
   7 -42   1  
  17  39   1  
 -33  12  24  
 -31  -9  28  
  -7   0  42  
 -16  32  23  
   3 -32  28  
  25 -33  10  
  17 -35  17  
   8 -30  29  
  35 -12  21  
   4  17  39  
 -38 -19   1  
  11 -41   1  
   3 -19  38  
 -22  36   4  
 -35  24   3  
 -17 -37  12  
  16  -3  39  
  -2  21  37  
   6 -32  27  
   8 -28  31  
  32 -20  20  
 -31 -11  27  
  10 -41   3  
  -9  31  28  
  -7   3  42  
   4  39  17  
  -9 -36  21  
  36   7  21  
   4 -38  19  
 -11  41   3  
  11  39  12  
  16 -27  29  
 -16 -29  27  
  -4 -11  41  
 -26  26  21  
  36  21   8  
 -37 -10  18  
  24  12  33  
 -28  -8  31  
  12 -15  38  
  32 -24  15  
 -37 -14  16  
  20  37   7  
  34  24   8  
  29  18  25  
   8   7  41  
 -15  29  27  
  24  14  32  
  -7  41   8  
 -11 -36  20  
 -40  14   4  
   0 -28  32  
  27  15  29  
  29 -17  26  
 -27 -33   3  
  39  10  14  
  23   1  36  
 -13  23  33  
  27  33   0  
  28 -32   2  
  -9 -19  37  
  15  17  36  
 -42  -7   2  
  -3   5  42  
   7  -3  42  
  15 -38  11  
  10 -39  13  
  10   3  41  
  30  18  24  
   0  28  32  
  29   2  31  
  38   7  18  
  28 -29  14  
 -17 -39   4  
  30 -27  14  
  42   3   5  
 -24 -31  16  
  39  11  12  
   7  21  36  
  -4 -28  32  
  25  28  20  
  31  22  19  
  16 -23  32  
  19 -15  35  
 -27  -2  33  
  38 -18   7  
 -26  10  32  
  38  19   2  
  -6 -36  22  
 -24  32  15  
  36  22   5  
 -35   4  24  
  28  25  20  
 -21  37   3  
   1  23  36  
 -25  34   4  
  35  -2  24  
  41  10   3  
   6 -26  33  
 -25  19  29  
  -5   1  42  
 -18  29  25  
 -11  18  37  
  42   7   1  
  37  12  17  
  26 -29  17  
  -5  -9  41  
 -30  18  24  
  15  30  26  
   9 -31  28  
 -39  13  11  
  25 -25  24  
 -42   3   4  
 -14  39   9  
   0  27  33  
 -21 -18  32  
 -11  20  36  
 -16  -6  39  
 -34 -19  17  
  17 -34  19  
 -23 -32  16  
  41 -12   0  
 -14  32  24  
 -14 -18  36  
  -9 -37  19  
 -17  37  12  
  12 -40   7  
  24 -25  25  
  13 -17  37  
   8 -15  39  
 -37  20   5  
  21  -4  37  
 -31 -24  17  
  -3 -35  24  
  37  14  15  
 -41   9   5  
  24 -32  14  
  13 -14  38  
  11 -39  13  
 -12 -39  11  
 -25  33   9  
  14  -1  40  
  -7  31  28  
 -35  19  15  
   0 -41  11  
   1  31  29  
   0  33  27  
 -23 -27  23  
  12  38  15  
  16  -6  39  
  31  11  27  
 -22 -19  31  
 -11  41   2  
  29 -30   8  
  16 -35  18  
  -6  13  40  
 -10 -16  38  
 -42  -6   4  
  -6  -5  42  
  26  11  32  
  -5  22  36  
  29  -8  30  
 -28  30  11  
   5  35  24  
 -34  17  19  
 -15  35  19  
  -6  32  27  
  27   6  32  
 -24  25  25  
 -14  24  32  
  13  31  26  
 -27 -32   6  
   2  42   6  
 -14   3  40  
 -35  10  22  
 -21  35  11  
 -30  14  27  
  13  16  37  
  27  11  31  
  42   3   6  
 -31   0  29  
  32  27   7  
 -25  10  33  
 -15 -37  14  
  -5 -20  37  
  10  -6  41  
  24  27  22  
  -4 -25  34  
 -41  -3  11  
  42   4   6  
   0  42   5  
   9  12  40  
 -16 -37  13  
 -30 -29   9  
 -34 -11  23  
 -30 -19  23  
 -11  -4  41  
 -31  24  16  
  40 -13   6  
 -32  -8  27  
  -4 -24  35  
  26 -33   5  
  30   4  30  
 -18  32  21  
 -19  -4  38  
  17   9  38  
  36  -3  22  
 -42   4   5  
 -32  14  24  
  -1  19  38  
  17   3  39  
 -13  29  28  
  19 -25  29  
  14 -15  37  
 -21 -25  27  
  -5 -41  10  
 -16  13  37  
  -1 -24  35  
   3  -6  42  
  15  32  24  
 -17 -38   9  
  27  33   3  
  42   4   3  
 -24  18  30  
  42  -4   5  
  30  -7  29  
 -35  24   5  
 -27  31  10  
  26 -11  32  
 -32 -28   3  
 -18 -31  23  
 -26  17  29  
 -35   3  24  
   4 -16  39  
  15 -17  36  
   7  18  38  
  41  -8   8  
  33 -19  19  
   5   9  41  
  16 -21  33  
  35   4  24  
 -25 -27  21  
  -2 -42   7  
  35  11  21  
 -18 -38   6  
  17  -2  39  
  25 -19  29  
  24 -15  32  
 -23  -8  35  
 -31  27  10  
  29  24  20  
  13 -22  34  
 -32  25  12  
