  -4  -9  34  
 -25  13  22  
  10  34   3  
 -14 -10  31  
 -19 -28  10  
 -22   8  27  
  15  25  20  
 -10  16  30  
  -2  33  13  
 -28 -11  19  
  21  10  27  
 -21 -23  17  
  26 -20  14  
  -9   6  34  
  -8  22  27  
  35  -6   3  
 -34  10   1  
 -20  29   5  
 -33  13   2  
  22  -3  28  
 -28  -2  22  
  18 -15  27  
 -30   2  19  
  19 -18  24  
   5  31  17  
  -9  33  10  
 -21  28   5  
 -34   3  10  
  -4  34  10  
 -26  14  20  
  19 -28  11  
  35  -4   3  
 -20   5  29  
  27 -12  20  
  16 -11  30  
   9 -17  30  
   3 -22  28  
 -29 -18  10  
 -12 -13  31  
 -34  -1  11  
 -25  23  11  
 -22 -17  22  
  -6  21  28  
  -7 -34   7  
 -35   3   4  
 -17  -9  30  
 -15 -30  11  
   1  35   5  
  34  11   0  
  29 -20   2  
 -21 -26  12  
  10  33   9  
 -12 -30  15  
 -24 -12  23  
  -8  34   7  
 -20 -26  14  
 -35   3   5  
 -17  28  14  
   9  33  10  
 -28  10  19  
  -8  -6  34  
 -20   6  29  
 -22 -25  13  
  31 -12  12  
 -22 -21  18  
  24  11  24  
 -10 -27  21  
 -25  25   1  
 -29 -20   6  
 -15  28  16  
 -14  18  27  
 -26   2  24  
 -20  14  26  
  21 -26  12  
  -8  34   6  
  -1  31  17  
  12  22  25  
   1  24  26  
  18  19  24  
   5  -3  35  
 -12  24  23  
 -10  -2  34  
 -11  14  31  
 -25  -3  25  
 -28   9  20  
   2   5  35  
 -30  -2  19  
  11 -11  32  
 -35   7   2  
  19  28  11  
  -4 -31  17  
  23 -10  25  
 -28 -12  18  
 -30  15  11  
  35   4   3  
  31  -6  16  
   5  -8  34  
   8  33  11  
  -3  34   9  
  17   8  30  
 -18 -19  24  
 -35   2   7  
   5 -26  24  
 -26  -2  24  
  10 -11  32  
  -6 -28  21  
   6   1  35  
  13   2  33  
  25 -24   7  
   7  -7  34  
   5 -34   8  
 -14 -20  26  
   0 -10  34  
  13   4  33  
 -33  -9   9  
   5  28  21  
  20  -2  29  
 -11 -28  19  
  -7 -19  29  
  14  32   5  
 -15 -32   4  
  -4   9  34  
   7  16  31  
 -12 -28  18  
 -31   8  15  
  32 -15   2  
  -3  35   4  
  23 -12  24  
 -30 -11  15  
  26  -7  23  
 -20   4  29  
 -27  11  20  
 -10  11  32  
 -35   1   5  
  19 -30   0  
  20 -29   6  
  24  26   3  
   7 -35   1  
 -29  15  14  
 -32 -15   1  
   2 -35   5  
  34  -3   9  
 -25  22  12  
 -22   3  28  
  -5 -32  15  
 -25 -25   5  
 -35  -2   4  
  35  -2   6  
  16 -31   7  
  12 -31  13  
  -8 -27  22  
  35  -5   2  
  33 -13   2  
  26  -4  24  
 -13  32   9  
   3  15  32  
  33  13   4  
  16  28  15  
 -18 -29  10  
  17   3  31  
  22  26  10  
  -7 -26  23  
  31  11  13  
  20   4  29  
  17  14  28  
  10  21  27  
 -15 -14  29  
 -18 -27  14  
  19 -30   3  
 -33  12   6  
 -22 -16  23  
  -7 -25  24  
   6  11  33  
 -29 -15  14  
  11  32  11  
 -29 -20   2  
   0 -11  34  
 -35   5   4  
 -18 -14  27  
   7  11  33  
 -20  15  25  
 -21  17  23  
  17  -9  30  
  19   2  30  
  18 -22  21  
  21 -27  10  
 -35   0   5  
 -14   7  32  
  -1 -23  27  
  23  -3  27  
   4 -24  26  
 -20  -2  29  
   0 -33  13  
 -32 -15   4  
 -13  11  31  
 -21 -18  22  
  13  33   1  
  28  20   8  
 -22  -1  28  
  29 -17  11  
  17  31   1  
  -3 -17  31  
  -7  -2  35  
   1 -22  28  
  31  16   7  
 -11  33   6  
 -32  11  10  
 -26  24   4  
   6  27  22  
  13  -9  32  
  30   0  19  
 -35  -3   4  
   0  27  23  
 -22   0  28  
  30 -19   1  
  15  32   1  
  15   5  32  
 -32 -13   9  
 -17 -14  28  
 -18 -25  18  
  17  11  29  
 -13  -8  32  
  33 -13   1  
 -30  -9  17  
 -23   7  26  
  15   3  32  
 -30  18   7  
   2  23  27  
  -3   6  35  
  -7 -34   8  
  33 -12   4  
  13 -27  19  
  35   7   0  
  17 -31   2  
  -2 -10  34  
  30 -15  11  
   2  32  15  
 -19  30   2  
  33  11   8  
  25 -22  12  
 -31   5  17  
  15  -3  32  
   4  -4  35  
  24  19  18  
  23  -2  27  
  -2  17  31  
 -25  22  13  
 -24  26   1  
  -4  31  17  
  -5  35   1  
  29   6  20  
  23 -23  14  
  25  -7  24  
  18 -10  29  
   5 -35   5  
  -1 -35   7  
  -7  34   7  
   4 -35   2  
 -17 -27  15  
  26 -10  22  
 -17 -11  29  
 -20 -27  11  
 -27 -19  13  
  11 -14  31  
  18  24  19  
  22  28   2  
  -9 -29  18  
 -25   4  25  
 -26  -8  23  
 -24  -1  26  
  -5   5  35  
 -22  14  24  
  10 -34   0  
  12  33   4  
  12  31  13  
  17 -19  25  
  -4 -25  25  
   3 -24  26  
 -20 -11  27  
  -9 -13  32  
 -35  -4   4  
 -31  -4  17  
 -24 -14  22  
  -3  29  20  
 -22   6  27  
  -3 -10  34  
  27  15  17  
 -32  15   5  
 -17  -3  31  
   9  21  27  
 -27  23   2  
 -20  17  24  
 -17  26  17  
 -27  -8  22  
  24   1  26  
 -10 -16  30  
  33  -6  11  
  31  -7  16  
 -17  -2  31  
 -13 -11  31  
