  -3   4  12  
 -13  -1   2  
   5   2  12  
  -9  -9   2  
   6  -7   9  
   2   5  12  
  -9   9   2  
 -10   6   6  
 -11  -1   7  
  -1  -5  12  
   0  -5  12  
  11   7   0  
   0   1  13  
  -3  -4  12  
  -8  -9   5  
  13   2   0  
   2  -9   9  
  -2 -10   8  
   8  -5   9  
   1  10   8  
 -10   7   5  
  -8 -10   1  
  -8   9   5  
   1   7  11  
   4  -3  12  
   6  -3  11  
   5   7  10  
 -12  -2   5  
  -6 -11   4  
   6 -10   6  
  10  -8   1  
 -11  -2   7  
   1  -9   9  
   2 -11   7  
  -7 -11   1  
   5 -12   2  
  -1  11   7  
  12  -5   1  
  10  -7   5  
   1 -11   7  
   7   4  10  
  11   7   1  
 -11   4   6  
  -1   1  13  
   3  -9   9  
   4   2  12  
   2 -12   5  
  -6  -9   7  
  -8   8   6  
   5   5  11  
  -3   9   9  
   0 -10   8  
 -10  -1   8  
  11   1   7  
  -1  13   1  
   2  -8  10  
  -7  11   1  
  11  -7   2  
  -9  -7   6  
  -5 -11   5  
   5  12   1  
   1  -8  10  
   8 -10   2  
  -4  12   3  
   7  -9   6  
   7   1  11  
  -1  -8  10  
  -9  -2   9  
 -10  -5   7  
  12   5   0  
   9  -9   3  
  -4 -10   7  
  -1   5  12  
 -10  -7   4  
 -11  -7   1  
   8  10   3  
   8  10   1  
  -5  12   2  
 -11   6   4  
  -3  -6  11  
  10   1   8  
  12   2   4  
 -11  -3   6  
  -4 -11   6  
  -8   3  10  
 -10   5   7  
   8  -8   6  
   5  -2  12  
   2 -13   1  
  -1   8  10  
  -5 -12   1  
  10   8   2  
   0 -11   7  
 -12   1   5  
  -8  10   2  
   8   5   9  
   5  -8   9  
  10   2   8  
 -10  -8   2  
   6   4  11  
   3 -10   8  
   3   8  10  
   3   6  11  
   2  10   8  
  -6   6  10  
  13   1   2  
   5  -7  10  
   9   9   2  
 -13   0   2  
  11   2   7  
  12  -3   4  
   1   1  13  
   9   9   3  
  -2  -5  12  
   3  10   8  
   1  12   5  
  -6   7   9  
   1   9   9  
 -10   2   8  
 -10   1   8  
  -2  -4  12  
   4  -2  12  
  -1 -10   8  
  -3  11   6  
  12   4   2  
  -8  -8   6  
   4   3  12  
  -3 -10   8  
   7  -1  11  
   7  10   5  
  -5   8   9  
  10  -1   8  
   7   5  10  
  -9  -3   9  
  11  -7   0  
  13  -1   1  
  -5  12   1  
  -7   5  10  
  -2   9   9  
  -5  -1  12  
   6  -6  10  
 -11   6   3  
  -6   3  11  
 -11  -6   4  
  -5   2  12  
  -7   9   6  
  -8  -3  10  
  -6 -11   3  
   2  13   1  
  -7  10   5  
  10  -4   7  
  -2 -11   7  
  -5  11   5  
  -2   0  13  
   2  -4  12  
  -9   3   9  
   5 -12   0  
  -7  11   2  
   1 -12   5  
   7  -6   9  
   3   4  12  
   7   9   6  
   7   2  11  
   9  -8   5  
   5  -1  12  
  -6  11   3  
 -11  -6   3  
   1  -1  13  
   3  11   6  
  -2   5  12  
 -12   5   2  
  -2  -1  13  
  -6  -4  11  
  12   3   4  
   7  10   4  
  -3  10   8  
  10   5   7  
   0   8  10  
   2   1  13  
  -3   6  11  
  -4  -6  11  
  -9  -1   9  
  -2  12   5  
   0  -2  13  
 -12   2   5  
  -2   4  12  
   1  -7  11  
 -10   7   4  
  -1  -7  11  
   9  -2   9  
 -10   3   8  
   2   9   9  
   3 -11   6  
 -12   4   2  
   4 -11   6  
  10   6   6  
  10  -2   8  
   9   1   9  
   0   7  11  
   6 -11   3  
   9   2   9  
  -7  -1  11  
  11  -3   6  
   9   7   6  
   5  -5  11  
  10   7   4  
  -6   9   7  
  10   4   7  
  -9  -9   3  
  -6  -3  11  
  11  -7   1  
   4 -12   2  
   8 -10   0  
   8   2  10  
  -8   6   8  
  -8   1  10  
  10   8   3  
  -5 -12   2  
  13   0   2  
   7  -2  11  
   6   6  10  
  10  -5   7  
  -2   1  13  
  -7  -2  11  
  12   5   2  
   1  13   0  
  -5   9   8  
   4   7  10  
  -1   9   9  
 -12  -2   4  
  -2 -12   4  
  -4  10   7  
  -7 -11   2  
   0  13   1  
   6  11   4  
  -7   4  10  
  -8  -5   9  
   8 -10   3  
   8   1  10  
  -5   5  11  
  -4 -12   3  
  -2  -9   9  
   2  -1  13  
  -8 -10   2  
 -12   0   5  
  10   0   8  
  -4   7  10  
   1  13   1  
  -4   2  12  
  10   3   8  
   8  -9   5  
  12   5   1  
   7  11   0  
   8  -1  10  
   1 -13   1  
  11   5   5  
   5  12   0  
   7 -11   2  
  -9   6   7  
   3   9   9  
 -11   7   1  
 -11   7   2  
  11  -6   4  
  12  -5   0  
  -7  -5  10  
   6  -4  11  
   4  12   3  
  13   0   1  
  -8 -10   3  
   7  11   1  
  -9   5   8  
   7 -11   0  
  -2  -7  11  
   1 -13   0  
  -5  -9   8  
 -12  -5   2  
  11   6   3  
 -10   8   2  
   7   0  11  
 -10  -2   8  
  -5  -2  12  
   3  12   4  
  13   0   0  
  10  -8   3  
  -1  13   2  
  -6  -6  10  
  11   4   6  
   9   9   1  
  13  -2   1  
   4 -12   3  
 -10  -7   5  
   1  13   2  
   8  10   0  
  -8   0  10  
   5   8   9  
   5  12   2  
 -12  -4   2  
  -9  -8   5  
  -7  -9   6  
   4  10   7  
