  -2  61  48  
 -42 -29  58  
  29   4  72  
 -50 -46  37  
 -22  30  68  
  33  42  56  
 -60  15  47  
  21  65  37  
   2 -39  67  
 -44 -61  19  
  61 -48   3  
  69   0  35  
 -66  21  35  
 -27 -61  39  
 -26  57  46  
 -12 -69  33  
  61  42  23  
 -22  54  51  
 -14  -2  76  
 -20 -37  65  
   6 -30  71  
  57  13  51  
  41 -65  10  
 -53 -25  51  
  42   6  65  
 -70 -31  11  
  44  18  61  
  37 -68   6  
   7  -5  77  
  20 -61  43  
 -14  22  73  
 -72  24  16  
  40  55  37  
 -26 -48  55  
  54 -41  38  
 -76 -12   9  
 -72 -11  26  
  -3  71  31  
 -77   4  10  
  31 -59  40  
  32  69  14  
  60 -32  37  
  43  30  57  
 -47 -30  54  
 -42 -17  63  
   5  77   5  
  73  25   5  
  43 -63  15  
 -35 -31  62  
 -35  68  12  
 -71 -28  12  
 -60  25  42  
  23 -16  72  
 -71   3  31  
 -26 -35  64  
  58 -51   3  
 -18 -36  66  
  22 -69  28  
 -49 -45  40  
   7 -70  33  
 -73 -10  24  
  51   4  58  
 -15 -38  66  
  57 -50  16  
  14 -59  48  
  33  21  67  
   5  62  46  
  31   5  71  
 -63   9  44  
  76 -14   2  
  -6 -13  76  
  19  -5  75  
 -37  53  43  
 -35  55  42  
  38  54  41  
 -50 -54  24  
 -45  37  51  
  74  22   4  
 -42  13  64  
 -68 -18  33  
  31  70  12  
  64   2  44  
 -37   5  68  
 -55 -26  48  
  63 -38  25  
 -57  31  42  
 -42 -42  50  
  16 -55  52  
 -63 -13  43  
 -44 -11  63  
  11 -73  24  
 -70 -30  13  
 -33  52  47  
  -4  42  65  
 -71  -6  31  
 -77   0   7  
 -26  53  50  
 -33 -47  52  
 -11  42  64  
  10 -10  76  
 -30 -54  47  
  76  12   7  
 -10 -69  34  
   7  77   1  
  42  52  39  
  29  41  59  
  65  38  19  
 -72  -4  28  
  62  30  35  
 -43 -56  32  
 -25  73   4  
  18  47  59  
  44  32  55  
  36 -67  14  
 -18 -75   7  
 -47 -40  47  
 -67 -17  35  
 -45 -57  27  
  39 -65  16  
  24 -54  50  
 -40  12  65  
 -58  47  21  
 -49  60   5  
 -28  56  46  
  30 -35  62  
  61  39  27  
 -10 -53  56  
  -5 -63  45  
  51  58   3  
 -70   3  33  
  -6  73  25  
  39  33  58  
 -15 -17  74  
  55  52  16  
  13 -76   6  
  69  21  29  
  77   8   5  
   5 -57  52  
  25 -71  19  
  41  43  50  
 -51 -52  26  
 -20 -10  74  
 -33 -28  64  
 -55 -13  53  
  15 -63  43  
 -35  50  48  
  66 -34  23  
  52 -20  54  
  52  46  34  
  63  11  44  
  66 -41   2  
  28   0  72  
  22 -71  22  
  50 -13  58  
  -2 -41  66  
 -33  -4  70  
  13 -76  10  
 -74  23   1  
 -14  30  70  
  20 -75   4  
 -16 -53  54  
 -63  45   7  
  42  12  64  
 -35  62  30  
 -63  39  23  
   6 -73  26  
  76  14   3  
  25  72  13  
  -7 -56  53  
 -33 -31  63  
   3 -77   9  
 -44  10  63  
  48  47  39  
 -52  -7  57  
  37  67  13  
  27 -38  62  
  25 -47  56  
 -48  46  40  
  23   0  74  
   1  74  23  
  65  41   9  
   0  28  72  
   0 -23  74  
  28  12  71  
  10  68  36  
  54 -24  50  
 -53 -28  49  
  30  25  67  
 -38  58  35  
 -20  75   2  
   3  35  69  
 -48 -19  58  
  43  -7  64  
  19 -70  28  
  32  62  34  
  72 -23  17  
 -69  -5  35  
  10 -76  11  
  23  37  64  
  54 -55   6  
 -49 -51  32  
   8  -2  77  
 -35  67  16  
 -69  12  33  
  23 -70  24  
  63  -3  45  
 -57 -52   9  
  14 -76   6  
  75  -9  17  
 -44 -63  11  
   1  66  41  
  -6 -49  60  
  73   9  24  
  48  -2  61  
  65   8  41  
  76 -10  12  
  41  61  24  
  52   4  57  
 -65 -31  29  
 -53   6  56  
  75  11  16  
 -67  20  34  
 -74   8  21  
 -46 -41  47  
 -41  65   8  
  62  38  27  
  53  -7  56  
   4  70  33  
  64 -43   5  
 -64  24  36  
  -1  66  41  
 -73  16  20  
  73  -5  26  
 -76   9  13  
  68  26  26  
  46  31  54  
 -13 -19  74  
   6 -46  62  
   9 -24  73  
  16  76   3  
 -68  33  17  
 -50 -59   3  
  28  65  31  
  48 -52  31  
  19  -2  75  
 -32  18  68  
 -17 -62  43  
 -30  71   9  
  -5 -74  23  
   4  -9  77  
 -20 -72  21  
 -61  47   8  
 -71   7  30  
  47 -43  44  
  61  25  41  
 -68   2  37  
  -5 -77   8  
 -26  56  47  
  73  10  24  
  -4 -74  22  
 -31  64  31  
  51  -5  58  
 -22  74   9  
 -70  20  26  
  46  60  17  
 -11  63  44  
  39 -55  38  
  52 -48  32  
  53  56   6  
   6  13  76  
  58 -23  46  
  46 -35  52  
  47 -14  60  
  75  -3  19  
  13  70  30  
   3  10  77  
  -7   4  77  
  70  17  29  
  43 -10  64  
  22  69  28  
 -24 -38  63  
  33  52  47  
 -22  57  48  
  52 -28  50  
  77  -5   7  
  62 -10  45  
  56 -47  26  
   0  67  39  
  23  73  11  
 -20  24  71  
 -59  48  14  
 -47  42  45  
  43  51  39  
 -55  17  52  
   0  76  14  
 -60 -43  24  
 -64 -21  38  
  29  16  70  
 -56 -35  41  
 -20  70  27  
