 -69 -81  33  
 -70   4  87  
   6  92  63  
  85   1  72  
  14 -97  53  
  55 -71  66  
  85 -60  40  
  78 -51  61  
 -26 -88  63  
  17 -97  52  
 -100 -36  33  
  87 -65  25  
 -93  27  55  
 -30 -55  92  
  63  87  29  
  87  26  65  
  67 -79  41  
 -83 -73  15  
  56  41  87  
  38  65  82  
 -51 -46  88  
 -78   0  80  
  54 -22  95  
 -83  74   6  
  76  71  40  
 -52  97  19  
 -67  79  41  
  83  67  32  
 -29 -63  87  
  89 -48  47  
 -84 -12  72  
  73 -80  27  
  47  63  79  
  54 -53  82  
  81 -68  35  
 -98 -41  34  
 -74  27  79  
  93 -35  51  
 -64  91   4  
  57  77  57  
  56  67  69  
 -78 -46  65  
 -67  75  48  
 -47  42  92  
   8 -84  73  
 -21 -62  90  
 -10 -62  92  
  44 -56  86  
  70 -87   4  
 -49  20  98  
 -89  64  20  
 -56  57  78  
  73  73  42  
  79  52  59  
 -20 -60  92  
  61 -14  92  
  54 -84  50  
  57  20  94  
  50  10  99  
  56  74  62  
 -98  53   3  
  23 -100  43  
 -99 -13  50  
 -81 -71  28  
  67 -24  86  
  76  43  69  
  20 -73  82  
  59  84  43  
  32  63  86  
  55  31  92  
 -79  72  31  
  55   7  97  
  -2 -100  49  
  91 -31  56  
 -43  82  62  
  67 -29  84  
  23 -52  96  
  51  79  60  
  46  65  78  
  45  92  44  
  45 -55  86  
 -99 -51   7  
  20 -51  97  
 -72  18  83  
 -70  86  10  
  68 -43  77  
  78  76  25  
  95  53  24  
  52  93  32  
 -63  23  89  
  95 -51  29  
  97  49  24  
  51 -94  32  
 -41 100  27  
 -97  51  20  
  45 -24  99  
  64  21  89  
  69  53  70  
 -67 -35  82  
 -57  19  94  
  48  82  58  
 -59  92  22  
  62  92  11  
 -86  -7  71  
  51 -75  65  
 -98 -49  21  
 -97  26  49  
  68 -39  79  
  44  74  71  
  54  16  96  
 -58 -81  50  
  89 -19  64  
  61 -85  39  
  80 -78   1  
 -28 -61  89  
  90 -36  55  
 -63  86  33  
   3 -93  61  
 -14  99  49  
 -64 -84  35  
  -2 -53  98  
  96  -1  57  
  63  79  47  
 -78 -12  79  
 -44 -61  82  
  53 -45  87  
  94  45  40  
 -89 -67   8  
 -58  14  94  
  74  56  62  
  55  47  85  
  49  99  16  
 -69 -12  87  
  -4  91  64  
  94  25  54  
  -4 -91  64  
  52 -17  97  
  10  69  87  
 -100 -32  37  
  60  35  87  
 -69 -28  83  
  43 -35  97  
  97 -43  34  
  69  83  27  
  99  21  47  
  57  94  20  
 -78  68  42  
 -98   3  53  
  63  14  91  
 -73   9  84  
  -9  70  86  
 -50 -96  27  
 -62 -68  63  
 -77 -70  40  
  98  13  52  
   1 -96  57  
  92 -52  35  
  -4 -74  83  
 -43 -95  39  
 -37  59  87  
 -28  51  95  
 -51 -97  21  
 -77  75  30  
  73 -35  77  
  95  -2  58  
  77 -70  40  
 -48  64  78  
  80 -78   0  
 -35 -56  90  
  60   4  94  
 -51  -2  99  
  79 -62  48  
  38 -92  50  
 -63 -64  66  
 -72  65  55  
  94 -59  11  
  62 -23  90  
  -3  66  90  
 -24 -67  86  
  59 -84  43  
  12 -88  67  
  20  79  76  
  76 -74  34  
 -39  62  84  
  16 -75  81  
 -91 -15  63  
  63  30  87  
 -67  12  88  
 -45 -68  76  
 -56  72  64  
 -16 -59  93  
  91  62  18  
  71 -40  76  
  50  92  39  
  73  -7  84  
 -12  96  55  
  58   1  95  
 -30  69  82  
 -72  47  71  
  15 -90  64  
 -80 -77  10  
 -97 -55   4  
 -68 -85  23  
 -65  64  64  
 -57   2  96  
  72  60  60  
  97 -28  47  
 -30 -42  99  
  79   2  79  
 -73 -82  18  
 -69  28  83  
 -61  90  25  
 -56  -8  96  
 -97 -38  40  
 -63 -44  81  
  82  61  45  
 -10  99  50  
 -82 -56  51  
 -21 -93  58  
 -59  69  65  
 -30 -99  41  
 -67  32  83  
 -64 -74  53  
 -20 -86  68  
  10 -74  83  
  -1  96  57  
 -56 -49  83  
 -72 -71  47  
 -68  84  28  
  72  67  52  
   8  83  74  
 -75 -75  34  
  54 -96  18  
  67  89   5  
 -82  74  14  
  60 -89  31  
   3  95  58  
 -48  97  26  
 -67 -54  71  
   9  76  81  
  40 -84  61  
  76  17  80  
  28 -51  95  
  24 -76  78  
  56 -75  61  
   3  49 100  
 -96  53  20  
  49 -99  14  
  27  80  73  
  70   4  87  
  28 -98  45  
  -1 -64  91  
  92  61  14  
 -100 -29  40  
 -43  92  46  
  86  16  69  
 -86  38  60  
 -32  70  81  
 -61 -66  66  
 -40  75  72  
 -87  32  62  
 -47  72  71  
 -84 -41  61  
  55  34  91  
 -32 -80  71  
  37  68  80  
  60 -86  38  
 -73  77  34  
  39 -48  93  
 -55  97   1  
 -30 -64  86  
 -99  36  37  
  70 -42  76  
  57  60  75  
  90 -39  53  
   9  95  58  
   5  61  93  
  25 -90  61  
 -49 -87  50  
  84  19  71  
  80 -16  76  
  58  16  94  
  95  43  39  
  30  86  64  
  64 -24  88  
  94   0  60  
 -59 -93  18  
  58  86  41  
   5  97  55  
 -79  79   2  
  52  94  30  
 -49 -24  97  
 -97  54   8  
  68  60  65  
 -38  78  70  
  19 -62  91  
  95  42  41  
 -81 -19  74  
  94  43  42  
 -81  12  76  
