 -99  50  34  
  70 -92  10  
  89 -68  31  
 -61 -22  96  
 -53  81  64  
 -71 -30  87  
  55 -83  60  
  31  83  75  
 -55 -90  48  
 -23 -56  99  
  77  86  12  
  71  88  25  
  95 -19  64  
  59 -93  36  
 -14 -84  79  
 -12 -78  85  
 -56  39  94  
 -65  95  14  
 -12  92  70  
  95 -64  19  
  14 -85  78  
  68  65  68  
  28  60  95  
 -85  79   4  
 -57 -76  67  
  81 -21  80  
  25 -85  75  
 -72  73  54  
 -41  45  99  
 -76  29  83  
 -88 -68  33  
  75 -66  59  
  90 -70  22  
 -53 -84  60  
  51  74  73  
 -96   7  65  
 -56  59  83  
  96  62  20  
 -86 -22  75  
  83  79  19  
 -43  73  79  
 -13 -96  64  
 -70  82  43  
 -72  89  19  
 -54 -36  96  
 -39  73  81  
  70  90  21  
 -100  19  56  
  50  97  40  
 -52  86  58  
  52 100  27  
 -47  63  85  
 -74 -76  47  
 -76 -26  84  
 -60  60  79  
 -94  40  55  
  -3  79  85  
 -55  24  99  
 -77 -48  72  
  90 -25  69  
  88 -42  63  
 -71  11  91  
  37  97  52  
 -79  32  79  
 -54  66  79  
 -33  58  95  
 -10  88  75  
 -19  67  93  
 -87  68  35  
  38  76  79  
 -75 -66  59  
 -61 -84  52  
 -93  22  66  
  96  31  57  
  -5 -96  65  
 -55  67  77  
 -79 -81  25  
 -90 -73   2  
  18  67  93  
 -91 -26  67  
  51  96  41  
  77  87   4  
  67 -88  35  
  76  10  87  
 -48 -95  46  
  65  -1  96  
  59 -89  45  
 -86  76  16  
  69  25  90  
  72 -39  82  
  83 -78  23  
  32 -96  57  
  80   3  84  
 -51 -75  72  
 -23 -71  89  
  32  70  87  
 -90  44  58  
 -23 -73  87  
  59  65  76  
 -36 100  46  
  -9  95  66  
  60 -29  95  
  17 -58  99  
 -60 -21  97  
  20  91  69  
 -35  64  90  
   3  69  93  
 -15 -69  92  
 -11  61  98  
  62  96  20  
  75 -81  36  
  99 -33  51  
  51  76  71  
  95  62  24  
  92 -38  60  
  84 -80   4  
 -90  65  34  
  42  41 100  
 -95  66   9  
 -71  23  89  
 -51 -54  89  
 -98  27  56  
  90 -73   5  
  56 -97  31  
  99  26  55  
  40 -95  53  
  69  92  16  
 -47  72  78  
  95  34  57  
 -23 -74  86  
 -41  72  81  
 -87  20  74  
  63 -75  62  
  96  65   1  
 -94 -41  54  
 -66  32  90  
 -94  26  63  
  75 -50  73  
  85 -77  16  
 100 -14  57  
  73  77  47  
 -20  70  90  
  83  75  30  
  94  60  32  
  92 -59  39  
  21 -95  63  
 -83   1  81  
 -34  99  50  
  80  12  83  
 -96  52  39  
  70  37  85  
 -82  76  30  
 -47 -87  61  
 -52  27 100  
 -62  94  28  
 -93  53  45  
  30 -87  71  
 -80  33  77  
 -99 -39  46  
  34  48 100  
  69 -55  75  
 -96 -63  17  
 -60 -80  59  
 -89 -20  72  
  34 -71  85  
 -75  77  43  
  67 -70  64  
 -51  99  32  
  55  92  44  
  79 -73  44  
  93 -34  60  
  75 -38  80  
 -82  75  34  
 -30  96  58  
 -67  54  78  
  99  53  30  
  68  94   3  
 -99 -47  38  
  90 -22  70  
  46 100  37  
  53 -43  94  
 -56  96  34  
  38  89  64  
  -8 -62  98  
  93 -13  68  
  58 -49  88  
  42 -94  53  
  85 -78  13  
 -55  60  83  
 -74 -85  27  
  65 -80  53  
 -70 -80  46  
 -67  76  57  
 -32 -99  51  
  85 -22  76  
 -65 -86  43  
 -62 -97  13  
 -70 -72  58  
  97 -23  59  
  41  71  82  
  24 -56  99  
  62 -97  13  
  63 -97   8  
 -35  89  66  
  87 -30  71  
  89 -61  42  
  43  65  86  
  96 -65   8  
 -44 -98  44  
 -53  82  63  
  58  59  81  
 -83  72  37  
  93 -50  48  
  86  77  11  
 -32 -66  90  
  59  30  95  
 -71 -69  60  
  40  47  98  
 -52 -75  72  
  61 -64  75  
 -31 -87  70  
 -93 -67  17  
  75 -72  51  
 -96 -63  18  
 -88  33  68  
 -37  98  50  
 -35 -90  64  
  79  45  72  
 -19 -81  81  
 -94 -12  67  
 -70 -55  74  
  90  60  42  
  69  -1  93  
 -62 -43  88  
  97  63   7  
  66 -28  91  
 -94  35  58  
 -57  51  87  
  95 -13  65  
  33  67  89  
  92 -40  58  
 -81  81  19  
  -2 -82  82  
  71 -10  91  
  43 -86  65  
 -58 -87  50  
 -54 -55  87  
 -86  78   5  
 -72 -80  43  
 -70 -45  81  
  22  99  56  
 -35  85  71  
   4 -100  59  
 -79 -82  22  
 -61 -44  88  
 100 -22  54  
  98  50  37  
 -41 -52  95  
  65 -88  38  
 -17 -81  81  
 -62 -59  78  
  62  94  28  
 -72 -30  86  
 -98  -8  62  
 -46  64  85  
  89  16  73  
 -74  68  58  
  86  17  76  
  91 -67  27  
 -91  -7  72  
 -27 -67  91  
 -33  76  81  
  50 -46  94  
  41 -52  95  
 -86 -25  74  
  83  81   5  
 -91 -69  21  
 -82 -74  35  
  56  99  23  
  75  36  81  
  94 -36  58  
 -69  27  89  
 -84 -42  68  
 -76  26  84  
  62  -6  98  
 -100  57  15  
 -36 -47 100  
  32 -73  84  
  36  51  98  
 -48  64  84  
  21 -94  65  
 -100   0  59  
 -49  85  62  
 -26 -63  94  
  84 -58  55  
 -28 -52 100  
 -49  47  94  
  56 -33  96  
  17  93  67  
 -67  30  90  
