  54  84  29  
  25 -73  70  
  44 -90  27  
 -26 -60  81  
  12  85  59  
  44  46  82  
 -83  -2  63  
  97 -19  33  
 -22  57  84  
  69  77   9  
 -28 -87  50  
 -89  43  33  
  92  -3  48  
  64 -22  79  
   1 -92  48  
  53 -72  53  
  -3  99  31  
 -16  28  99  
  12  97  35  
 -50 -15  90  
  -6 -94  44  
   3 -98  35  
  58  79  35  
  -6  50  91  
  31  99   3  
 -69 -29  72  
 -76 -45  55  
  35  93  31  
 -45 -92  19  
 -91 -50   7  
   9  86  58  
  28  -5 100  
  92  48   9  
  17 -94  41  
  38 -94  24  
 -29   5 100  
  -9  63  82  
   5  74  73  
 -19  21 100  
 -46  92  15  
  68  79   1  
  41  -9  95  
  76 -71   1  
  74  43  59  
 -77  67  20  
 -46  90  25  
  42 -33  89  
 -51 -61  67  
  -3  93  46  
 -59  84  17  
 -72 -50  56  
  62  78  29  
  21  93  42  
  66 -75  28  
  15  94  42  
 -78  31  61  
  27 -68  74  
  98  -4  34  
  98  -2  35  
  36 -67  71  
 -51  56  71  
  57 -80  34  
  27  73  69  
  93   3  46  
  37  29  93  
  51  25  87  
 -71 -43  63  
  -6 -75  72  
  24  86  53  
  28 -92  40  
  86 -53  24  
 -27 -98  22  
 -55 -87  16  
 -20  78  66  
  75  36  62  
 -85  19  57  
  39 -51  82  
   3  93  47  
 -73 -12  73  
  82 -64   4  
 -68  71  34  
  65  37  72  
  53  36  82  
  35   5  98  
  77 -20  67  
  31  26  96  
 -19  85  57  
  34  90  40  
  20  66  78  
 -18 -30  98  
  50  -1  91  
  36 -37  90  
 -37 -96  16  
  59 -82  25  
 -58  52  69  
  20 -97  31  
  50  19  89  
  92 -20  44  
  60  61  59  
 -63 -25  79  
 -52  90   4  
  -7  72  75  
  99 -14  28  
  87 -55  15  
  79  14  66  
  85  39  46  
  12  52  89  
  47 -91  19  
 -71  54  53  
 -32 -39  91  
  50 -73  55  
 100  17  24  
  81  65   2  
  69  69  36  
  63  60  57  
 -96 -20  34  
  87 -57   4  
 -100  13  26  
 -21  77  67  
 -75 -39  61  
  56  10  87  
  36 -60  77  
  77  68  17  
  64  63  52  
  66 -26  76  
 -95  15  40  
 -34 -98   5  
  74 -30  67  
 -99 -32   6  
  35 -81  55  
  77 -57  41  
 -22  92  43  
 -50  38  83  
  46 -93   4  
 -48   7  92  
 -24  96  32  
  95  20  37  
  29  95  30  
  60  81  25  
 -86 -51  29  
  33 -38  91  
  71 -41  64  
   0  35  98  
 -35  92  33  
  98 -34   5  
   4  72  75  
 100  28   1  
 -13 -76  70  
  58  14  85  
 -85 -51  31  
  59 -81  28  
   2 -84  61  
 -34  84  51  
 -24 -66  77  
  40 -61  74  
  27  78  63  
  -3 -84  61  
  18 -26  99  
 -72  57  49  
 -85 -45  39  
 -46  -4  93  
  70 -39  66  
  -7  84  61  
 -37 -89  39  
  80 -40  53  
 100 -28   0  
  32 -28  95  
 -67 -79   9  
  40 -88  38  
  19 -67  77  
 -64 -80  18  
  70 -27  72  
  30 -29  95  
 -94  44   6  
  52  57  70  
  40  90  33  
  49  43  81  
  40 -40  87  
  54  46  76  
  65 -35  73  
  85 -39  46  
 -82 -39  51  
  93 -46   7  
   8 -90  51  
   3  88  55  
 -95 -38  19  
 -85  55  23  
  81 -11  64  
  24  20  99  
   6  98  34  
 -95   6  42  
 -37 -62  75  
 -33  75  64  
 -75  68  23  
 -35 -62  76  
   2  65  81  
  75  41  59  
 -75 -13  71  
 -76  71   3  
 -22 100  18  
 -75 -68  24  
 -23 -95  36  
 -85  30  52  
 -98  30  18  
 -83  62  11  
 -76 -69  16  
  93  14  44  
 -70  43  64  
 -30  97  22  
  50 -71  57  
 -66 -24  77  
 -38 -97   3  
 -37  79  57  
 -29  80  60  
  36  77  60  
  65 -69  43  
 -33  50  85  
 -12 -75  71  
  59 -66  55  
  74  40  61  
  73 -72  18  
 -76  59  39  
  23  21  99  
  20  52  88  
  92  48   5  
  55 -65  60  
  96 -32  23  
  68 -16  77  
 -24 -58  83  
  98 -15  32  
 -88  27  48  
 -69 -39  67  
 -12  98  33  
 -31   7  99  
  -1 -89  54  
  92  11  47  
   1 -88  55  
 -27 -21  98  
  78  56  40  
  38  71  66  
 -69  57  53  
  41 -95  11  
 -76  51  49  
  20 -78  66  
  -6 -34  98  
 -32 -14  98  
  57 -23  84  
  64  17  80  
  98  30  17  
 -60  84  13  
 -70 -68  36  
 -95  20  37  
 -13  73  73  
  46 -67  65  
  38 -23  94  
  23 -77  66  
  63  80  20  
   1 -90  52  
  19  45  92  
  10 -82  63  
 -66   9  80  
  11 -83  62  
  90 -52   4  
 -44 -86  39  
  49  56  73  
 -48  92   1  
 -65  -5  81  
 -30 -41  91  
  57 -79  36  
 -63  68  47  
 -14 -72  74  
  82  38  51  
 -45  80  49  
 -75 -69  20  
  37 -75  62  
 -12 -77  69  
 -55  56  68  
  16 -37  96  
 -22 -49  89  
  66 -78  19  
  -6  39  96  
 -15 -89  52  
 -35 -95  24  
 -50 -79  45  
 -92  14  46  
  40 -93  24  
 -41 -95   8  
 -99 -15  28  
  19 -35  96  
  57 -40  77  
 -91  -7  50  
 -60 -66  53  
 -36  90  38  
  71  29  70  
   1  72  75  
   9 -84  61  
  98  30  19  
  17 -99  26  
  32  96  23  
 -44  94   9  
