  61  19  30  
  69 -11  11  
  29 -56  32  
 -36  47  38  
 -24 -41  52  
  29 -17  62  
  -7   6  70  
  55  14  42  
 -35 -35  50  
   4 -40  58  
  14 -66  21  
 -19 -60  32  
  48  49  16  
  20 -31  60  
   0 -43  56  
 -10 -11  69  
 -57  40  11  
 -18 -21  65  
  38 -36  47  
  10  44  54  
  36  38  47  
 -44  12  54  
 -36  57  20  
  63  32   0  
 -67 -19  12  
  26  59  28  
  38   5  59  
 -11 -35  60  
 -70   1   6  
 -54 -42  16  
   9 -11  69  
  62  -2  33  
 -16  62  29  
   1  43  56  
 -29  54  35  
 -39  47  35  
 -30  58  27  
 -64  29   3  
  29 -51  39  
  67 -15  17  
  34  39  48  
  40 -10  57  
  52  45  15  
   9 -64  28  
  51  45  18  
 -43  56   4  
  61 -22  28  
 -10  43  55  
 -66  10  22  
  45 -21  50  
 -10 -20  67  
 -45 -26  48  
 -43  56   1  
  -7  61  35  
 -69  -6  14  
   7 -65  27  
  25 -56  35  
 -64 -26  15  
  31 -28  57  
 -37  53  28  
  -4  -5  70  
  54  45   3  
  11 -40  57  
  53  46   7  
   7 -67  20  
 -44 -34  43  
  21 -66  12  
  65 -17  21  
 -68  -6  18  
  13  -7  69  
 -16  27  63  
 -52  37  30  
  41  53  22  
  44  55   1  
 -12 -35  60  
  21 -50  45  
   9 -50  49  
  58  19  35  
  -8  12  69  
 -21  24  63  
  13  -3  69  
 -30 -15  62  
  18 -68   2  
 -65 -12  24  
 -14  62  31  
 -61  31  17  
  67  13  17  
  -1 -69  14  
  25  -3  66  
  66   7  24  
 -45  51  19  
 -56 -31  29  
 -10 -63  30  
 -55 -11  43  
 -22  33  58  
 -18  -3  68  
  52 -47   7  
 -70  -5   7  
 -54 -22  40  
 -48  42  30  
 -69  -9  10  
 -30  31  56  
  32  27  57  
 -69 -10  11  
 -19 -65  19  
 -35  46  40  
 -32 -63   2  
 -14  28  63  
  41  19  54  
  38  49  34  
  44  48  27  
 -28 -37  53  
  66  18  16  
  40 -40  42  
  46 -47  26  
  37  37  47  
 -20  -9  67  
  41 -26  51  
 -35  51  34  
 -56  11  41  
 -38 -48  35  
  21  12  66  
  42  18  54  
 -40  52  26  
  29  47  44  
 -61  -1  35  
 -68  -1  19  
  27  53  38  
 -29  17  62  
 -66   4  25  
 -29 -13  63  
 -21  61  29  
  31   6  63  
  26  56  34  
  27 -49  43  
  12  69  10  
  51  29  39  
  42  -9  56  
  26  32  57  
  -7  18  68  
 -15  68  12  
 -20  36  57  
   9  68  17  
  30  57  29  
  49  50   7  
  -8  70   1  
  33 -62   2  
  46  13  52  
 -69 -13   8  
  66  17  18  
  18  68   3  
 -64  13  27  
  66  14  20  
 -22  23  63  
  -6 -27  65  
  18  46  50  
 -50 -49   6  
  18  36  58  
  -6  -2  70  
  -4  69  13  
 -38 -47  36  
  -8 -70   4  
  65  19  20  
  60 -37   3  
  14 -63  28  
  62  32   9  
  61  28  21  
 -41  13  56  
 -40 -58   1  
 -29 -46  45  
 -47 -46  25  
 -32 -62   9  
 -47  -9  52  
  46 -11  52  
  58 -40   4  
 -13  59  36  
 -18 -62  28  
  -3 -14  69  
 -34 -43  44  
   5  64  29  
 -33  61  13  
   8  66  24  
  22 -58  33  
 -25  29  59  
 -61 -29  21  
 -12 -33  61  
 -37  45  40  
 -37  41  44  
   0 -64  30  
 -32 -27  57  
 -34  61   8  
  24  51  42  
   5  59  38  
  -2 -18  68  
 -46  43  32  
 -55   2  44  
 -66 -23   9  
  42   7  56  
  51 -40  28  
   6 -40  58  
  35 -29  54  
  17 -18  66  
 -16 -62  29  
 -48  29  43  
  50  29  40  
  64   5  29  
  42 -25  51  
   1  45  54  
 -53  29  36  
 -43  44  34  
   2 -64  30  
 -66 -20  14  
 -67 -20   8  
 -58 -26  30  
  10  23  66  
 -31  63   5  
 -58  -8  39  
 -25 -19  63  
  -8  31  63  
  36  60   7  
   5  41  57  
 -64  -8  28  
  30 -19  61  
  14  69   0  
   9  56  42  
   4  38  59  
 -51 -33  36  
  70  -2   9  
 -17  33  60  
  13 -36  59  
  11 -43  55  
  15 -10  68  
 -23 -49  45  
  41  38  43  
 -31 -63   8  
 -30   1  64  
 -37 -58  16  
 -55 -27  35  
  56 -37  21  
  -1 -29  64  
 -42 -17  54  
  67  18  12  
  49   9  50  
 -28 -36  54  
 -53 -40  24  
  25 -57  33  
 -21 -12  66  
  15  69   0  
 -55  44   3  
  15  -1  69  
  15  67  15  
  41  36  45  
  65  11  25  
  15 -56  40  
  50 -10  49  
  57  33  25  
 -52  21  43  
 -68 -12  15  
 -26  41  51  
 -11   9  69  
 -70  -4   5  
 -36 -31  52  
  56 -17  39  
  38 -54  25  
 -34 -61  10  
  58  29  28  
  64  19  23  
  20  -7  67  
  65  -2  27  
 -39 -56  17  
  12  68  15  
 -43   8  55  
 -51 -47  13  
 -20  18  65  
  49 -49  12  
 -44  48  27  
 -15 -34  60  
 -60  14  34  
  24  -5  66  
 -21  67   6  
  24  42  51  
  58  38  14  
  -3  33  62  
  36 -45  41  
   0 -39  59  
 -40 -26  52  
 -10  58  39  
  14  62  30  
   0  51  49  
  -3 -68  18  
 -16  57  38  
 -38  57  17  
 -44  21  51  
 -32 -15  61  
 -15 -44  53  
  34   2  62  
 -31  62  12  
 -45  41  36  
  44 -54  10  
 -58  27  30  
