  -3 -34  39  
 -15  49   8  
 -16 -48  13  
  27 -37  25  
  15  30  40  
  -5 -38  35  
 -40 -25  22  
 -48  16  13  
  52   2   1  
 -30 -42   7  
  17  48  10  
  -9  -5  51  
  24  40  23  
  34  39   4  
 -31  40  11  
  23  44  15  
  17 -46  17  
 -34  38   9  
 -32   3  41  
  10 -14  49  
  48  18   9  
  31 -21  36  
 -44 -24  13  
  41   3  32  
  -4 -29  43  
 -12   7  50  
 -21  13  46  
 -10 -30  41  
  27  27  35  
  -3 -52   3  
  34   5  39  
  -9  20  47  
  -2  52   1  
 -34 -34  20  
  44  28   2  
  26  41  18  
  27 -42  14  
  51   2  11  
 -16  33  37  
  40  12  31  
 -34 -16  36  
 -20 -46  13  
  22   4  47  
  11  41  30  
   3  39  34  
   0 -14  50  
 -20  11  47  
 -44 -28   1  
  -5  -1  52  
  12  -7  50  
  45  24   9  
   3 -39  34  
 -32  30  28  
 -18 -33  36  
 -36 -33  18  
  13  15  48  
  30 -42   6  
  48 -17  11  
  -4 -51   8  
  12 -50   6  
  36 -37   7  
  24  21  41  
  38  16  32  
 -26  31  33  
 -44 -24  14  
   9   3  51  
 -11  22  46  
  36  35  13  
  44 -20  19  
  46 -12  21  
  22 -47   6  
 -30  -7  42  
 -10  10  50  
  35  -7  38  
  31 -18  38  
  32  -5  41  
  -9  51   3  
   5 -40  33  
  21  46  13  
 -32  28  30  
  24  36  29  
 -20  19  44  
 -38  27  23  
  20  46  13  
  46 -22  10  
 -22 -26  39  
 -37  20  31  
  10  48  17  
  -9  33  39  
 -24 -46   4  
  14 -43  26  
  33  -5  40  
  24  14  44  
 -26 -14  43  
  34  29  27  
 -33 -21  34  
   8 -45  25  
   5 -48  19  
   6 -42  30  
  -8 -36  37  
  -4 -43  29  
 -11  34  38  
 -17  11  48  
 -51   0  11  
  -9 -44  26  
  28  43   9  
 -19   5  48  
  35  11  37  
  45   0  26  
  -2 -50  14  
  48  17  10  
  43   6  29  
 -16 -45  21  
  49 -17   5  
  -4  50  14  
 -36 -23  30  
  27 -34  29  
 -17 -49   3  
  31 -15  39  
 -26 -31  33  
 -48 -19   5  
   3  49  17  
   7  51   8  
 -48 -18  10  
  21  20  43  
   5  29  43  
  -9 -50  11  
  45  24  10  
 -21 -46  13  
   7 -45  25  
  48 -20   1  
 -35  32  21  
 -39 -13  32  
   3  22  47  
   8  51   5  
 -38 -31  18  
  37 -20  31  
  16 -43  24  
 -15  47  16  
  38  27  23  
 -40  -3  33  
  38  -5  35  
  40 -33   1  
  45  -8  25  
 -46   9  23  
  45 -20  16  
 -17   3  49  
 -25 -30  34  
  15 -32  38  
 -32  40   9  
 -42  10  29  
  33  -2  40  
 -21 -39  27  
  11  49  13  
  24 -17  43  
   8 -25  45  
   1   5  52  
 -23  15  44  
  -2 -11  51  
 -35  25  29  
   0  51   9  
  27 -21  39  
  40 -32   8  
 -38 -28  22  
 -35   4  38  
  14  17  47  
 -49  -8  15  
 -25  24  39  
 -10  -2  51  
  11  16  48  
  25  16  43  
  -9  50  12  
  52  -1   2  
  -8  -5  51  
  -5  43  29  
  28  -3  44  
  14 -11  49  
 -40  14  30  
  37  30  21  
  25 -44  13  
 -44  23  16  
  21 -47   8  
 -31 -29  30  
  -5  38  35  
  33 -24  32  
  45 -20  17  
 -21  40  26  
 -37  28  23  
 -14 -17  47  
 -35   7  38  
 -35  37  10  
 -24   3  46  
  -5  29  43  
  51  -5   8  
 -20  39  28  
  22 -38  28  
 -23  -9  46  
 -41 -14  29  
  -5 -32  41  
  44 -28   1  
  14  30  40  
 -12 -21  46  
 -49   3  17  
 -18  36  33  
  30  -4  42  
  40  31  13  
  40  -1  33  
  29  30  31  
  32 -20  36  
 -51  -8   6  
  41  31   7  
  18 -33  36  
  49  11  13  
  29  16  40  
  50  10  10  
 -43  -1  29  
 -28  23  37  
   5 -22  47  
 -34 -32  23  
  26 -10  44  
  45  -4  26  
 -50   7  12  
  29 -34  27  
   5  52   1  
 -15 -43  25  
  50   7  13  
  43 -11  27  
  16  32  38  
  15  47  16  
 -13  48  15  
  38 -35   4  
   2  10  51  
 -34 -39   2  
 -21 -18  44  
  -6  19  48  
  30  28  32  
  18  47  13  
 -33   5  40  
  15  49   8  
 -30 -42   4  
 -21 -40  26  
  20  19  44  
 -49  17   3  
  -3  -3  52  
  30  25  34  
  -3 -49  17  
  16  45  20  
   0  17  49  
  52  -4   0  
 -45   2  26  
  44  25  13  
  29  25  35  
  -8 -50  12  
  26  23  39  
  41 -32   1  
 -34 -22  33  
 -12 -50   9  
  -1  -5  52  
 -34  32  23  
 -46  21  13  
  44 -27   7  
 -46 -23   8  
   2  52   0  
 -26  41  19  
   0  52   3  
 -24  14  44  
  48   5  19  
 -11 -31  40  
  46   4  24  
 -29 -38  20  
 -11 -35  37  
 -45   9  24  
  22  47   3  
  41  24  21  
  -1 -29  43  
  38 -35   7  
 -11  48  16  
  35 -36  14  
  -1  20  48  
 -14   4  50  
  36  18  33  
  19 -48   4  
  48 -19   5  
  46  21  12  
 -10 -10  50  
  -9 -11  50  
 -22  34  33  
 -45  24  11  
  19 -40  27  
  -7  27  44  
 -33 -40   3  
 -19 -38  30  
 -27  40  19  
  26 -43  14  
  35  36  13  
 -32 -40   9  
 -31  32  27  
  31  29  30  
 -17  41  27  
  47  14  17  
