  46  19  53  
 -22 -66  21  
 -50  46  25  
  11 -68  22  
   4   5  72  
  28  10  66  
  72   8   5  
  53  46  19  
   6  70  17  
  26 -61  29  
  53   8  49  
  45 -23  52  
  67  20  20  
  -3 -55  47  
   7 -27  67  
  -2  27  67  
 -24  60  33  
 -33  63  14  
  71 -15   0  
  23  20  66  
  44 -57  10  
  63  12  34  
 -66  30   6  
  30 -55  36  
  23 -60  34  
  52  26  43  
  30 -28  60  
  42  37  46  
 -32 -22  61  
 -14  12  70  
  -8   1  72  
   6 -63  35  
  56   9  45  
 -57  30  33  
 -70  13  13  
 -68  -4  25  
 -53  43  25  
 -33 -24  60  
 -23  11  68  
  15 -54  46  
  66 -26  14  
  63 -35   6  
  26 -29  61  
 -59   2  42  
  23  25  64  
  65  23  23  
  57  42  16  
 -62  -6  37  
  39  37  49  
 -50  52   6  
  71 -15   1  
  36 -57  26  
   6  72   4  
 -35  14  62  
   8  41  59  
  72  -8   6  
  13  37  61  
   9 -64  33  
   1  69  22  
 -28  67   4  
  29  44  50  
 -58  32  30  
  26  25  63  
 -72  -7   3  
 -43  54  22  
 -30 -55  36  
  13 -71   6  
   6  69  21  
  58  40  18  
  19 -69  13  
 -67 -15  24  
 -21  45  53  
 -65   2  32  
  23  59  35  
  45  56  11  
  59 -32  27  
 -28 -23  63  
  26 -42  53  
 -47 -29  47  
  -9   5  72  
 -48  42  34  
 -26 -52  43  
 -25 -60  32  
 -43  48  33  
  51 -41  31  
  22 -69   6  
  25 -50  46  
   6 -37  62  
 -66   3  30  
  41  51  31  
  69  -6  21  
  13 -71   9  
   8  33  64  
  32  65   6  
 -36 -63   5  
 -61 -16  36  
 -27 -28  61  
 -17 -39  59  
 -11  16  70  
  64   2  34  
  21  24  65  
  -1  47  55  
  39 -59  15  
 -48  54   4  
 -19 -31  63  
   0  36  63  
 -69   0  22  
  25 -60  32  
  14  24  67  
  58   3  43  
 -55  -9  46  
  11  68  23  
  44  13  56  
 -29  46  48  
  25  -4  68  
  41 -31  51  
 -67   8  26  
  19  17  68  
  63 -19  30  
 -67 -24  15  
  41 -26  54  
  34 -53  36  
  -4  70  18  
  -5 -51  51  
   2  18  70  
  47 -29  47  
 -36 -51  37  
  62  22  30  
 -39 -26  55  
  68 -13  22  
 -27  47  48  
  60  25  32  
 -50  -9  52  
 -45 -11  56  
  64  33   6  
 -11  20  69  
  59 -38  19  
 -45  32  47  
 -33 -54  35  
  22 -63  28  
 -45  50  27  
  -5  70  18  
 -44 -48  32  
  49 -51  16  
 -10  23  68  
  34 -29  57  
  61 -26  29  
 -59  41  10  
 -19  38  59  
 -25 -45  51  
  18 -27  65  
   6 -71  14  
 -64  12  32  
  27  20  64  
  11 -28  66  
  20 -68  15  
 -41 -45  39  
   6 -69  21  
   0  67  28  
 -60 -34  22  
 -10 -58  42  
  36 -62  11  
 -33 -42  49  
  70 -10  17  
 -46  55  10  
  18 -70   4  
  29 -46  48  
  48  30  45  
 -50 -52   8  
   9 -65  31  
  33 -58  28  
  65  24  22  
  30  64  16  
  46 -45  33  
  11 -50  51  
  58 -38  22  
 -35  63   9  
 -20 -69   8  
 -44 -30  49  
  11  36  62  
 -58 -43   7  
  -9  29  66  
  30  57  33  
  -8 -72   1  
   9  66  29  
 -69  -5  22  
 -62 -31  22  
  19 -56  42  
 -33 -10  64  
  13  22  68  
   7  18  70  
 -18  69  13  
  52  50   9  
  -3  57  45  
   0  25  68  
   3  70  18  
  -5  49  53  
 -29  48  46  
  52  41  29  
  -3 -56  46  
 -67 -11  26  
   6 -72   4  
  45   4  57  
   6  72   6  
  37   3  62  
  68 -18  18  
 -48 -33  43  
  42   1  59  
  68 -16  20  
  69  18  12  
  45 -40  40  
   4  15  71  
 -10 -71  12  
 -32 -65   6  
  58  36  25  
  -2 -48  54  
  -2  67  27  
 -42 -22  55  
  66  -9  28  
  46  39  40  
 -34 -54  34  
  72  -5   8  
  21 -15  68  
 -68 -25   5  
  66   1  30  
 -65 -14  29  
  -6 -68  24  
  32  38  53  
  29  58  32  
 -25 -26  63  
 -71  11  10  
  37  34  52  
  67   0  28  
 -53  49   5  
 -51 -51   9  
 -41 -55  23  
  56  43  17  
   9  57  44  
  11 -47  54  
  56 -37  27  
  34 -64   2  
   6 -55  47  
 -24 -48  49  
 -62  13  35  
   7 -72   6  
  32 -39  52  
  19 -70   4  
  36  50  38  
  -4  19  70  
  44 -20  54  
  -1 -41  60  
  -9 -28  66  
  33  10  64  
  20 -63  30  
  38  32  53  
   9 -70  17  
  15  46  54  
 -14 -13  70  
  42 -50  31  
  24 -58  36  
   8  37  62  
 -15 -65  29  
 -13 -39  60  
  -9  46  55  
  49  -6  53  
  -5  24  68  
   7  29  66  
  14 -59  40  
  22 -55  42  
  43  58   4  
 -50 -51  13  
  57  45   4  
 -48  -2  54  
 -68 -13  22  
   3  72   8  
 -45  14  55  
  14  70  14  
 -30 -31  58  
 -69  17  15  
  25  37  57  
  20 -68  16  
  -2   9  72  
 -56 -44  14  
   5 -66  29  
 -41 -48  36  
 -62 -28  25  
  16  47  53  
  54 -44  20  
 -49 -51  15  
  15  39  59  
 -15 -36  61  
 -38 -32  53  
  23 -48  49  
  40  60   5  
 -62 -21  31  
  15  41  58  
 -71   1  14  
  34  63  11  
 -58  39  20  
 -45  15  55  
