  85 -17  71  
  72 -84  17  
  78  33  73  
  87  69  14  
  47  97  30  
 -87  70   5  
  76  28  77  
  73 -83  19  
 -52  99   6  
 -45  72  73  
  93 -62   5  
 -87  61  35  
  76  13  81  
  24  49  98  
  40 -64  83  
 -89 -15  66  
  40  85  61  
 -97  53  19  
 -92  -6  64  
  43 -72  74  
 -58  -1  96  
  11  93  61  
  72 -35  78  
 -77 -70  41  
  46 -85  57  
  45 -95  39  
  16 -48 100  
 -42 -86  58  
  42  86  58  
 -94 -24  56  
  86   0  72  
 -95  49  33  
  26 -99  46  
  33  49  95  
   7  70  87  
  43 -68  78  
  81 -51  58  
 -53 -64  75  
 -88  36  59  
  96 -58   4  
  58  84  46  
  26  98  47  
 -23 -79  76  
 -87 -20  68  
 -25 -67  86  
 -87   6  70  
  61  94   1  
 -54  96  20  
 -64  53  75  
  51 -13  99  
  27  93  56  
  50  99  16  
 -53 -19  97  
   1  59  95  
  99  40  34  
  68 -71  54  
  20 -64  90  
  84  25  70  
  -7 -66  90  
 -75 -15  82  
 -90 -60  30  
 -71 -17  85  
  83  34  67  
 -69 -63  62  
  79 -74  28  
  94 -38  47  
 -83 -60  45  
  87 -68  18  
  43 -86  57  
  77  -8  81  
  49  74  68  
 -44  72  74  
 -49  11 100  
  26 -85  68  
 -95   9  59  
 -86  71  10  
 -92 -61  20  
 -76  20  80  
  68 -77  44  
  -1 -73  85  
 -53  66  73  
 -95 -56  19  
 -33  98  43  
 -59  95   7  
 -97  51  22  
 -89  41  54  
  79 -69  39  
 -94  60  12  
 -53  97  19  
 -72 -68  52  
  71 -77  40  
 -49 -11 100  
 -27 -42 100  
  -3 -98  54  
 -11 -92  63  
  62   7  93  
  91  16  63  
  68 -48  75  
 -93  -6  62  
  74 -84   4  
  32 -89  60  
 -56  15  96  
  75  49  67  
 -69  47  75  
  50  99  17  
 -59 -63  71  
  60 -94  12  
  48 -85  55  
  35  41  98  
  62 -44  82  
 -31 -57  91  
  56 -97   5  
   0  91  65  
  66 -15  89  
  70 -47  74  
 -74  65  53  
 -52 -16  98  
 -44  50  90  
 -61   2  94  
  21 -82  73  
 -21  59  93  
  57  54  80  
  79  61  51  
  27  79  75  
 -50   5 100  
  92  57  29  
 -30 -56  92  
  48  97  28  
  95  29  52  
  28 -62  89  
  -9 -91  65  
  70 -17  86  
  79 -79   7  
 -57 -40  88  
 -95   4  59  
  25 -94  56  
 -57  82  51  
 -75  69  47  
 -65 -56  72  
  49  81  60  
 -19  96  54  
  87  55  44  
  -6 -56  97  
  76 -75  33  
 -17  96  55  
 -69 -23  85  
  67 -89  10  
  -6 -79  79  
   6 -75  83  
  20  89  65  
 -64 -39  83  
  72  42  75  
 -17  85  71  
 -50 -88  48  
  55  38  90  
  95  53  26  
  80  -4  78  
  50  46  89  
  55 -61  76  
  64 -67  63  
 -91  -1  65  
 -27  93  56  
 -62 -80  48  
  38 -71  78  
 -97 -18  53  
  26  84  69  
  89 -60  32  
 -42  79  67  
  42 -98  34  
 -38  79  70  
  88  34  60  
 -44 -100  24  
 -33 -71  80  
  71  84  22  
 -83  57  49  
  42 -50  91  
  64  57  72  
 -71 -59  63  
 -92  64   2  
  43  51  90  
 -15 -75  82  
  96  42  40  
 -88 -36  59  
 -77 -20  79  
  72 -45  73  
 -35 -61  87  
 -84  67  32  
  85   0  73  
  38 -51  92  
  79   4  79  
  21  63  90  
  56 -97   7  
 -54  87  45  
  98 -47  27  
  91  27  59  
 -39  47  94  
 -81  68  37  
 -96  11  57  
 -32  75  77  
 -47 -83  59  
 -72 -33  79  
  38  72  77  
  94 -55  27  
 -56  49  84  
  63  45  81  
  51 -17  98  
  36  76  74  
  50   0 100  
 -98  -2  54  
 -68  84  29  
 -90 -19  64  
 -23 -92  60  
 -27 -59  91  
 -99 -26  46  
 -57 -95  18  
  58 -20  94  
  95  43  41  
  89 -32  60  
  19 -69  86  
 -80   9  78  
  31  88  62  
  71 -86  10  
 -33  41  99  
 -98  39  38  
  62 -41  84  
  17 -85  71  
  79 -53  59  
  16  79  78  
  54 -98   0  
  24  51  97  
  24 -54  95  
 -86 -72   2  
 -44 -29  99  
 -74 -38  75  
 -72  79  33  
 -36  58  89  
 -55 -95  21  
  78  55  59  
   6 -96  57  
 -34 -99  40  
  59  84  45  
 -47 -71  73  
  94 -41  45  
  98 -20  50  
 -75 -71  43  
 -79 -73  32  
  18 -100  47  
  22  97  51  
 -50 -22  98  
  10 -93  62  
 -60  35  88  
  59  95   5  
 -54 -21  96  
  83  29  69  
  80 -66  42  
 -95 -46  38  
 -22 -88  66  
  95  56  19  
 -97  28  49  
  88 -67  18  
  58 -27  92  
 -63 -72  58  
  61  19  92  
 -93  -3  62  
  16 -62  92  
  88 -64  27  
 -74   3  84  
  88 -60  35  
 -66  62  66  
  67 -90   1  
  27 -83  70  
 -89 -64  22  
 -20 -80  76  
 -63 -91  18  
  39  90  54  
 100 -43  26  
  85 -41  60  
  90  13  65  
  74 -76  36  
   9 -53  98  
 -61 -75  57  
 -41  93  47  
 -76  52  64  
 -75 -80  23  
  53  77  62  
  32  86  64  
  74  26  80  
  92  36  53  
 -46 -55  86  
  57 -43  86  
 -77   0  81  
  46 -98  28  
  49  76  66  
 -75   5  83  
  -7 -88  69  
  -1 -84  74  
 -83  75   1  
 -42 -82  64  
 -69  55  69  
  -2 -97  56  
