 -53 -35  29  
  56 -12  40  
 -37  59   6  
 -26  64  11  
 -11  69   2  
 -32 -58  22  
 -32  50  37  
 -27 -61  22  
  24  60  27  
 -35  47  38  
 -31  61  15  
  20 -55  38  
 -14  56  40  
 -20 -66  13  
  53 -10  45  
  -2 -70   3  
 -30   3  63  
  60  32  17  
  13  41  55  
 -70   0   1  
   8  27  64  
  27  37  53  
 -27 -56  32  
 -54  14  42  
   3 -16  68  
   6 -59  37  
  17 -35  58  
 -14  33  60  
  29  62  15  
  68  16   2  
 -19  62  26  
 -40  -8  57  
   6  64  28  
  20  62  25  
  65 -23  13  
 -39 -28  51  
 -60  -4  36  
  51  48   3  
  50  49   4  
 -38  57  14  
  23 -59  30  
 -32 -61  11  
  37  49  34  
  29 -48  42  
 -42  54  15  
 -66  -6  22  
  54  13  43  
  30 -20  60  
  30   7  63  
  34 -57  23  
  60   9  35  
  37  42  42  
  50  45  19  
  41 -35  45  
 -68   9  13  
 -28  -6  64  
 -19  -5  67  
  59 -20  32  
 -32  47  41  
 -43 -50  24  
  30  -6  63  
 -65 -24   9  
 -21  52  42  
 -52 -13  45  
 -37  39  45  
  46  31  43  
  -1  47  52  
 -41  23  52  
  58 -12  37  
  -6 -43  55  
  -4  66  23  
  11 -69   6  
  64  -7  27  
  13  16  67  
 -62 -17  28  
  -7 -19  67  
  14  14  67  
 -32 -61  13  
 -37 -59   7  
 -12 -32  61  
 -62  31   8  
  45 -33  42  
  61 -34   2  
 -34  61   2  
 -43 -53  15  
 -37 -59   9  
  -7  55  43  
 -28  61  19  
  32 -60  16  
 -23  64  17  
 -35 -36  49  
 -12 -39  57  
  18 -33  59  
 -60  -5  36  
  -5  69  11  
  28   0  64  
  -1 -33  62  
 -31 -46  43  
  32 -25  57  
 -47 -48  19  
  -4  47  52  
 -34  48  38  
   9  49  49  
 -56   5  42  
  32  62   7  
  10 -31  62  
 -55  40  17  
  30 -23  59  
  47  42  30  
 -40 -57   7  
 -27 -50  41  
  25  -7  65  
 -56 -42   5  
  41  47  32  
 -18  41  54  
 -64  -1  28  
 -32  58  22  
  41  49  28  
  26  19  62  
 -26 -46  46  
  35 -36  49  
 -11  63  29  
  50  43  23  
 -59  24  29  
  -9  -6  69  
 -30  -5  63  
 -40 -22  53  
  63  15  27  
   8  68  15  
 -14 -63  27  
 -29  62  14  
 -28  60  22  
  28  59  25  
  16  40  55  
  45  43  32  
 -12  44  53  
 -56  41  10  
 -51  14  46  
  15  -9  68  
  26 -60  25  
  19  67   7  
 -58 -13  37  
  31 -49  39  
  -6  67  20  
   9  69   6  
  52 -39  26  
  31 -43  46  
 -70  -3   1  
 -24  10  65  
 -19  43  52  
 -68   8  15  
 -19 -58  34  
   7 -64  27  
 -12 -28  63  
 -48  50  10  
   6  34  61  
  12  -5  69  
  63 -22  21  
 -26  23  61  
  37  59   9  
  24  64  16  
 -42 -54  15  
   5  51  48  
 -42  48  29  
 -61  -8  33  
  62 -21  25  
 -47 -50  13  
  65  24  10  
 -47 -39  34  
  44 -54   9  
  62 -27  19  
  53  -2  46  
 -44  43  33  
 -41  37  43  
 -27  53  37  
   6 -67  20  
 -43 -42  36  
  49  40  30  
 -43 -52  19  
 -17 -17  66  
 -66  23   2  
  56 -25  34  
  61  -3  34  
 -25  23  61  
 -42   0  56  
 -51 -30  37  
  54 -44   9  
   2 -69  11  
 -69 -11   1  
  -7  63  30  
  30 -25  58  
  48 -32  40  
 -65  25   5  
 -32  62   2  
   3 -46  53  
  37 -38  46  
  68  15   6  
  38  40  43  
  26 -65   0  
 -58 -25  30  
  65  25   8  
  33  39  48  
 -35  43  43  
 -43  38  40  
 -51 -46  13  
 -69  -7   9  
 -52 -35  31  
   9 -53  45  
  19  50  45  
 -49 -45  22  
  27 -34  55  
  35  48  37  
   2  70   4  
  -2  50  49  
 -41  55  15  
  57  28  29  
  35 -53  29  
 -69 -10   7  
   4  70   3  
 -66   4  23  
 -60  11  34  
 -37  47  36  
  10  -3  69  
  34 -59  16  
  42 -47  30  
  45   8  53  
 -66  -4  23  
 -35  59  14  
 -33 -61   9  
  29  29  57  
  33 -35  51  
  51 -48   3  
  11  58  38  
  17 -30  61  
 -21   9  66  
  44 -40  37  
  13 -10  68  
  65  24   9  
 -10  42  55  
 -70  -3   3  
  10 -24  65  
  31 -11  62  
  52 -25  40  
 -61  27  22  
 -11 -36  59  
 -33   8  61  
  35  37  48  
  29 -34  54  
 -39  58   4  
 -64   1  28  
 -30  50  39  
  -4 -25  65  
  20 -66  13  
  50  24  43  
 -33  32  53  
  49  18  47  
 -53 -26  38  
  68 -11  13  
   6  15  68  
 -34  56  25  
 -23 -35  56  
  -6  57  40  
  52  19  43  
 -24  14  64  
  65  26   3  
  38  -8  58  
  41 -46  33  
 -24 -55  36  
 -45 -31  44  
  33 -41  46  
  30  17  61  
 -46 -32  42  
  14 -10  68  
 -44  17  52  
 -55  13  41  
   9  24  65  
  42  27  49  
  -1 -20  67  
  35 -43  43  
 -55  40  16  
  14 -66  18  
  47  52   4  
 -61  32  11  
  10  68  12  
 -62  27  18  
  67  20   1  
 -15 -68   8  
  -9  24  65  
 -59  23  30  
 -55   2  43  
 -27 -57  30  
  31  43  46  
  67 -16  11  
  43  24  50  
  53  43  16  
 -30  27  57  
 -50  13  47  
 -55  43   7  
  50  22  44  
  16 -53  43  
