 -33   2  24  
  -6 -35  20  
 -34  15  17  
 -21  -5  35  
 -10 -11  38  
 -25  -5  32  
 -19  -3  36  
 -14 -31  23  
 -25  17  28  
 -16 -26  27  
 -24  24  23  
 -23   2  34  
 -15   4  38  
  28  30   2  
 -29  12  26  
   1  37  18  
 -13  34  19  
 -14 -38   6  
 -36 -15  12  
  31  27   1  
  -9 -40   4  
  -2 -36  19  
  15 -27  27  
  15 -22  31  
 -23 -24  24  
 -20  19  30  
 -10 -19  35  
  37  15   9  
   3  -2  41  
 -32  25   5  
 -37  17   2  
  28  15  26  
 -29 -14  25  
  27   2  31  
  35  -7  20  
   1 -38  16  
  10 -22  33  
  -3 -35  21  
 -20 -20  30  
  11  23  32  
  -1 -33  24  
   6  29  28  
  23  33   9  
  22  15  31  
 -29  28   7  
 -20  30  19  
 -21  -1  35  
 -18 -31  20  
  32  21  15  
 -36   4  19  
  -9  13  38  
 -11  14  37  
 -36 -19   5  
 -12  37  13  
 -39 -12   4  
  38   5  14  
   4 -23  34  
   0 -16  38  
   6  20  35  
  28   7  29  
 -20  36   2  
  33 -24   3  
   4 -21  35  
  15  21  32  
 -35  -5  21  
  18 -26  26  
  -3  35  21  
  14  36  13  
 -28  29   6  
 -36  20   1  
   7 -39  11  
 -19  -4  36  
   0  -4  41  
   3  27  31  
 -28  18  24  
   2  13  39  
  36   0  20  
 -37  15  10  
 -15  38   4  
  36  17   9  
 -37   7  16  
   0 -35  21  
  -6 -34  22  
 -41  -2   3  
  27 -19  24  
   2  41   0  
  40  -6   6  
 -18 -16  33  
  21   4  35  
  33 -21  12  
 -31  20  18  
  14  30  24  
 -30  22  17  
  -3 -34  23  
 -17   3  37  
 -15 -26  28  
 -38  12  10  
  -6 -27  30  
  11  11  38  
   7  40   5  
 -21 -18  30  
 -27  -1  31  
  12 -25  30  
 -15   1  38  
 -38 -13   9  
  25  28  17  
 -33   7  23  
 -37  17   4  
  -3 -41   3  
 -40  -8   4  
  -3  -8  40  
  19  20  30  
  34   0  23  
 -19 -33  15  
  -2  37  17  
  24  33   6  
  16   6  37  
 -26  15  28  
 -31  -5  26  
   9  25  31  
 -31 -26   5  
  32  24   9  
  10  29  27  
  14 -34  18  
 -30  21  18  
 -33   9  23  
  36  12  16  
 -14  31  23  
 -27  29  11  
  30 -20  19  
 -29  20  21  
  -4 -38  15  
   6 -37  16  
  39 -11   5  
 -35 -21   5  
  18  23  29  
  25  14  29  
   8  29  28  
 -34  -6  22  
 -22 -33  11  
  29  15  25  
 -41   3   1  
  41  -3   1  
  13  -9  38  
  12  -4  39  
   8 -40   4  
   7  28  29  
 -29   1  29  
 -32  24  10  
   5  40   6  
 -32 -25   5  
  29 -19  22  
  26 -17  27  
   0   4  41  
  -4  34  23  
  -8  16  37  
  16 -31  22  
 -20 -30  20  
  -4  40   7  
 -25  26  20  
   5  12  39  
   9 -40   2  
 -10  25  31  
  20 -26  25  
 -12 -37  13  
  28 -24  18  
  12  36  15  
 -16 -30  23  
   6 -39  12  
  17  -3  37  
 -15 -25  29  
 -17  37   5  
  30 -28   4  
 -40   6   7  
 -17  -3  37  
   8   9  39  
 -16 -18  33  
 -14  18  34  
   2  -2  41  
  16 -24  29  
  37   2  17  
 -34  -8  21  
  30   1  28  
  18 -24  28  
 -32  26   1  
 -17  -4  37  
  11 -16  36  
  21  29  20  
  19  34  12  
  -5  25  32  
  31 -16  22  
 -24   9  32  
 -17  16  34  
  20 -14  33  
  -4  33  24  
  -9  23  33  
  41  -1   2  
 -26  -8  31  
  -1  12  39  
  12  -3  39  
  37  17   4  
   3 -24  33  
  17 -19  32  
  27 -24  19  
   9  24  32  
 -33  23   9  
 -22   5  34  
 -18  36   9  
  33 -24   5  
  29  -1  29  
  21 -34  10  
   2  20  36  
  14  36  14  
 -28  30   3  
  39  12   0  
  20  33  14  
 -31  26   5  
  -3  39  13  
  38 -15   1  
 -37  16   8  
  12  -2  39  
 -18 -24  28  
  10 -37  14  
   0 -18  37  
 -10  -7  39  
 -39  13   3  
 -24  16  29  
   5  40   7  
  39 -11   6  
  -2 -37  17  
  25 -27  18  
 -18  16  33  
  14  38   6  
 -34  16  17  
  34 -23   2  
  23   1  34  
  17  -9  36  
  -7  30  27  
  39 -13   0  
 -20  35   7  
   2 -36  20  
 -20 -28  22  
  -1   3  41  
 -38   6  14  
 -32  23  11  
  41   3   2  
  18 -30  21  
 -11  32  23  
 -41   0   2  
  24  32   8  
  37 -10  15  
  24 -23  24  
 -18  -1  37  
  -3   1  41  
 -24  33   6  
 -34 -21   8  
  24  33   3  
  17 -32  19  
 -25  23  23  
  28   6  29  
 -25  21  25  
 -13 -28  27  
 -29  21  20  
  -1  -1  41  
 -15  12  36  
  31  -9  25  
 -14 -20  33  
  -6 -24  33  
 -20  21  29  
 -22  26  23  
  38  15   5  
  33  23   7  
 -31  23  14  
 -35  13  17  
   9 -40   3  
  31  -5  26  
   3  17  37  
 -10  22  33  
  20  30  20  
  22 -26  23  
  25  18  27  
  17  13  35  
  26  22  23  
 -39   9   8  
  32  22  13  
  23 -19  28  
  -7 -18  36  
  38  15   4  
   7 -22  34  
  20 -33  14  
  14 -33  20  
 -26 -31   5  
  34  19  13  
  -2 -20  36  
 -27 -27  15  
  -4   2  41  
  -4  -1  41  
 -24  19  27  
  35   6  20  
 -13  25  30  
