  35  38  23  
  -6 -56   1  
  10 -14  54  
  24  49  14  
  -2 -47  31  
 -37  36  23  
  40 -40   2  
 -56   5   6  
  -3  38  42  
 -24 -45  24  
  -7  53  18  
 -41 -26  29  
 -45  20  28  
  17 -54   2  
 -28 -15  47  
  28  10  48  
 -20  28  45  
  39 -40   7  
 -28 -40  28  
 -31 -38  28  
 -49  28   4  
 -20 -26  46  
  47 -30   9  
   7   2  56  
 -54 -14  10  
  14 -53  14  
 -40 -40   2  
  -2 -38  42  
  20  26  46  
 -24   6  51  
 -21 -37  37  
 -55 -11   5  
 -16 -44  32  
   1 -17  54  
  28 -44  22  
  -2  53  20  
  47 -30   8  
 -43  30  21  
 -26  50   3  
 -34  19  41  
  37  35  24  
 -49  12  25  
 -42   9  37  
  18  53   6  
  -2 -30  48  
  41 -28  27  
  42 -37   8  
  25 -50   9  
 -41  28  27  
 -31 -47   6  
  12   1  55  
  -9  17  53  
  22 -51   9  
 -13 -44  33  
 -39 -39  12  
  53   8  18  
  -2 -17  54  
 -26  45  22  
  -8 -30  47  
  16  54   4  
 -26 -44  24  
 -47  24  20  
  29 -12  47  
  43  18  32  
  34  -4  45  
 -18  13  52  
 -20 -10  52  
  13  33  44  
  51  24   6  
 -50  16  21  
  -7 -12  55  
  51  20  13  
  42  -3  38  
 -40 -37  15  
  50   7  25  
 -28 -24  43  
 -44  12  33  
   2 -55  12  
 -12  54  11  
  26  50   1  
 -27  19  46  
 -38  29  30  
 -34  17  42  
  26 -18  47  
 -54  17   1  
  18 -49  21  
   7  55  12  
  13  46  30  
 -39 -41   3  
 -33  40  23  
 -14  30  46  
   5 -50  26  
 -26  -2  50  
  48 -24  18  
  23 -44  27  
 -48  14  26  
 -48  29   5  
 -21 -30  43  
 -28  47  15  
  37 -30  30  
  35 -31  32  
  10  -9  55  
 -11 -53  16  
 -34  10  44  
   2  28  49  
 -54   8  15  
 -54  15   6  
 -34 -45   3  
 -50  26   3  
  24   1  51  
  49  28   3  
  19 -15  51  
 -17 -35  41  
 -46  -5  32  
 -47 -29  13  
  33 -44  12  
  28 -19  45  
   6 -21  52  
 -47  22  22  
 -47 -27  16  
 -37  28  32  
   0 -20  53  
  56  -1   9  
  42  -8  37  
  26  30  40  
 -30  10  47  
  14 -35  42  
  13  39  39  
   7  41  38  
  42  27  26  
  23  40  33  
  19  31  43  
  15  21  50  
  45  -2  34  
  49  13  25  
 -37  17  39  
 -40 -39   9  
 -20   9  52  
  21  19  49  
  15 -41  36  
 -16  50  21  
 -35  43  10  
 -17  51  17  
  26  33  38  
   2 -50  26  
   1   9  56  
   2 -47  31  
 -47  -1  31  
   2 -13  55  
 -50 -23  12  
 -17 -52  15  
 -25  32  39  
 -37 -43   1  
 -23  50  12  
 -10  53  16  
 -31  44  17  
  20  37  38  
 -54   2  17  
  24  -2  51  
  45  27  21  
 -42  18  33  
  12  50  23  
 -49  -4  28  
   6 -55  11  
   7  19  53  
  33 -16  43  
   8 -47  30  
  -3  44  35  
   9  56   1  
  27  28  41  
   1  33  46  
   6   3  56  
 -54 -10  13  
  56  -6   1  
 -37  29  31  
  -1  52  22  
 -16  30  45  
 -53  -6  19  
  54  17   0  
  46 -10  31  
  55   0  12  
  27 -35  35  
  22  52   2  
  -1 -55  12  
 -32 -44  15  
  40 -38  13  
  13 -20  51  
  54   2  17  
 -45  30  16  
  43 -32  18  
  43  29  23  
  19  35  40  
 -47  27  16  
 -39  18  37  
  45   1  34  
  22 -18  49  
  22  42  31  
  16  -1  54  
   0 -51  24  
 -50  25   8  
 -36  42  12  
 -45 -25  23  
 -27  16  47  
  31  47   3  
  54   9  13  
  32  44  16  
  54  15   6  
  38  24  34  
  48  24  17  
 -18 -29  45  
 -31  45  15  
  -4   4  56  
  13  55   3  
  33  32  33  
 -29  47  12  
 -20  32  42  
  40 -36  17  
   3  54  16  
  24  36  36  
  -8 -54  15  
  48   8  29  
 -51  24   6  
  32 -46   5  
  54 -11  12  
 -30  -4  48  
 -28 -46  17  
 -48  -6  29  
 -32 -27  38  
  55 -11   8  
  -8 -50  25  
  18 -51  16  
 -34  21  40  
  23 -46  23  
 -27  38  32  
  47  29  11  
 -55 -11   7  
 -29 -48   5  
 -19 -25  47  
  39  28  30  
 -51  12  21  
  31  32  35  
 -30  47   9  
 -41  37  13  
  26 -35  36  
 -43 -36   8  
 -55  -3  13  
  28  48   9  
  26   0  50  
 -40   0  40  
  56   3   5  
 -19  30  44  
  13 -54   9  
 -42  28  25  
 -23 -49  17  
  27  46  19  
 -25  35  37  
  37 -37  21  
  25  47  19  
   8 -18  53  
 -54   5  15  
  40 -22  33  
  22  14  50  
  24 -22  46  
   3 -31  47  
  -9  55   8  
 -30  14  46  
  27 -34  36  
  54 -17   3  
  16  42  34  
  48 -13  27  
  -8  43  36  
  19 -50  18  
  43 -16  33  
  12 -52  18  
  40 -40   4  
   8  47  30  
  46  13  30  
  23  46  23  
  29   7  48  
 -51 -19  16  
   4 -31  47  
 -49 -13  25  
 -26  30  40  
   1 -28  49  
   5  26  50  
 -55   7  10  
  38  11  40  
 -23  16  49  
  14 -42  35  
   5  -6  56  
  19  46  27  
  42 -35  14  
  48 -25  17  
  16 -12  53  
 -50 -25   9  
 -53  -8  18  
 -50  12  24  
 -45 -34   4  
 -41  20  33  
 -23  49  17  
