 -17   2  13  
  11  -4  18  
  16   8  12  
   8   1  20  
  -3  11  18  
  10  14  13  
 -12  10  15  
   7  10  18  
   2  18  12  
  -5  -9  19  
   1 -20   8  
   7   3  20  
 -18  -2  12  
   2 -13  17  
 -11 -11  15  
   0  14  16  
  -1  17  13  
  -1 -14  16  
  10 -19   0  
  -4   1  21  
  10   9  17  
  18 -12   1  
  21  -4   2  
  13 -11  13  
  20   6   5  
   0 -19  10  
  -8  18   8  
 -13 -13  11  
 -16  -2  14  
 -16  14   3  
  15  -4  15  
 -10 -10  16  
  12   5  17  
   4  -6  20  
  14 -16   4  
 -11  17   7  
  10 -18   7  
   3 -18  11  
  13  -1  17  
  12   2  18  
 -21  -5   2  
   3  21   3  
  21  -3   2  
 -15 -14   7  
  20  -6   6  
  -8  -2  20  
  -3  21   2  
 -17  -8  10  
   8 -12  16  
 -13  -2  17  
 -10  15  12  
   0   5  21  
  -9 -10  17  
 -12  -6  17  
  13  17   0  
   5 -21   2  
  -6  18  10  
  10  15  12  
   5 -21   0  
 -11 -18   3  
  16   9  11  
 -14  12  11  
 -10   9  17  
  15 -14   7  
  -8   9  18  
 -11  -9  16  
 -15  15   3  
  17  13   2  
  10 -17   8  
  16   1  14  
  17   0  13  
 -16 -11   9  
  12 -11  14  
   7 -10  18  
 -11  13  13  
  15 -13   8  
 -21   1   4  
 -21   4   1  
  -9  18   7  
  -2   4  21  
 -15  12  10  
  17  12   6  
  -3   3  21  
 -13 -17   2  
   8  20   0  
  21   0   5  
   4 -18  11  
  -8  -3  20  
  10  -9  17  
  20  -8   3  
  10 -16  10  
   1  -4  21  
 -15  11  11  
   4   2  21  
 -20   1   8  
 -14  -4  16  
  14  10  13  
 -14 -14   8  
  14   4  16  
 -16   3  14  
 -19   3  10  
 -17 -10   9  
  12  18   2  
  13 -12  12  
  -6  -8  19  
   0  -5  21  
 -12 -18   1  
 -17 -12   5  
  18  12   0  
   8  12  16  
  18  11   4  
 -20   2   7  
 -10   7  18  
   9 -17  10  
  12  13  12  
 -11  -5  18  
   3  18  11  
  -6  20   6  
  16  12   8  
 -10 -17   8  
  -9 -14  14  
 -21  -3   4  
 -10  -6  18  
 -12  15  10  
 -19  -3  10  
  -7  -7  19  
   1 -12  18  
 -11 -18   5  
 -17   7  11  
  15  12  10  
 -13  17   1  
 -20   3   8  
 -13   3  17  
 -19  -1  10  
  -2  21   5  
  -1 -16  14  
  20   8   0  
 -18   4  11  
 -19  -9   5  
  12 -17   6  
 -15 -10  12  
  20  -7   2  
  18  -8   9  
   0 -13  17  
  16  -2  14  
   6  19   8  
 -10  18   7  
  -8 -15  13  
  -3  21   3  
 -17  -6  12  
 -14  -9  14  
 -14  -1  16  
   3  -3  21  
  14 -13  10  
  16 -14   1  
  20   0   8  
   8 -14  14  
  12  18   1  
  16   3  14  
  -1 -19  10  
 -16 -10  10  
 -14  11  12  
   3   7  20  
   7 -20   4  
   7  -7  19  
 -10  -3  19  
   3  -2  21  
 -21  -4   4  
  11   4  18  
  21   3   3  
   3  -4  21  
 -21   0   4  
   1 -10  19  
   2  -4  21  
  17 -13   1  
 -18  -7  10  
  -1 -17  13  
 -20  -6   5  
  12  17   5  
  13  12  12  
  10  10  16  
  -4   6  20  
  -8  17  10  
 -17  12   5  
   9  16  11  
   8 -10  17  
   8  -1  20  
   1 -14  16  
  -8  12  16  
 -12  18   1  
  20   6   4  
   7  18   9  
  -2   5  21  
   5  21   1  
  20  -5   6  
 -18   6  10  
 -18   7   9  
  13  -8  15  
   2  12  18  
  19   0  10  
  16  14   1  
   4 -11  18  
 -20   8   3  
  -8 -14  14  
   5  -1  21  
  18  11   5  
 -11 -18   4  
 -17 -13   2  
  18   7   9  
  17 -12   5  
  17 -10   8  
 -10  19   3  
 -16 -14   3  
  10 -10  16  
 -12  14  11  
  -3 -10  19  
  -6   8  19  
  17  13   0  
  16 -10  10  
   4  20   6  
  14   7  15  
  19 -10   2  
   4 -20   7  
 -18 -11   4  
  -9 -19   4  
  17  12   5  
  -2  18  12  
  11  18   5  
   6  20   4  
  21   2   3  
   1  21   4  
   5  21   0  
 -16  -9  11  
 -18   5  11  
   2  -8  20  
  -5  -6  20  
  18  -7   9  
   0  13  17  
  19   5   9  
  -7   2  20  
 -18  -4  11  
 -20   7   4  
   6  12  17  
   5  11  18  
   8  20   2  
 -12   8  16  
  -8   8  18  
 -20  -6   4  
  -4  18  11  
 -12   1  18  
  10  12  15  
 -14 -16   1  
   2  -3  21  
  12   0  18  
   9 -19   4  
  12   1  18  
 -18 -11   3  
  13  14  10  
 -20  -4   7  
   5 -17  12  
 -16  -4  14  
   4  14  16  
  -5  18  11  
  -5  21   1  
 -12 -18   2  
 -21   5   1  
  11 -18   4  
   4   9  19  
  -8 -12  16  
  17  -5  12  
  10  13  14  
 -18  -8   8  
 -17  -3  13  
   1  13  17  
 -12 -15  10  
 -15 -15   4  
 -10   0  19  
  21  -5   2  
  10  19   1  
   8  -8  18  
  -3 -21   4  
  -2  19  10  
 -13   0  17  
  18   2  12  
  -7 -20   3  
  19   7   7  
   1  21   5  
 -17  11   7  
   5   9  19  
  17 -12   6  
  17  -1  13  
  19  -9   5  
   2 -20   8  
 -18  -6  10  
   4  -1  21  
 -21  -1   5  
  -4 -11  18  
  21  -1   5  
   0  20   8  
  -5 -17  12  
