  50 -26  45  
 -35  44  45  
  70  -3  17  
  -5  20  69  
 -35  60  19  
 -48 -51  17  
  50  -1  52  
  48  14  52  
 -66   9  27  
  54 -11  46  
  69 -12  16  
 -50 -22  47  
  -6  11  71  
  70 -16   3  
  65 -31   3  
  -2 -63  35  
  37  62   2  
  61 -18  34  
 -44  53  21  
   2  65  31  
 -72  -3   2  
  33   1  64  
 -13  41  58  
  60   8  39  
   1  71  11  
 -14 -65  28  
 -12  52  48  
 -68  13  20  
  19 -68  14  
  46 -43  35  
  53 -45  19  
  51 -26  44  
  20 -56  41  
  67  11  24  
 -19  29  63  
  12 -17  69  
 -27  14  65  
 -13 -66  25  
 -21 -10  68  
  13 -70  10  
 -57  43   8  
  27   1  67  
 -23  51  45  
 -49  20  49  
  -4  24  68  
  43 -57   9  
  51   4  51  
  55  32  34  
 -51  36  36  
 -53 -35  34  
  27  65  15  
  63  34   5  
 -60 -18  35  
 -37  60  15  
  38 -59  16  
 -36  47  41  
  40 -10  59  
  48 -45  29  
 -39 -20  57  
  32  64   7  
  19 -31  62  
 -56  42  16  
 -49 -49  19  
   8  49  52  
 -41   4  59  
 -45 -56   7  
 -12  56  44  
  40 -57  18  
  64  -5  33  
 -10   7  71  
 -71 -10   5  
 -64  25  22  
 -51 -14  49  
  19   7  69  
   7  28  66  
  71   7  11  
  61 -38   4  
  41  57  15  
 -41  12  58  
  40  21  56  
  55 -16  44  
 -27  59  31  
  28  66   6  
   5   1  72  
 -56 -27  36  
  22  21  65  
  11 -69  17  
 -32  32  56  
 -15 -41  57  
  71   1  12  
  18  62  32  
  29 -63  20  
 -46 -21  51  
 -68  22   9  
   7 -41  59  
  38  27  55  
 -44  48  31  
  -2  71  13  
   0  29  66  
 -26  57  35  
 -35 -34  53  
  -1  12  71  
  68  -1  23  
  22  58  37  
 -51 -48  16  
 -27  51  43  
   3  38  61  
 -14 -60  37  
 -52  19  46  
  16  65  26  
  18 -67  19  
 -13  66  25  
 -62  -6  36  
  50 -52   2  
  -9  67  25  
 -37  -2  62  
 -14 -62  34  
  38 -41  45  
  16  67  21  
  46   8  55  
 -25  56  38  
  43 -29  50  
  57 -44   4  
  51  29  42  
 -24 -54  41  
 -33 -64   3  
  35 -61  16  
  22 -63  27  
 -48  53   8  
 -63 -31  16  
  27 -39  54  
  45  53  18  
  40  60   2  
  62  23  29  
  21  67  16  
  19  35  60  
 -64 -11  31  
  61 -38   5  
  56  26  37  
  -9 -50  51  
  59  26  32  
 -69  -1  20  
  57   5  44  
  52   9  49  
  40 -38  46  
  30 -41  51  
  49  24  47  
 -22 -64  25  
  34 -43  47  
  -4 -69  20  
  55  40  24  
  10 -65  29  
   1  71  12  
  34 -54  33  
 -69  15  14  
  -8 -37  61  
  15  67  22  
  16 -62  33  
  24 -45  51  
 -40  15  58  
  26  64  21  
  24  20  65  
  41 -38  45  
 -37 -18  59  
   8  65  30  
 -42 -58   8  
  19  68  13  
 -60  33  22  
  43  47  34  
 -33  62  15  
 -70  11  13  
   4 -68  24  
   2 -20  69  
  48  35  41  
 -61  29  25  
 -61 -38   4  
 -64  -8  32  
  -3 -35  63  
  11 -71   1  
  -4 -40  60  
 -17  70   4  
  35 -31  55  
  15 -35  61  
 -69  14  15  
  51  26  44  
  57  24  37  
  30  13  64  
 -65 -24  19  
 -69  13  17  
  64   9  32  
  -4  69  21  
 -25  35  58  
 -31  17  63  
  27 -50  44  
 -28  61  26  
  54 -29  38  
 -62 -17  32  
  46  35  43  
  36  23  58  
  63  11  33  
 -30 -55  35  
  34 -57  28  
  64 -15  29  
  -9 -39  60  
  23  63  26  
 -70 -13   9  
 -13   2  71  
  43  46  35  
  57  -2  44  
 -28  24  62  
 -72   2   1  
  13  67  23  
 -63 -34   8  
  26 -56  37  
 -43 -17  55  
   6  47  54  
 -36  62   8  
  68   8  23  
 -14  70  10  
  14  22  67  
 -68  24   2  
 -33   0  64  
   2 -31  65  
  71  -3  13  
  -8 -55  46  
 -61  30  23  
  -3 -53  49  
 -16 -61  35  
 -33  25  59  
  -9 -43  57  
 -64 -28  18  
  72   2   1  
 -20   4  69  
 -26 -67   1  
  -1  53  49  
 -33  49  41  
  11  -1  71  
   7  68  22  
 -19  52  46  
  26 -66  11  
 -28  44  50  
  63  15  31  
 -40 -57  19  
 -66  -7  28  
  64  29  15  
  -6 -26  67  
 -25   8  67  
 -22  22  65  
   3  66  29  
 -35  30  55  
 -37  53  32  
 -16 -31  63  
  10 -44  56  
  18  68  16  
 -17 -69  11  
  36  28  56  
  18  67  20  
 -17  38  59  
 -35  24  58  
  34  35  53  
  13 -56  43  
  35  43  46  
  40 -21  56  
  52 -12  48  
  50 -27  44  
   9  62  35  
 -50  48  20  
  -3 -46  55  
  58  20  38  
  13 -26  66  
  20  31  62  
 -47 -13  53  
 -42 -57  12  
  36  55  29  
 -66   6  28  
  -6  45  56  
  33  49  41  
 -24  52  44  
  49 -45  27  
  -5  69  20  
   0  23  68  
  13  69  17  
 -58 -41  13  
 -68   8  23  
 -65   5  31  
 -41 -16  57  
  51 -51   0  
 -69 -15  14  
 -31  53  38  
  35  37  51  
 -26 -32  59  
 -30  55  35  
  60  38  12  
  12  53  47  
 -10  59  40  
  70   6  16  
  10 -71   5  
  24 -40  55  
 -50  47  22  
  49  41  33  
