  10  -1   9  
 -13   1   3  
  10  -6   7  
   8  11   1  
  -8   8   7  
  -9 -10   1  
  -4  12   5  
   5  12   4  
 -13  -2   3  
   0  12   6  
  -5 -11   6  
  11   3   7  
  -2 -13   3  
   1   4  13  
   8   1  11  
  -4 -13   2  
   1  10   9  
   5  12   3  
   8   9   6  
   0 -13   3  
  -5  -3  12  
   9  10   0  
  10   0   9  
   0   8  11  
   4 -11   7  
  -4  13   1  
  12   6   0  
  -4  -8  10  
  -9   8   6  
   4  13   2  
 -12  -4   4  
   9   5   9  
   7  11   4  
   4   0  13  
  -2 -11   8  
   6   5  11  
  -9  -6   8  
   9  -7   7  
 -10   1   9  
  -7 -11   4  
  -2 -13   4  
  -9  -9   5  
   8 -11   2  
   7   3  11  
  -2 -12   6  
  -8  10   5  
  -1  -9  10  
  -9 -10   2  
   0   4  13  
  12  -6   0  
   9   8   6  
 -11   0   8  
  -8  11   2  
   0  13   3  
   5   8  10  
  12  -6   1  
 -11   6   5  
   4   1  13  
  -7  10   6  
  10   7   6  
  13  -2   3  
   8   2  11  
   3   1  13  
   7  -3  11  
   1 -13   3  
 -10  -2   9  
  11  -5   6  
   9  10   1  
  13  -3   1  
  -6  -3  12  
   2  13   4  
   9   7   7  
   7  -7   9  
   9  -6   8  
  -6 -12   2  
   3  -7  11  
  11   6   5  
 -13  -2   4  
  -6   5  11  
 -11  -4   7  
   1 -10   9  
  -6 -11   5  
   6   0  12  
 -11   7   3  
  -1 -13   4  
   7 -11   4  
   6  10   7  
  -4   4  12  
 -12  -4   5  
  -9  -7   7  
 -10  -5   8  
  -7  11   4  
   3  -1  13  
 -12   6   2  
  -8 -11   2  
 -13   2   3  
   9  10   2  
   5   9   9  
   4   7  11  
  12  -6   3  
   6 -11   5  
   3 -13   0  
  -6  11   5  
  -3   3  13  
  -5 -12   3  
   1  -3  13  
  -6  -9   8  
  12   0   6  
   5  11   6  
  12   4   5  
 -12  -6   3  
  11  -8   0  
   4  13   1  
  10   1   9  
  -5  -8  10  
   4  -5  12  
  -5   9   9  
   9   6   8  
  13  -2   2  
   3  13   3  
  -6  -1  12  
   1  -8  11  
  -6   7  10  
   6  -7  10  
   5   3  12  
 -10   4   8  
  10   9   2  
   8   5  10  
  -3 -13   2  
  -9   0  10  
 -10  -4   8  
 -11  -8   1  
 -12  -5   3  
   6  -5  11  
  13   1   4  
   3   5  12  
  -2  -9  10  
 -10  -8   5  
   3 -12   5  
   3  -2  13  
   6  11   5  
  -1   3  13  
  11  -3   7  
 -13   4   2  
   3 -11   7  
   3  11   7  
  -2  11   8  
  13   4   0  
 -12  -3   6  
  -9  -4   9  
   1  11   8  
   8 -11   1  
  -8 -11   1  
 -13   2   2  
  12   1   6  
   8  -2  11  
 -12  -6   2  
  -3  13   2  
  -8  11   1  
  -2  12   6  
   2 -10   9  
   5  -4  12  
  10   9   1  
  -9   2  10  
   3   6  12  
  -6  12   1  
  -1  12   6  
 -10   8   5  
  -5   8  10  
  -4  13   2  
   0  -9  10  
   3   3  13  
   2  -4  13  
  -9   5   9  
  11   0   8  
   2  11   8  
  -4   8  10  
 -10   7   6  
   0 -11   8  
 -10   0   9  
   7  -6  10  
 -10  -9   1  
  -9  -2  10  
 -12   2   6  
  -3  13   1  
   9  -9   5  
   2  10   9  
   9   4   9  
  13   1   3  
  10  -5   8  
 -10   5   8  
 -13  -4   1  
 -12   4   5  
  -2  10   9  
  -3 -11   7  
   3  13   1  
  -8   4  10  
 -10   6   7  
   0  10   9  
  -6   0  12  
  -3  -6  12  
   1 -12   6  
  -7  -8   8  
  13  -4   0  
  -3  12   5  
  -1  -3  13  
   4   4  12  
 -12   3   6  
  -4 -11   7  
   4   5  12  
 -11  -1   8  
  -2 -13   2  
  -2  -8  11  
   5  -3  12  
  -4   2  13  
  -6 -12   3  
   6  12   1  
   3  -5  12  
   8  -1  11  
  12  -4   4  
   2 -13   3  
   2 -13   4  
  11   8   0  
   1   6  12  
  -8  -9   6  
 -11  -7   3  
  -5  -9   9  
  -8  -8   7  
  13   0   4  
   3  12   6  
   4  -4  12  
   8  10   4  
   2   4  13  
   6  -3  12  
  -9   9   4  
   2   3  13  
  -2  -3  13  
  -8   5  10  
 -10  -7   6  
 -10  -6   7  
   5  -6  11  
  13   3   3  
   4  -2  13  
 -13   3   2  
   0 -13   4  
   4  -1  13  
  -9   4   9  
  11  -6   5  
   2  -2  13  
  -1 -11   8  
   2   6  12  
   5  -8  10  
   2  -8  11  
  -4  10   8  
  -4 -13   1  
   1  13   4  
   6  12   2  
  -9   7   7  
   1 -11   8  
  -6   1  12  
   2  -6  12  
   2 -13   2  
   8  11   0  
  13  -1   3  
   1  -6  12  
  -1  13   3  
   7  10   6  
  -1  -6  12  
  13   3   1  
   4 -13   2  
   6  12   0  
  -3 -13   3  
  -3   5  12  
 -12   3   5  
 -12   6   3  
  10   4   8  
  -9  10   2  
   3   2  13  
   0  -3  13  
 -11   5   6  
   3 -13   2  
   5  10   8  
   9  -2  10  
   0   9  10  
 -12  -2   6  
   8   7   8  
   2  12   6  
   8  11   2  
  -6 -10   7  
 -12  -3   5  
 -10   8   4  
   8 -10   4  
   6  -2  12  
   0 -10   9  
   3  13   2  
  -5 -10   8  
   4  12   5  
 -10   9   2  
 -13   4   1  
   0  -8  11  
