  84 -50  65  
 -30 -93  65  
  27 -75  86  
 100  59  18  
  70  49  81  
  54 -86  59  
 -49  37 100  
  28 -58  98  
  92  51  52  
  41 -57  94  
 -44  48  98  
 -65 -63  75  
  83  83   4  
 -64   9  98  
 -60 -77  65  
  99  44  46  
  94  70   8  
 -97  30  59  
 -54 -86  59  
  93 -38  61  
 -98  20  62  
 -96  35  58  
 -94 -64  30  
  75  89  15  
  83 -65  52  
 -91  73  14  
  62 -100   3  
  98  28  58  
  65 -30  93  
 -56  97  36  
  82 -55  64  
 -90  18  73  
 -81  66  54  
 -69  91  28  
 -52 -55  90  
  52  90  55  
 -76  85  29  
 -95  -3  69  
  -1  79  87  
 -24  63  96  
  14  60 100  
 -97 -36  56  
  64  27  95  
  92 -73   0  
 -44 -91  60  
 -77 -87  19  
 -73 -66  64  
  61  75  67  
  35 -63  93  
 -69 -48  82  
  86 -45  66  
 -66  84  49  
 -83  29  78  
  77 -56  69  
  33  64  93  
  73  85  35  
 -74 -73  55  
  52 -93  49  
 -67  78  57  
  58  93  42  
 -97 -42  51  
   8  75  90  
 -53  90  54  
 -90 -72  23  
  84  38  73  
 -91 -46  58  
 -63 -24  96  
 -45 -70  83  
 -81 -42  74  
  99 -29  56  
  88  64  44  
 100  57  24  
 -98  53  37  
  63 -15  98  
 -93  -9  71  
  -3  92  73  
  69 -94  13  
 -69 -92  25  
  93 -61  38  
 -32  76  84  
  95 -56  41  
 -93 -44  57  
  62 -92  39  
 -10 -74  91  
  78 -26  84  
 -98 -57  31  
  58  88  52  
  28  62  96  
  93  -4  72  
  91 -47  58  
  64 -23  96  
  52  83  65  
 -31 -86  74  
  63  74  66  
 -70 -91  24  
 -49  38 100  
  99 -45  44  
 -83  40  73  
 -83  82  13  
 -63  69  71  
  97 -61  26  
  33  97  58  
  40 -68  87  
 -55  81  65  
  28  55 100  
 -59 -39  94  
  24 -63  96  
  87  79   4  
 -15  98  63  
 -60 -88  50  
  78 -82  31  
 -61 -88  48  
 -71  82  45  
 -67  46  85  
 -80  64  58  
 -83  69  46  
 -29 -81  80  
  99  -6  63  
  63  22  97  
 -66 -93  29  
 -98  12  64  
  29  82  79  
 -30  68  91  
  70  94   4  
  81 -84  12  
  31 -73  87  
  57  99  27  
  69 -21  93  
 100  27  56  
  66  49  84  
  85 -19  79  
 -51  34 100  
  96  50  46  
   0 -100  62  
 -59  74  70  
  36  95  59  
  76  88  16  
   4 -73  92  
  50  44  97  
  97 -50  44  
  88  -9  77  
  77 -86  22  
  85  81   3  
  78  65  59  
 -98   3  65  
  59  24  99  
  77  12  88  
  45  72  81  
 -73 -52  76  
  63   2  99  
  70 -91  26  
 -58  99  25  
  72 -38  85  
 -52  50  93  
  83 -63  54  
  70 -39  86  
 -72  91  20  
 -55  98  35  
  38  65  90  
 -15  79  86  
 -34  77  82  
 -58 -93  42  
  65  19  96  
 -41 -56  95  
 -36  52  99  
  99  -8  63  
 -13 -65  97  
 -12  72  92  
  84 -51  64  
 -83 -27  79  
  93 -69  21  
 -50 -91  55  
  -9 -70  94  
  78 -23  85  
  84  29  77  
  85  17  79  
 -26  84  78  
 -56  99  30  
   8  98  64  
 -75 -75  50  
 -32 -88  71  
  68  46  84  
  49 -90  57  
  26  88  73  
 -88 -43  65  
 -87  45  65  
  73  77  51  
 -72  46  81  
 -41 -94  57  
  76  76  48  
  35  63  93  
  98 -65   3  
  90 -63  42  
 -53  75  73  
 -87  14  78  
 -92 -73   3  
   5  90  75  
  90  60  46  
 -68  42  86  
  92  50  53  
 -57 -61  83  
 -91 -36  65  
 -60  58  83  
  13 -100  60  
   9  82  84  
  95  11  68  
 -65  23  95  
  51 -91  54  
 -93 -71  13  
 -72 -81  45  
 -64  45  88  
  87 -79   3  
 -63  90  42  
 -65 -66  72  
  81 -72  46  
 -80  12  85  
 -68 -50  82  
  72 -81  45  
 -78 -71  52  
   9  75  90  
 -74  89  21  
 -14  87  78  
  97  54  38  
 -76 -42  79  
 -72 -40  84  
 -29 -58  98  
  42  57  94  
  81 -20  83  
  -1  92  73  
  67  94  22  
 100  30  54  
 -54 -92  49  
 -75 -40  81  
 -57  56  86  
  72  40  84  
  79  87   5  
 -47 -53  94  
 -23  71  91  
 -69  -7  95  
  51  57  89  
  86 -18  78  
  -6 -87  79  
 -55 -92  48  
  57  98  30  
  99 -54  33  
  98 -64  12  
  52 -70  79  
  30  68  91  
 -97 -55  37  
 -24 -72  90  
 -80 -49  71  
  93  53  48  
 -16 -63  98  
 -61  81  59  
  76 -11  89  
 -64 -76  63  
  22 -83  80  
 -66  77  59  
 -82  -7  84  
 -83 -13  82  
  14  87  78  
   7 -87  79  
  86  40  69  
 -58 -83  60  
 -100  21  58  
  96  68   5  
  58 -91  47  
 -10  71  93  
 -60 -64  78  
 -88  32  71  
  59  52  87  
  70  74  59  
  -9  82  84  
 -42 -90  63  
 -80 -84  20  
 -60  85  55  
  61 -67  75  
 -65 -74  64  
 -100  49  38  
  56  72  74  
  56 -99  30  
 -73 -37  84  
 -81  60  60  
  39 -59  94  
  92  73   7  
  90 -23  72  
  82  34  77  
  73  86  33  
  58 -98  29  
  44  76  78  
  65  91  36  
 -92  71  16  
  69 -51  80  
  81 -18  83  
  60 -62  80  
  85  69  43  
  65  11  97  
 -71 -92  17  
  -2 -82  84  
 -21 -71  91  
