  37  87 100  
  87  75  76  
 -68 -83  86  
 -84 -84  69  
 -27 -96  95  
  80 -56  97  
 -90 -80  66  
  93  82  59  
  85 -98  46  
  88 -55  90  
  69 -75  92  
  67 -88  82  
 -89 -100  31  
  51 -99  81  
 -100 -16  93  
 -84  96  51  
 -71  68  96  
 -65  74  96  
  89 -54  90  
  96 -16  97  
 -50 -87  94  
  67  66 100  
  54 -90  89  
  62  79  94  
 -77 -91  69  
  99 -86  41  
 -62 -81  92  
  68  93  75  
  80  57  96  
 -67  72  96  
  78  62  95  
  80  74  84  
 -89  65  82  
  89 -95  45  
 -92 -54  87  
  24  91 100  
  23  95  97  
  75 -57 100  
  39 -100  86  
 -100 -93  15  
 -69  64 100  
 -73 -61  99  
  67 -99  68  
 -78 -99  55  
  93  96  32  
 -96 -97  18  
 -91  42  94  
  65  71  98  
  98  74  62  
 -100  74  58  
  49 -84  97  
 100 -29  90  
  95  35  93  
 -96 -74  65  
  94 -62  79  
  99 -25  92  
 -99 -82  49  
 -22 100  92  
 -88 100  34  
  53  94  85  
 -82  77  79  
 -94  55  84  
 -28 -91  99  
 -53 -87  92  
 -88  67  82  
 -96  53  83  
  -5 -97  97  
 100 -94   7  
 -60 -85  90  
  86 -70  81  
 -65 -92  79  
  47 -82 100  
  46  92  91  
  90 -58  86  
 -93 -49  89  
 -46  86  97  
  70  83  84  
 -73  63  98  
  59  82  93  
  89 -50  92  
 -95  63  77  
  58  74 100  
  10 -95  99  
 -80  91  65  
 -62 -100  71  
  90 -97  37  
  75 -81  82  
 -81  49 100  
 -81 -56  96  
  97  97   7  
   7  95  99  
 -96  86  48  
  87 -75  76  
 -75 -89  73  
 -70 -68  97  
 -92  93  42  
 -80  88  69  
 -99 -95  12  
 -89 -55  89  
 -91 -99  29  
  77  72  88  
  81 -84  73  
 -89 -32 100  
 -52 -93  87  
 -71 -96  68  
 -99  68  67  
 -66  94  76  
 -46 -92  91  
 -81 -54  97  
  92  20 100  
 -92  80  64  
  92  95  37  
  80 -75  83  
 -97 -93  29  
 -99 -56  77  
  83  55  95  
 -30  96  94  
  94 -87  50  
  95 -95  29  
  37  96  91  
  82  73  83  
 -90  88  55  
  59 -78  97  
 -43  92  93  
 -17  94  99  
 -84  64  88  
 -99  77  56  
  74  95  66  
  59 -79  96  
 -97  49  84  
 -84 -90  61  
 -51  98  82  
 -99 -87  40  
  93 -14 100  
 -82  89  65  
  85 -82  70  
 100  38  86  
  91 -25 100  
  86  85  65  
   4 -99  95  
 -53 -100  78  
  81 -54  97  
 -61 -92  82  
 -90  96  40  
 -87  92  54  
 -58 -76  99  
  81 -65  90  
 -90  71  76  
  80 -59  95  
  94  45  90  
 -93  22  99  
 -91 -95  40  
  52  90  90  
 -94 -79  62  
 -97 -92  32  
  87  94  50  
  42 -91  94  
  89  35  99  
  97  63  74  
 -97  72  66  
  89  58  87  
  88 -46  95  
  94 -93  38  
 -100 -58  74  
  95 -93  35  
 -94 -30  96  
  48 -84  98  
 -93  91  44  
  82 -62  91  
 -88 -71  78  
 -99  66  69  
  75  85  78  
  84 -76  78  
  72 -70  94  
  52  92  88  
  39 -98  88  
 -22 -96  96  
  83 -64  89  
 -29  92  98  
 -86  70  81  
  73  69  94  
 -97  60  77  
  82 -75  81  
  91 -93  45  
 -54  91  88  
  82 -73  83  
  65 -82  89  
 -95  96  26  
 -93  37  94  
   4  99  95  
 -85 -92  57  
  82  92  61  
 -99  69  66  
  93  78  65  
  42 -99  86  
  97  67  71  
  92  86  55  
  99  66  69  
  88 -81  68  
 -46 -85  98  
  60 -90  85  
 -90  63  83  
  99  90  32  
  94  73  69  
  96  -5  98  
  97  50  84  
  81  93  61  
 -98  51  82  
  92  44  92  
 -77 -60  97  
 -76 -92  68  
 -67  88  82  
  90 -38  97  
 -86 -82  69  
  84 -74  80  
  63 100  70  
 -72  77  88  
 -91  99  29  
 -75 -96  64  
 -88  37  99  
 -69  69  97  
 -57 -89  88  
  82  79  77  
 -20 -92 100  
  90  80  66  
 -98  42  87  
  96  90  40  
 -90 -85  60  
 -63  82  91  
  54 -89  90  
 -67  76  93  
  94 -33  95  
  30  92  98  
  96   7  98  
  84  56  93  
  92  98  30  
  24 -92  99  
 -40 -95  91  
  47  94  89  
 -94  42  91  
 -91 -57  86  
 -67 -75  94  
  14 100  93  
  96  37  91  
  69 -90  78  
  84 -93  56  
  98  46  85  
  97 -97   5  
  95 -66  74  
  59 -94  81  
 -75 -65  95  
  83 -67  87  
 -78 -94  63  
 -89 100  32  
 -97  96  15  
 -59  78  97  
 -81  86  70  
 -92  98  28  
 100 -10  94  
 -49 -91  91  
  96  21  96  
  63 -70 100  
 -58 -82  94  
 -97  38  90  
  89 -74  74  
  74  97  63  
  71 -77  89  
 -90  72  75  
 -93 -60  82  
  70  69  96  
  18 -99  94  
  40 -97  89  
  75 -94  67  
 -74 -69  93  
  53 -79  99  
 -95 -79  60  
  53 -97  82  
  73  79  86  
  92  43  93  
  15  95  98  
 -92 -35  96  
 -73 100  60  
 -97  51  83  
 -82 -75  81  
 -100  94   8  
 -92  21 100  
  -9 -97  97  
  97 -12  97  
  93  91  44  
 -92  22 100  
  47 -100  82  
 -76  76  86  
  95  92  37  
 -62 -91  82  
  84 -69  84  
  93  97  30  
 -88  99  37  
  87 -69  81  
 -86  98  43  
 -80 -66  90  
