  69 -93  88  
 -99 -50  94  
  56 -95  95  
 -62  87  99  
 -90  88  73  
 -77 -75  98  
  64  92  93  
 -74 -79  97  
  87  94  69  
 -88 -75  88  
  88  75  88  
 -94  99  51  
 -92 -96  59  
  39 -99  99  
 -98 -71  81  
 -71 -83  96  
 -90  92  68  
 -79  74  97  
  91  74  86  
 -92 -69  89  
 -82  77  92  
 -73  97  80  
  95  56  95  
 -88 -78  86  
  97 -54  94  
 -95 -54  96  
  69  92  89  
 -95  83  73  
  85 -91  75  
  91 -90  69  
  98 -96  48  
 -80  98  72  
  94 -52  98  
 -67 -93  90  
  95  69  86  
 -82  93  76  
 -75 -81  95  
  91  97  59  
  73  96  81  
  94 -99  50  
 -93  95  59  
  68 -83  98  
  97 -92  57  
  65 100  83  
  74  93  84  
  91  68  91  
 -73 -79  98  
  86  70  94  
 -90  75  86  
 -87 -62  99  
  87  90  74  
  71  83  96  
  98 -52  94  
 -100  95  46  
 -97 -85  67  
 -93  89  68  
  73 -92  86  
 -51  94  99  
  79  76  96  
  62  92  94  
 -93  82  76  
 -80  78  93  
 -91 -89  70  
 -83  85  84  
 -96 -78  77  
 -73  93  85  
 -88  98  62  
 -98  46  97  
  89  75  87  
  61 -86 100  
 100 -69  80  
  72 -99  79  
 -96 -47  99  
  99 -86  63  
 -55 -100  90  
  66  99  84  
 -89  98  60  
 -99  80  71  
  59 -100  88  
 -73 -96  81  
 -52 -97  95  
 -64  84 100  
  84  89  79  
 -87  96  66  
  82 -98  70  
  71  78 100  
  50  96  97  
  77 -100  72  
  96  99  47  
  96 -100  44  
  49 -99  95  
  97  48  97  
 100  35 100  
  98 -63  87  
 100 -90  56  
  63 -99  86  
 -83 -94  74  
 -75  90  86  
 -91 -61  96  
  88  87  77  
 -70  87  93  
 -79  88  85  
 -99 -84  66  
 -98 -40 100  
  91  92  67  
 -90 100  56  
 -58  95  94  
 -96  62  90  
  99  57  90  
  84 -83  85  
 -90 -84  78  
  96  89  64  
 -84  83  85  
  96 -81  73  
  97 -92  58  
  71 -83  96  
 -58  94  95  
 -87  77  88  
  98  56  92  
 -83  76  92  
  91  96  61  
 -86  94  70  
 -84  71  95  
 -96  84  70  
 -49  99  95  
 -98  59  90  
  95 -92  61  
 -65 -98  86  
  97  88  63  
  96 -93  58  
  60 -98  89  
 -66 -95  88  
 -96  96  53  
  62  88  98  
  88  93  69  
  97  71  82  
 -96  48  98  
 100 -88  58  
 -93 -64  92  
  95  78  78  
  96 -56  94  
 -98 -79  73  
  82  71  97  
 -78  73  99  
 -78  77  96  
  84  66  99  
  89 -85  78  
 -98 -48  96  
 -95  82  74  
  72 -91  88  
  90 -71  90  
 -99 -74  77  
  90  75  86  
  57 -98  91  
 -80 -89  83  
  86  61 100  
 -69 -96  85  
  68 -86  96  
 -96  88  65  
  59 -93  95  
 -99 -75  76  
  73 -98  79  
 -73  90  88  
  87  88  77  
  85  63 100  
 -89 -78  85  
 -97 -46  98  
 -72 -93  86  
 -96 -45 100  
 -96  94  56  
 -100 -46  95  
  70 -84  96  
 -100 -44  96  
  86 -93  72  
 -91 -100  54  
  98  54  93  
  93 -93  62  
 -96 -96  53  
  98  97  46  
  87 -63  98  
  45  96 100  
 -100 -39  98  
 -89  78  85  
 -95  51  98  
  90 -97  60  
  90  69  91  
 -89  96  64  
 -65 100  83  
 -59  97  91  
 -95  84  71  
  67 -93  90  
  95  72  83  
  97  46  98  
 -87 -70  93  
  97  65  87  
 -63  87  98  
 -93  97  56  
  93 -57  96  
 -73 -94  84  
  92 -76  83  
 -48 -100  94  
  95 -69  86  
  82 -68  99  
  78 100  71  
 -91  99  55  
 -90  59  98  
 -70  99  80  
 -62 -91  95  
 -54  91 100  
 -88  84  80  
 -78  84  90  
  90  89  72  
 -59 -100  88  
 -84 -91  76  
 -98  82  70  
 -90 -93  66  
 -89 -75  87  
 -86 -83  83  
  87 100  60  
  52  97  95  
 -97  95  53  
  88 -82  82  
 -99 -86  63  
  91 -89  71  
  70  95  85  
  64  90  95  
  82  88  82  
  95  96  54  
 -93 -88  69  
  80 -87  85  
  97  49  97  
  99  74  77  
 -66  85  98  
  92 -70  88  
 -91  93  65  
 -69 -84  97  
 -72  79  99  
 -80  95  76  
  97 -75  78  
  89 -100  57  
 -78 -80  93  
  55  99  91  
 -100 -50  93  
 100 -93  50  
  84  73  94  
  95 -56  95  
  95 -80  76  
 100 -46  95  
  95 -81  75  
 -95 -71  84  
 -99 -60  88  
 -85 -64  99  
  76 -90  85  
 -80  81  91  
  87  79  86  
 -100  40  98  
 -73  79  98  
  52  94  98  
 100  86  62  
 -50  93 100  
 -58  88 100  
  99 -47  96  
  82  80  90  
 -83 -67  99  
  46  96  99  
 -86  98  65  
  60  98  89  
  98 -62  88  
 -46 -96  99  
  79 -94  78  
 -99  73  78  
 -77 100  72  
 -98  75  77  
 -59  95  93  
 -87 -97  65  
 -80  82  90  
 -95 -78  78  
  97 -60  90  
 -97  47  98  
 -37  99 100  
 -89  91  70  
  84 -86  82  
 -91 -87  73  
  81  92  78  
  61  90  97  
 -96 -79  76  
 -100 -95  47  
 -65 -100  83  
 -95 -83  73  
 -94 -90  65  
  94 -81  76  
 -79 -94  78  
  93 -97  56  
 -40  98 100  
 -78  96  77  
  95 -98  51  
  90  91  69  
  52 -99  93  
 -91 -73  87  
 -78 -92  81  
