  18  -8  57  
   5 -41  44  
  18  41  41  
 -22  26  50  
  37  48   0  
 -36  20  44  
 -41 -14  42  
  35 -16  47  
  28  -8  53  
  38 -13  45  
 -37 -39  28  
 -54  18  21  
 -44  41   4  
 -37  41  25  
 -22   8  56  
 -18 -32  48  
  37  48   4  
  17 -58   4  
 -14  14  57  
  34  46  19  
  41 -44   5  
  52  11  29  
 -56  15  18  
  37  -9  47  
  11  42  42  
  33   9  50  
  56 -20  12  
 -59  11   6  
 -27  45  30  
 -57  -7  19  
   1  31  52  
  37  25  41  
  13 -54  24  
 -57  19   5  
  59   5  12  
  13  -1  59  
  -2 -17  58  
  -2 -31  52  
 -19 -26  51  
 -54  14  24  
 -24  45  33  
 -56 -22   8  
 -24  55   9  
 -58  15  10  
  17  58   4  
 -42  33  28  
  57  -8  18  
  30  43  30  
 -58  15   9  
 -13 -15  57  
  37 -10  47  
  58  -4  17  
   3 -20  57  
  12  59   6  
  48 -37   4  
  -8  24  55  
  40 -45   8  
 -30 -52   9  
  20  12  56  
  -6 -20  57  
  25  32  45  
 -19  53  22  
  33  32  39  
 -40 -25  38  
 -33 -45  23  
 -37  43  21  
 -16  30  50  
 -55 -21  13  
  39  12  45  
  -7 -32  51  
  -5 -12  59  
 -47  26  28  
  28 -38  38  
   9 -47  37  
  17  51  28  
  33  24  45  
   0  47  38  
  -3  29  53  
  40  19  41  
  -1  53  29  
 -14 -57  15  
 -45 -38  13  
 -25 -47  29  
 -34   3  50  
 -24 -54  12  
  53 -29   6  
  10  53  27  
  49 -32  15  
 -57  -2  20  
 -54 -14  24  
  40  31  33  
  57  13  16  
  -3  59  14  
  49  -7  35  
  36  -6  48  
 -58  -3  17  
  10 -46  38  
  -9 -10  59  
 -45  38  14  
  14  23  54  
  23 -56   2  
 -36  38  30  
  -2  60   6  
  18  49  31  
 -50  -1  34  
  57  12  16  
  29 -37  38  
  47  -1  38  
  -8 -59  12  
  40 -45   5  
  52 -31   2  
 -33  48  17  
  23 -56   5  
 -26  24  49  
 -26  36  41  
 -12  57  17  
   1  60   6  
  44  32  27  
  52   9  30  
  11 -59   8  
  -2 -47  38  
 -26  -7  54  
  13   1  59  
  12  30  51  
 -24  22  51  
  21 -56   8  
  55  14  21  
 -37  47   8  
 -33 -36  36  
 -34 -48  15  
  41 -43  11  
 -40  43  14  
  47 -33  19  
  -1  55  25  
 -47  35  15  
  25  48  27  
  48 -32  18  
  47  20  32  
 -19 -57   7  
  35  12  48  
 -46   6  39  
  -5 -56  23  
 -60  -8   3  
  54 -25  12  
 -32 -48  18  
 -11  45  39  
  -4  -4  60  
 -23 -55   9  
  -5  34  50  
  50 -33   9  
  -1  56  23  
 -38  17  44  
  56  11  20  
 -44 -24  34  
 -20  46  34  
 -40 -34  30  
  40 -10  44  
 -38  25  40  
 -16 -58   8  
  43 -15  40  
 -40 -42  17  
 -42  28  33  
 -25 -30  46  
 -15  54  23  
 -33  49  13  
  16  58   5  
  28   7  53  
  20  47  32  
 -38  19  43  
 -53  29   5  
 -12 -30  51  
  30 -38  36  
 -33  40  31  
 -36  37  32  
   0 -51  33  
 -60   4   8  
  30 -50  16  
 -43  21  37  
  29 -47  25  
   2  60   6  
  -8  16  58  
 -36 -32  37  
   4 -27  54  
  29  52  11  
  28 -53   7  
  46 -37  14  
  11 -29  52  
 -18  53  23  
  28  -7  53  
  10 -59   8  
  38  -3  47  
   4  35  49  
  45  14  38  
  50 -34   4  
  -4  56  22  
  32 -42  30  
  -6  57  19  
   6 -59  11  
  -2 -37  48  
 -29 -46  27  
 -11   6  59  
 -23 -14  54  
 -47  33  19  
  44 -24  34  
 -14 -46  37  
  -1  58  18  
  13  21  55  
 -52   9  30  
  -4 -60   4  
 -35 -12  48  
 -35  49   7  
  -2  46  39  
  19  52  25  
 -10  31  51  
 -58  14  10  
  21 -50  27  
  -4  13  59  
  49   3  35  
 -39 -42  19  
  23  56   4  
  13 -47  36  
  11  50  32  
  45 -40   7  
 -53  29   2  
 -20 -34  46  
  60  -6   0  
  14  46  37  
  24  54  13  
 -23 -36  43  
  26 -40  37  
 -35 -26  42  
   4 -59  13  
   3 -31  52  
   7 -60   4  
  44 -15  39  
 -47 -18  34  
 -39  46   1  
 -15 -27  52  
 -32  51   4  
 -39  -3  46  
 -52  11  29  
  -9  -3  60  
 -35  39  30  
   1  59  13  
 -16  35  47  
  45  40   3  
  20 -50  28  
  24  36  42  
 -16  38  44  
  23  21  52  
 -50  20  28  
  10 -37  47  
 -56  11  20  
  58   6  17  
  34 -49  10  
  17  44  38  
  50  31  14  
 -42  36  25  
 -39 -23  40  
 -11 -31  51  
  -4  -6  60  
 -28 -12  52  
  -6  36  48  
  47 -31  22  
  50  17  30  
  38   2  47  
 -23 -25  50  
 -29 -41  34  
 -38 -40  25  
  -5 -58  17  
  57  14  14  
  22  50  26  
  23  42  37  
  25  23  50  
 -25 -54  10  
  25  15  53  
  26  54   9  
  -1  31  52  
  47   2  38  
  49  34  10  
 -51 -26  20  
  34  50   5  
   7  -3  60  
 -33 -10  50  
   7 -52  30  
 -14 -42  41  
   4 -41  44  
  40 -45   6  
   8 -51  32  
  -7   0  60  
  33 -25  44  
  50 -30  17  
  14  24  54  
  44 -12  40  
   2  59  13  
 -45  32  25  
   2 -55  25  
 -32 -30  42  
 -30  47  23  
  54 -23  15  
