  -5  80   6  
  57  54  17  
  53 -46  39  
 -14  78  15  
  -9  79  11  
  28 -22  72  
  12 -71  36  
  56  57  11  
  19  78   5  
  59  35  42  
  34 -68  27  
  69 -41   6  
  10 -79  13  
  47  50  42  
 -50  62  11  
  15 -33  72  
  68  43   2  
  29 -75   6  
 -15  77  19  
 -51 -25  57  
   8 -55  58  
 -59   9  54  
 -63 -24  44  
 -14  13  78  
 -22 -75  20  
 -42  52  45  
 -38 -65  28  
 -70   9  39  
 -39 -69  14  
  46 -63  20  
  17  78  11  
  30 -72  20  
 -42  65  22  
  40 -48  51  
 -68 -34  27  
 -58  34  44  
  70   1  40  
  26  75  13  
  51 -11  61  
 -14 -55  57  
  52  13  60  
  65  25  40  
 -69 -36  20  
 -15 -79   2  
 -36 -27  67  
   2 -76  26  
  10 -78  18  
 -52  56  25  
  42  67  16  
  20  -4  78  
  28 -75   7  
 -13  58  54  
 -33 -49  55  
 -46   4  66  
 -64  47  13  
  -3  -6  80  
  -8  79  12  
 -74 -26  19  
 -46   6  66  
  57 -56   9  
 -61  31  42  
  13 -72  34  
  47  44  48  
 -13  74  29  
  80   6   6  
  71 -37  10  
  -2 -79  16  
 -28  69  31  
  26  61  46  
 -17  53  58  
   6  76  26  
  45  56  36  
   4   9  80  
  11 -57  56  
 -54  20  56  
  33 -72  14  
 -63  42  28  
  72 -35   9  
 -52 -13  60  
  -4   5  80  
  32  64  37  
  43 -16  66  
 -59 -14  53  
  34  73   3  
 -25  76   8  
  80   1   8  
  38 -70  13  
 -21  15  76  
 -75 -28   7  
   8  57  56  
  25 -76   7  
  76  22  16  
 -42 -61  31  
 -32  67  31  
   7  13  79  
  -3   7  80  
 -27 -68  34  
  79   8  14  
 -11  40  69  
 -20 -53  57  
  42  23  65  
  24  76  12  
 -43 -68   2  
  10  70  38  
  10  76  24  
   9 -17  78  
   8  74  31  
  50  47  42  
 -70 -32  23  
 -13  79   6  
  15  37  70  
 -74  31   4  
 -27  34  68  
  34 -63  37  
 -36  51  51  
 -18 -41  67  
 -27 -61  45  
  22  15  76  
 -23 -21  74  
 -25 -20  74  
 -51 -62   6  
 -76   3  27  
  39  38  59  
  55  25  53  
  14 -73  31  
  11 -79  12  
  42  60  33  
  15  40  68  
  52  47  40  
  10  62  50  
   3 -80   9  
   4 -71  38  
 -26 -36  67  
  51 -13  61  
 -62 -23  46  
  32 -58  46  
 -37 -49  52  
  27  37  66  
 -79  -4  16  
  10  79  13  
 -63 -13  48  
  54  -9  59  
 -66  43  17  
  45  47  47  
  34 -12  72  
 -56  56  15  
  50   4  63  
  15  79   0  
  52 -44  43  
  39  22  67  
 -73  10  32  
 -77  15  19  
  -9  79  14  
  50  63   7  
  60   1  54  
  33  64  36  
 -61  13  51  
  12 -78  16  
 -65  13  46  
  54 -54  26  
   6  14  79  
 -17 -78  12  
   8   7  80  
  57  35  45  
  -7   6  80  
  59  16  52  
 -60 -51  16  
  -4 -80   7  
 -13   6  79  
  49 -18  61  
   5  -6  80  
  20  63  46  
  80  -9   0  
  31  -4  74  
  25 -42  64  
  71 -34  17  
 -20  42  66  
  61  24  47  
  27 -52  55  
 -23  56  53  
 -17  20  76  
  71  -1  38  
  16  76  22  
 -22 -61  48  
  57 -27  50  
 -22 -68  37  
  25 -69  33  
  26 -17  74  
  43 -66  17  
 -62  39  33  
  61   7  52  
  20   0  78  
  34  11  72  
 -30  23  71  
  11  77  20  
 -29   1  75  
 -53 -52  31  
 -20  78   1  
  66  45   8  
   2  80   7  
 -36  -1  72  
  72 -23  28  
 -27  24  72  
   3  40  70  
 -50  -4  63  
 -67  40  19  
 -80  -5   7  
 -62  51   2  
 -29 -49  57  
  46  60  27  
  77 -15  18  
   3  62  51  
   9  54  59  
  17  54  57  
   7  -4  80  
  26 -70  30  
  64 -49   4  
 -50  61  16  
  64 -49   3  
  23 -58  51  
 -13 -19  77  
  13  73  31  
 -48  63  15  
  36 -33  64  
 -64 -48   7  
 -38  -2  71  
  53 -26  55  
  27 -29  70  
  -5  78  20  
   0 -40  70  
  59 -15  53  
  47  35  55  
   9  72  35  
 -50 -37  51  
  55 -39  44  
  15  76  22  
 -79  15   7  
  30  52  54  
   8  68  42  
 -43   4  68  
 -80   8   2  
  56  13  56  
 -60   0  54  
  44  45  50  
  49  64   2  
  30  67  33  
 -64 -40  28  
  11 -36  71  
   6   7  80  
  69 -39  13  
  25  75  16  
 -11  79  12  
  69   7  41  
  73  15  31  
  54 -59  11  
 -41 -69   2  
  61 -51  14  
 -37 -40  59  
  49   0  64  
   6 -62  51  
 -23 -40  66  
  78   7  19  
 -67 -42  14  
  22  20  75  
  -6  -4  80  
  29 -65  38  
  36 -20  69  
 -69   9  40  
  -2  69  41  
  47   7  65  
  -6 -80   5  
  11  40  69  
 -21  34  70  
 -57  54  17  
  27 -21  73  
  28 -63  42  
  19  -3  78  
  40 -70   0  
 -45  64  19  
 -68 -29  32  
 -49 -61  18  
 -30  48  57  
 -49  -3  64  
  25  58  50  
 -56  -8  57  
  51  62   8  
 -32  55  49  
  19  31  72  
  38  68  21  
  -9  80   2  
 -49 -62  15  
  80  -7   6  
  41 -17  67  
 -46  35  56  
 -24   1  77  
  32 -64  37  
  24  10  76  
  33  28  68  
  54  24  55  
  76 -24  11  
