 -24 -19  30  
 -34 -17  20  
  -9  10  41  
 -42   2   9  
 -41  13   2  
   4   7  42  
  15 -29  28  
 -26 -28  20  
  -2 -43   3  
 -19  34  18  
 -30  11  29  
 -42 -10   2  
  -3   8  42  
  12  28  30  
 -22 -18  32  
  16 -40   2  
 -42  10   1  
 -37 -11  19  
   2 -40  15  
   2  25  35  
  -5 -12  41  
   5 -19  38  
  35  18  17  
  -8 -41  11  
  20  31  22  
 -14  37  17  
 -12 -41   6  
  24 -23  27  
  17  32  23  
  33  24  13  
 -33 -25  12  
 -24  -7  35  
   8  41  10  
  30 -31   1  
   8  10  41  
   8  13  40  
  38 -18  10  
  34  26   6  
  19  30  24  
  41   0  13  
 -13   8  40  
 -12  35  22  
  21 -37   6  
  -3  41  12  
  34 -22  14  
 -16 -25  31  
   2 -12  41  
  23  -2  36  
 -42   8   1  
 -31 -15  26  
 -23  27  24  
 -40 -13   8  
 -16  13  38  
  -7 -17  39  
  -2  20  38  
   4 -43   0  
 -13 -33  24  
  22 -27  25  
  16 -39   9  
  31  30   3  
  24  28  22  
  18 -24  31  
  38   5  19  
 -32 -26  12  
 -41   1  13  
 -10 -36  21  
 -41  10   7  
  20 -38   1  
  -1 -30  31  
  20 -10  37  
  20   8  37  
  10 -26  33  
  33  15  23  
 -14 -35  21  
  -2 -22  37  
 -37   9  20  
  18  33  21  
  -8  30  30  
 -41 -12   2  
 -29 -28  15  
  36  12  20  
 -34 -24  11  
  -7  30  30  
 -39 -14  12  
  -7  27  33  
  16 -25  31  
 -30  -3  31  
 -39   0  18  
 -28 -24  22  
  15 -16  37  
 -27  26  21  
  24 -16  32  
  -1  13  41  
   9 -22  36  
 -12  26  32  
 -21  25  28  
  -2  15  40  
 -16 -26  30  
   9 -36  22  
 -30  25  18  
  41   1  13  
  15  38  13  
 -16 -31  25  
 -13 -38  16  
 -25  33  11  
   6 -41  11  
   6 -30  30  
  22 -14  34  
 -21 -36  11  
  21 -21  31  
   0  34  26  
  13  40  10  
  19  -7  38  
  30  20  23  
 -12  27  31  
  -3 -41  12  
  27  31  12  
 -37  13  18  
  11  -7  41  
 -37  20   8  
  26 -34   2  
 -18 -29  26  
  35  17  18  
 -31  14  26  
 -12  18  37  
  35  21  14  
  20 -38   5  
  31 -19  23  
  35 -13  21  
  28  15  29  
  39 -18   3  
  37 -19  11  
 -22  36   7  
   0  35  25  
 -21 -23  30  
 -22 -33  17  
 -11  24  34  
 -39  16   9  
  38  20   1  
  27 -24  23  
 -19 -10  37  
 -24  27  23  
  40 -13   9  
  39  -1  18  
 -12 -41   3  
  35   7  24  
 -39  -6  17  
   2  40  15  
 -37   8  20  
 -13  33  24  
  30 -22  22  
  11 -39  15  
  26 -15  31  
 -13  -2  41  
  16  30  26  
  32 -18  22  
  -7 -14  40  
 -34  20  17  
  14  12  39  
 -38  15  14  
 -20  12  36  
  22  -3  37  
  -4 -13  41  
   0  43   2  
   2 -30  31  
 -40   1  16  
   8  42   1  
 -22 -27  25  
  -7 -24  35  
 -13 -40  10  
 -16  33  22  
  32  27   9  
 -38   6  19  
  25  -2  35  
  12  37  18  
   7  10  41  
  17  26  30  
 -10 -39  15  
 -28  21  25  
  29 -30  11  
 -31 -28  10  
  -8  40  13  
  38  18   8  
   6  39  17  
  18 -38  10  
 -23 -17  32  
 -40  10  13  
 -15  40   3  
 -29   7  31  
  14  35  21  
 -42   6   8  
  21 -18  33  
  -7 -38  19  
  42   8   0  
 -30 -20  23  
  10 -41   9  
   4 -27  33  
 -26   2  34  
  10 -40  12  
 -33  27   4  
 -12  11  40  
   9 -42   3  
 -43   2   1  
  36 -22   7  
 -16 -36  17  
   7  29  31  
  38   3  20  
  31 -26  14  
  14  25  32  
  33  27   4  
 -27  27  20  
 -13   2  41  
  -2  35  25  
 -22  17  33  
 -15 -11  39  
   8  42   3  
 -42   3   9  
  31  22  20  
 -30  22  22  
 -33  12  25  
   2  43   0  
 -19  33  20  
  22  -1  37  
  20  10  37  
 -23  25  26  
  38 -13  16  
  26  -2  34  
 -10  -1  42  
  42   9   1  
 -41  10   8  
  22 -17  33  
  -1  -9  42  
 -27 -28  18  
  40  10  12  
 -34  22  14  
 -20  38   4  
 -23  15  33  
  20  -9  37  
   5 -28  32  
 -39  18   3  
 -33 -26  10  
  42  -5   8  
 -23 -35   9  
 -17  -6  39  
 -37  17  14  
  33   6  27  
   0 -20  38  
 -20 -38   2  
 -30 -18  25  
  30  31   1  
  42   0   8  
 -23  10  35  
  39 -17   7  
  10 -38  17  
 -22 -33  16  
  13 -40   9  
   2  16  40  
  23  20  30  
  43   3   3  
 -22  37   1  
 -31 -28  11  
  10 -27  32  
  20 -21  32  
  26 -12  32  
  24  33  13  
  15  14  38  
  -5 -32  28  
   4  42   7  
  42   1   9  
   3  13  41  
 -15 -20  35  
 -31   6  29  
  24 -30  19  
  34 -12  23  
 -29  -6  31  
 -14  -8  40  
 -19  18  34  
   6 -12  41  
 -16  36  17  
  33  19  20  
   4  40  15  
 -13  40   9  
 -19  31  23  
 -41 -13   1  
 -10  -7  41  
   2 -22  37  
  30 -28  12  
  37  18  12  
 -31 -23  19  
 -30 -30   6  
  32  10  27  
 -42   9   1  
  -2  23  36  
 -22 -30  22  
  -4  37  22  
  -7 -10  41  
 -27  -9  32  
  24   7  35  
   4 -41  13  
  24  33  14  
