 -55  68  93  
  70 -50  94  
  70 -39  99  
  27  87  89  
  75  24 100  
  71 -90  56  
 -81  89  42  
 -75  96  37  
  20 -84  94  
  74  96  39  
 -38 -75  96  
  95 -84  14  
 -74 -97  37  
 -88  24  89  
  -8 -94  86  
  77  79  64  
  18 -81  97  
 -71  73  77  
 -60  85  74  
 -53  82  82  
  97 -69  45  
  77 -79  64  
  84  19  94  
 -18  82  96  
 -73 -65  82  
 -58 -61  96  
 -86  28  90  
  75  42  94  
 -49 -79  87  
 -89 -91   8  
 -87 -70  62  
 -95 -85   8  
 100 -28  74  
  35  91  82  
  61 -68  89  
 -64 -58  94  
  71  53  92  
  37  80  92  
  27 -91  85  
  14 -92  87  
 -87  79  49  
 -32 -72 100  
 -92  88   4  
  58  91  68  
  99 -59  55  
 -99  40  70  
  38 -95  76  
 -91 -57  69  
 -67  49  97  
  90   9  90  
 -51  80  85  
 -78  97  27  
  15  99  79  
 -84  -1  96  
 -69 -86  64  
 -47  68  97  
  90  -3  90  
 -85 -66  68  
 -90  66  62  
 -76  22 100  
 -98 -53  62  
 -81 -88  44  
 -54  82  81  
 -98 -29  76  
  61 -67  90  
 -88 -47  79  
  -2 -100  79  
 -94  55  66  
  28 -97  78  
  62  60  94  
  86  87  36  
   3 -94  86  
 -75  94  43  
  94  82  27  
 -84 -90  34  
  -6  91  89  
   0 -100  79  
  86  33  88  
  95 -31  79  
  52  76  88  
  51 -62  99  
 -95  60  60  
  93 -18  85  
 -77 -28  98  
 -64  52  97  
  38  98  72  
  65  90  63  
 -92  58  67  
  98 -25  78  
  73  90  53  
 -84  61  74  
  92 -84  26  
 -76  59  84  
 -76 -94  41  
 -63 -94  59  
  67 -59  91  
 -86  94   8  
  68 -100  40  
 100  37  70  
 -92  55  69  
  76  38  95  
 -59  90  68  
  89  90  16  
  52 -89  75  
 -22 -76 100  
 -38  75  96  
  88  19  90  
 -87  45  82  
  92 -67  57  
 -71  72  78  
 -85 -30  90  
 -39 -78  93  
 -15 -87  92  
  62 -63  92  
  86   0  94  
 -87 -28  89  
  85 -51  80  
  59 -91  67  
 -95  82  23  
 -89 -51  76  
  85  61  73  
 -74 -50  91  
  65 -69  85  
 -75 -63  82  
  65 -63  90  
  76 -93  43  
 -22  81  96  
  83 -57  78  
  83  -2  97  
  54 -78  85  
 -84  26  92  
  35 -80  93  
  72  96  43  
  65  86  68  
 -87  60  71  
  48  63 100  
  76  96  36  
 -83  -1  97  
  47  68  97  
 -89  42  81  
 -75  97  35  
  58  99  56  
  22 -77  99  
  97  -4  83  
 -42  88  82  
  53 -89  74  
 -76  78  66  
  11  81  98  
 -29 -94  81  
  65 -96  53  
 -67 -51  96  
 -45 -100  65  
 -79  92  40  
 -86  86  38  
 -89  -4  91  
  78  66  76  
  82 -43  88  
  74 -31  99  
  91   3  89  
  20 -91  87  
 -59  68  90  
 -34 -84  90  
 -79  -8 100  
   9  98  81  
  89 -17  90  
 -82 -19  96  
  86  85  41  
  31  73 100  
  55 -100  57  
  52 -74  90  
 -98 -81  11  
  79  47  88  
  48  95  70  
  77 -52  87  
 -92 -88   9  
 -95  43  73  
 -35 -80  93  
  98  80  14  
  -4  99  80  
  84 -68  68  
  33  91  83  
 100  67  42  
 -99 -36  72  
 -82  88  42  
 -46  99  66  
  83  -1  97  
 -72 -90  55  
  65 -58  93  
 -86  -2  94  
  89  35  84  
  21 -98  79  
 -63 -52  98  
 -98 -52  63  
  69 -55  92  
  44 -87  82  
  82 -23  95  
  50 -83  83  
 -89 -75  52  
  93 -84  24  
  92  59  66  
 -94  85  12  
 -83  30  92  
  98  81  12  
 -72 -36  99  
  92 -75  47  
 -93  75  44  
  13  88  91  
  85  18  93  
  98  15  80  
  88  82  42  
 -92 -37  80  
 -65 -99  47  
  29 -76  98  
  79 -100   8  
 -33 -99  73  
 -89  90  14  
 -96 -45  71  
  78 -65  77  
 -88  59  71  
 -90  90   5  
 -80 -99   5  
 -21 -81  96  
  96  74  40  
 -97 -69  45  
  -1  93  87  
 -92 -80  37  
 -40 -95  75  
 -89   8  91  
 -76 -83  60  
 -81  77  61  
 -99 -28  75  
 -24 -79  97  
   5 -93  87  
 -13  83  96  
  38  92  80  
  71  75  75  
 -86 -94   1  
  67 -71  82  
 -66 -78  76  
  81  22  96  
  99 -41  69  
   6  92  88  
  82 -94  26  
 -86  93  16  
  76  47  91  
 -49  94  71  
  44 -71  96  
 -89  21  89  
 -66 -68  85  
  52 -90  74  
  87  24  90  
 -95 -73  44  
 -38  84  88  
 -67 -80  73  
  -7 -80  99  
  79  51  86  
  95  57  63  
 -57  97  60  
 -93  43  76  
 -98  55  60  
 -88 -92   9  
  86  94   1  
  -8 -99  80  
 -71  78  72  
  86  64  69  
 -87  93   7  
 -91  76  47  
  92  87  13  
 -77  30  97  
 -81  50  85  
  58  68  91  
  78  15 100  
  87 -92  16  
 -80 -32  94  
  50  95  69  
 -71 -44  96  
 -35  84  89  
 -90 -87  25  
 -80 -92  37  
  -9  97  82  
  89 -76  50  
 -91  89   4  
  88  43  82  
 -72 -82  66  
 -82  96  17  
  89  76  50  
 -87 -20  91  
 -93 -20  85  
 -99 -32  74  
 -45  85  84  
 -85 -95   5  
  91 -35  82  
   3  88  92  
 -99  10  80  
 -37 -78  94  
  91 -72  53  
 -19 -78  99  
  96  25  80  
 -93  -7  87  
  60  91  66  
