  77  22  97  
  75  32  96  
  95  13  82  
 -48  60 100  
  73 -91  48  
  37  85  85  
 -70 -93  48  
  73 -46  92  
  46  97  66  
 -77 -13  99  
 -68  75  75  
  99 -75  21  
  94 -70  46  
  98 -74  29  
  -7 -78  99  
  84  56  75  
  23 -96  78  
  87 -60  69  
  48  94  69  
  -5  85  93  
  80 -74  63  
 -76 -32  95  
  79  67  72  
 -89 -69  56  
 -21 -90  86  
 -91  -4  87  
  92  -8  86  
 100  56  52  
  73 -87  54  
 -61 -48  99  
  80  35  91  
 -49 -87  77  
 -83  24  92  
  86  90  21  
  27 -83  91  
 -79 -98   3  
 -45 -89  77  
 -92  80  32  
  69 -37  99  
  62  58  93  
 -100  75  16  
 100 -77   2  
 -23 -96  78  
  90  73  50  
  66  90  58  
 -56  58  97  
  37  69  99  
  75  73  70  
 -87  73  54  
 -89  18  87  
 -30 -88  85  
  73 -100  23  
 -14  79  97  
  58 -74  84  
  33  84  88  
 -74 -77  67  
  92  73  45  
  86 -88  27  
 -67 -47  96  
 -32 -82  90  
 -38  82  88  
  92 -81  30  
  95 -52  64  
 -95 -67  49  
 -99  66  41  
 -35 -72  97  
  86  82  42  
 -23 100  73  
  10 100  76  
  97 -61  52  
 -95   3  83  
  91  60  63  
 -35 -80  91  
  66 -92  55  
  73  78  67  
  83 -75  58  
  33  94  77  
 -94 -30  78  
 -91  62  61  
  76 -77  65  
 -45 -92  73  
 -52  83  79  
 -83  88  35  
  -2  89  89  
   6 -78  99  
  98  75  26  
  85 -68  63  
 -91  27  83  
 -81  48  84  
  98  -6  79  
  67  74  77  
 -91  79  37  
  61  86  69  
 -29 -84  89  
 -84  18  92  
  97  34  73  
  76  49  88  
  71 -56  88  
 -22  98  76  
  94  83  14  
  78 -73  67  
  89 -86  23  
   1 -79  98  
 -84  86  37  
 -80  15  96  
 -92  18  84  
  79 -95  24  
  12  83  94  
 -99  77  10  
  57 -98  55  
 -88  81  39  
  89  23  86  
 -71 100  29  
  70  63  84  
 -71 -91  51  
 -69  65  83  
  84 -92  20  
  -8 -79  98  
 -54 -92  67  
  74 -97  31  
  51  79  84  
  30  73  98  
 -94  54  64  
  93  69  50  
  48  99  61  
  25  94  80  
  59 -89  67  
 100  70  32  
  84  94   4  
  30  94  78  
  63 -68  85  
  84   5  94  
 -66  48  96  
  49 -91  72  
 -39 -97  70  
  99  29  72  
  61 -84  71  
  35  92  79  
  97   9  80  
 -88  80  41  
  94 -62  57  
  77  -2 100  
  97  51  62  
 -96  45  68  
  74  35  96  
  75  94  38  
  92 -23  83  
  97 -73  33  
  83   1  95  
 -19 -78  97  
 -87 -58  70  
 -86  30  87  
 -10  99  77  
 -74 -76  68  
 -85  26  89  
 -77  22  97  
  91 -44  75  
  94  77  33  
  80  77  60  
 -73  95  39  
  66  98  44  
 -40 -88  81  
   8 -91  87  
  55 -66  92  
  79  89  42  
 -99 -68  38  
 -49  68  94  
  77   3 100  
 -94  57  62  
 -89  86  24  
 -49 -61  99  
 -90  -3  88  
  69  57  89  
 -81  29  92  
 -86  75  54  
  94  49  68  
  57  82  77  
  74  98  28  
  98 -63  48  
  63  94  55  
 -56 -100  52  
 -63  60  91  
 -64  84  69  
 -86  92   3  
 -94 -83  14  
 -59  63  92  
 -40 -100  65  
  58  77  81  
  62 -98  49  
 -31  84  89  
 -76  36  94  
 -89  66  60  
  65  92  56  
 -66 -66  85  
  76 -89  47  
 -82  69  66  
 -71  32  99  
 -97  48  65  
 -78  -5  99  
  72  99  29  
  64  91  59  
 -72 -64  81  
  84  80  49  
 -75 -22  99  
 -85 -40  84  
  79  94  29  
 -47 -92  72  
 -85  86  36  
  88 -57  70  
  10 -96  81  
 -93  18  83  
  93  79  31  
  78 -61  78  
  42 -92  75  
 -53 -62  96  
 -46  91  74  
  37 -100  67  
  66 -53  93  
 -100  12  76  
 -86 -21  90  
 -27 100  72  
  93  -4  85  
  84  94   1  
 -88 -14  89  
 100  65  41  
  89  40  80  
  85 -67  65  
  67 -38 100  
 -53  82  80  
  74 -96  35  
  95  32  76  
  95 -41  72  
  71  56  88  
 -80  97   4  
  85 -55  75  
  74  67  77  
  45  87  79  
  -3 -97  80  
  62  78  77  
 -90  71  52  
 -72 -98  33  
   6  80  97  
  13 -92  85  
  52  87  75  
  86  92   6  
  84 -88  33  
  91 -71  50  
 -47  85  80  
 -76  48  88  
  71 -70  77  
  80  44  87  
 -95  68  47  
 -67  97  44  
 -39  92  77  
  58  75  83  
  55 -96  60  
  -4  99  78  
 -54  60  97  
  98 -59  53  
  65 -92  57  
 -90 -88   2  
 -75  33  96  
  82  81  51  
 -55  57  98  
 -53 -66  93  
  61  70  85  
  58  65  91  
 -95  67  48  
  82  95  12  
 -59 -92  63  
 -86 -77  51  
 -96 -38  72  
  58 -69  88  
  75 -77  66  
 -51  95  65  
  94 -30  78  
  90   3  88  
  76 -80  61  
  79 -47  86  
  -8 -88  90  
 -76 -71  71  
  -7 -81  96  
 -42 -100  64  
 -96  51  64  
  77  10  99  
  98  79   1  
  95 -79  24  
  83  19  93  
  92   3  86  
  35 -97  72  
 -93  -3  85  
 -97  16  79  
  95 -71  43  
  84 -92  19  
 100 -27  72  
  74 -63  80  
  81 -54  80  
  97  32  74  
 -80  87  44  
 -97  76  26  
