   1  -2  31  
 -20 -14  19  
  -8 -21  21  
  29  -6   9  
  21  15  17  
  11  13  26  
 -20 -21  11  
  20  -6  23  
  -8 -24  18  
  31   2   3  
 -19  15  19  
  18  -2  25  
 -23  12  17  
 -18  23  10  
  22  22   1  
  14 -22  17  
  22 -21   6  
  -2 -31   1  
 -13 -21  19  
  28  -1  13  
  29  -5  10  
 -22 -15  16  
  24  17   9  
 -30  -7   3  
 -14  -7  27  
 -22 -22   2  
  25  18   1  
 -28   6  12  
 -13   2  28  
 -12  18  22  
  11  15  25  
 -25 -17   6  
  11 -27  10  
 -15 -27   4  
  13  -4  28  
 -19  21  12  
  21  22   5  
 -13   4  28  
   7  -4  30  
   2  11  29  
 -30  -5   5  
  -9 -28   9  
   7  28  11  
  10  12  27  
  22  17  14  
  12 -27   9  
  28  11   8  
  22 -16  15  
 -20 -13  20  
  30   8   0  
  18 -22  12  
  19   4  24  
  -3 -24  19  
  19 -21  12  
  17 -23  12  
   9 -16  25  
  23   5  20  
  10  11  27  
 -10 -29   5  
  -6   5  30  
  26  -6  16  
  10  28   8  
  -4 -27  15  
 -26 -11  13  
  -1 -25  18  
  -8  -8  29  
  24   6  19  
 -12 -12  26  
 -23  11  18  
  -2 -28  13  
 -12  27   9  
  17 -21  15  
   3  31   1  
  21 -22   5  
 -16  26   4  
   3 -15  27  
  -7 -14  27  
 -12 -16  24  
 -21  14  18  
 -22   1  22  
   1  31   0  
   1 -25  18  
   1  29  11  
  20 -23   5  
   3  11  29  
  -4 -18  25  
  -3   2  31  
  24  16  12  
  27  15   1  
   8  22  20  
   6  20  23  
 -14  26   9  
  21 -19  12  
  15  20  18  
   1  -7  30  
 -18  25   3  
  26   4  16  
   3 -10  29  
 -23  19   8  
  10  18  23  
   2 -25  18  
  15 -22  16  
   8  30   2  
  27 -15   1  
 -22  20   8  
 -15 -11  25  
   4 -24  19  
 -28   0  13  
   2 -21  23  
  14  21  18  
 -31   2   1  
   3  -7  30  
  24  10  17  
  -7   5  30  
 -28   2  13  
   3  24  19  
  23  12  17  
   7 -11  28  
  -6  29   9  
 -23 -15  14  
 -22   8  20  
   8   7  29  
 -25  11  15  
  25   7  17  
 -23   2  21  
  19 -24   6  
 -24  14  14  
  24  17  10  
 -27   6  14  
  -6  16  26  
 -12  28   6  
 -27 -12  10  
  -7  -3  30  
  18  -3  25  
 -17   7  25  
 -12 -19  21  
  21  20  11  
  26  -1  17  
  30   0   8  
 -26  15   7  
   8 -29   7  
  18  25   3  
 -15   7  26  
  25 -18   5  
 -12   9  27  
  19  24   6  
   6   9  29  
  23  21   2  
   1  25  18  
 -27   8  13  
  -8  -1  30  
  29   9   5  
 -30  -8   1  
  20 -14  19  
  22 -18  12  
  28 -12   6  
 -12  26  12  
 -18   7  24  
   5  20  23  
  -4  -7  30  
  15  18  20  
  31  -2   2  
 -26  14   9  
  -1  29  11  
  -1  15  27  
  -7 -13  27  
  20   5  23  
  30  -3   8  
  17  19  18  
  24 -15  13  
  23 -12  17  
  25  17   6  
  -2   1  31  
  -5  22  21  
  24  12  16  
  24  19   6  
   7  30   4  
  31   1   2  
 -17 -12  23  
  31   0   2  
  27   3  15  
   2 -15  27  
 -15 -23  14  
  31   2   2  
 -25   0  18  
  29  -7   9  
  14  27   5  
  -7   9  29  
  -5 -14  27  
  -9 -27  12  
   4 -29  10  
  21 -13  19  
 -29  -5   9  
   2 -11  29  
  15   3  27  
  -5  29  10  
  28  12   6  
 -11  -8  28  
   3  31   0  
  11  -1  29  
 -30  -7   4  
  12   5  28  
   0  -8  30  
 -13 -20  20  
  31  -2   3  
   2  31   0  
 -16 -12  24  
 -25  10  15  
  18 -19  17  
 -27  15   1  
   4  29  10  
  16 -11  24  
 -15  -2  27  
  26 -17   3  
 -19   8  23  
  30   6   5  
  24   0  20  
   3 -30   7  
 -15 -14  23  
  -3  13  28  
  27 -14   5  
  15  25  10  
  21 -21   8  
 -21  -6  22  
   9  -5  29  
 -29 -11   2  
  -2  13  28  
  29 -11   3  
  25  15  10  
   1  18  25  
   7  -3  30  
  -3  27  15  
  -4 -28  13  
   1 -29  11  
 -30   6   5  
 -27  15   4  
  19  -4  24  
 -14  23  15  
   5  21  22  
  13  15  24  
  12  25  14  
   5 -16  26  
  28 -13   4  
  19 -12  21  
  16  25   9  
 -13  27   8  
   2 -18  25  
  -8 -27  13  
 -27 -11  10  
  -7 -18  24  
  30  -8   3  
  18 -20  15  
  21 -18  14  
 -21 -16  16  
   1  22  22  
 -26  -9  14  
   6 -30   6  
   0 -28  13  
 -31  -1   3  
 -19  21  13  
 -15  26   7  
 -26   8  15  
   0 -27  15  
  28   6  12  
 -22  -8  20  
 -25  16   9  
  -3  31   1  
  27  -6  14  
  28  10   9  
  14  -6  27  
  10 -28   8  
  31  -3   0  
 -17   1  26  
 -14 -10  26  
  29 -10   5  
   3  28  13  
   3  27  15  
   6 -30   4  
  22  20   9  
   8 -29   8  
  19 -11  22  
  27   7  14  
  10  26  14  
  -1 -31   2  
   5  23  20  
 -21  -1  23  
  17  18  19  
 -17  19  18  
   8 -21  21  
   6  30   5  
  15 -27   1  
  27  -1  15  
   8  28  10  
 -28   9   9  
  21 -22   6  
 -18  -7  24  
 -29  -3  10  
  13 -23  16  
  12 -28   6  
   0   7  30  
