  -3  16   4  
   4 -11  12  
  -4 -15   7  
  14   3   9  
  -8   8  13  
 -11  11   7  
  16  -5   1  
  -5   8  14  
   7   4  15  
  -9  -4  14  
  13  -1  11  
   1  -5  16  
   5 -12  11  
  -7  -6  14  
   3 -12  12  
  -6 -16   2  
  -1 -14  10  
  -5  -8  14  
   8 -15   0  
  16  -6   1  
   0 -16   5  
  11  -9   9  
  -9  14   4  
 -11  13   1  
  -2   8  15  
  -8  -1  15  
   7   3  15  
  14  10   0  
  -3   7  15  
   3  16   4  
  -5   3  16  
  -5 -16   1  
  -4 -13  10  
  12   4  11  
  -8  -8  13  
  -3  -9  14  
   5  -3  16  
 -11 -13   2  
 -11  -7  11  
 -14  -3   9  
  -7  11  11  
   2   1  17  
   1   0  17  
  -5  16   1  
  13   7   8  
  -6   2  16  
  14  -9   3  
   8   0  15  
  11 -13   0  
  16   2   6  
   6   2  16  
 -12   1  12  
 -13  -4  10  
 -13   1  11  
  16   3   4  
 -13 -10   5  
  -5  13  10  
  16  -5   0  
   9  -9  11  
  12   0  12  
  12  12   0  
 -15  -4   7  
   2  16   6  
 -17  -1   2  
 -15  -2   8  
  -8   9  12  
   5   0  16  
   2 -15   8  
  -9  -6  13  
   9 -10  10  
  13  10   4  
  16   2   5  
   6   9  13  
 -10  10   9  
   6  14   7  
  -8  10  11  
   2 -12  12  
  -8 -13   8  
   4 -12  11  
  14  -9   2  
   5 -14   8  
  -9   2  14  
  16   5   2  
  12  -5  11  
  17   1   1  
  12 -10   7  
  -6  16   2  
   5   3  16  
  -7   3  15  
  -2  -1  17  
  17  -1   2  
  -7 -15   3  
  -1  10  14  
   5 -16   2  
  14   2   9  
  -3  -4  16  
   4  -4  16  
  12  11   5  
  15   8   2  
   1  11  13  
  -7  -7  14  
 -15   2   8  
  -9  14   3  
  -4 -11  12  
   8   7  13  
   1  -2  17  
   7   6  14  
  15   7   3  
  -4  16   4  
   4   9  14  
  -6 -13   9  
  -4   9  14  
 -12   7  10  
  -9  12   8  
 -16   2   5  
  14  -6   7  
 -16  -2   5  
  17   1   0  
  -3  -7  15  
  -8   6  14  
   0  17   2  
   0   2  17  
 -10   5  13  
  17   2   1  
 -10   9  10  
   2  -2  17  
  -1   0  17  
   0   6  16  
  -5  -3  16  
   2   6  16  
  11  -5  12  
  10  12   7  
  17  -2   0  
  14   7   7  
  14  -8   6  
   3  12  12  
  -5 -16   4  
   3   5  16  
   5   4  16  
 -14 -10   1  
  17  -2   2  
  -8 -14   6  
   9 -11   9  
  -3  14   9  
  -2 -16   6  
  -1 -12  12  
   8  13   8  
   8  -1  15  
   8   2  15  
 -15   6   6  
  -1   2  17  
 -15   3   7  
  -4   4  16  
   8   9  12  
   2  11  13  
  10  -9  10  
   0  16   6  
 -13   0  11  
   9  -8  12  
 -13   6   9  
  16   1   5  
  13 -11   0  
  11  -8  10  
  -5  10  13  
  -1 -11  13  
  16  -4   4  
  -6   5  15  
  16   6   1  
 -11 -12   4  
 -13 -10   4  
  -6  -2  16  
  14  -4   9  
 -11   5  12  
   7 -12  10  
  -7 -14   7  
  -8 -10  11  
   5 -13  10  
   2 -11  13  
  -7 -12  10  
   3   4  16  
  12  12   1  
  12  -9   8  
  14 -10   1  
 -15  -7   3  
 -12  12   1  
   6  -5  15  
 -12  -1  12  
  -9 -14   3  
  12   3  12  
  -2   6  16  
  15   2   8  
   5  -2  16  
   5   2  16  
 -16   4   5  
  15   5   6  
  14  -2   9  
   1   1  17  
  -6 -15   6  
 -12  12   2  
   8  14   5  
  10   7  12  
 -13  -7   8  
 -12 -12   2  
   9  -6  13  
 -14  -8   6  
 -11  13   2  
  10   1  14  
   8  11  10  
 -14   7   7  
   8  -2  15  
  -4  -4  16  
  16   5   3  
 -12  11   5  
  -6  -9  13  
   8   8  13  
 -14   8   5  
 -16   0   5  
  -6   9  13  
  16  -3   4  
 -10  -5  13  
  11  -7  11  
  16  -5   3  
   7  15   4  
   8   6  14  
   1  16   5  
 -11   7  11  
 -10 -11   8  
 -17   1   1  
 -12   2  12  
  14   6   7  
  17   1   2  
   0  16   5  
  -4  10  13  
  -3 -14   9  
  16   5   0  
   9  -4  14  
  11 -12   5  
  -5 -14   8  
  -7   8  13  
 -10  -1  14  
   0 -10  14  
 -14   7   6  
 -16   1   6  
   8  -7  13  
 -15  -5   6  
  -5  16   2  
   7 -14   6  
  12   7  10  
 -12  -8   9  
 -11   9   9  
  -4  13  10  
   4  -9  14  
  16   4   4  
   2  17   2  
  -2   9  14  
   7 -15   4  
 -13  -5  10  
  -8  14   6  
 -17  -2   2  
  -4 -10  13  
   4 -15   7  
 -11  -2  13  
  -4 -12  11  
  11  10   8  
  -7  -4  15  
   9   4  14  
   2 -17   2  
  -6   8  14  
  16  -3   5  
  12   1  12  
 -12  12   3  
   8 -12   9  
  -8   7  13  
   0  11  13  
  -4  -9  14  
 -14  -7   6  
   2   2  17  
  12 -12   2  
  10  14   1  
 -13   7   8  
   2  14   9  
  -4 -16   3  
 -12 -11   4  
 -13  11   1  
   5  15   6  
   1  13  11  
  11  11   7  
   4  13  10  
 -12   0  12  
 -13   5  10  
 -16   4   3  
   6   8  14  
  -2  17   2  
  13  -8   8  
  -9 -10  10  
   8   1  15  
   7   8  13  
  14 -10   0  
 -15   6   5  
   7  14   7  
