 -18  34  75  
  47  21  67  
 -75  32  22  
 -20  77  28  
 -41  12  73  
  -9  49  68  
 -29  23  76  
  50  65  20  
  -7  14  83  
  40  23  71  
 -78 -33   3  
  78  -6  32  
 -74  20  36  
  -6 -81  23  
 -84 -10   5  
   8 -32  78  
  64  55   1  
 -30 -69  38  
  76  24  28  
 -82  16  11  
  -4 -81  24  
 -34 -14  76  
   2 -47  70  
 -55 -62  16  
 -33  70  34  
  65 -14  52  
 -21  76  30  
  12 -10  83  
 -77 -12  33  
  35   5  77  
  -4 -56  63  
 -42  67  30  
 -14  66  51  
  27  44  67  
 -54 -17  63  
  14  66  51  
  31 -78   8  
 -58 -60  13  
 -10 -43  72  
   4 -77  35  
 -77  30  18  
   6  40  74  
  78  -1  33  
 -47  -5  70  
 -54   2  65  
 -32 -67  40  
 -49  41  55  
 -35 -55  54  
 -64 -55   2  
 -45  40  59  
 -20 -77  28  
  -1 -71  46  
  22  53  62  
  67  43  28  
 -61 -58   7  
 -30 -39  69  
   1  77  35  
  61 -42  41  
 -34  69  35  
 -42 -70  22  
  31  31  72  
  74  40   9  
 -51  32  59  
  81 -16  19  
  41  66  33  
  51  59  32  
  66 -26  46  
  15 -46  69  
  35  71  29  
 -26 -80   5  
 -79  22  21  
  56  63   6  
  19  -4  82  
 -76 -34  13  
   6   5  84  
  16  62  55  
  55 -64   4  
  64  49  25  
  48  24  65  
  18 -81  16  
  17 -46  69  
  54  -3  65  
  23  38  72  
   1  82  20  
  50 -68   0  
  12  72  43  
  61 -47  35  
  -6  42  73  
 -42  28  68  
  27 -63  49  
 -30 -48  63  
 -51 -44  51  
  52 -36  56  
 -20 -80  18  
   9 -79  28  
  47 -69  14  
 -20  39  72  
  51 -31  60  
  81 -23   5  
 -72  33  30  
 -61 -29  51  
 -27 -77  21  
   4 -68  50  
 -62   8  57  
 -57 -18  60  
 -83  16   1  
  35  75  17  
 -25 -77  24  
  26   5  80  
 -80  26   6  
 -53 -66   1  
  54  45  47  
 -71 -42  19  
  36 -25  72  
  20  31  76  
  27  80   6  
 -44 -24  68  
 -12  11  83  
  76 -37   4  
  26  79  14  
  48 -19  67  
  10 -26  80  
 -82 -19   8  
 -68  50   1  
 -74  -2  41  
 -58 -52  33  
 -25 -48  65  
 -58 -49  37  
  53   3  66  
 -28 -16  78  
  -9  71  45  
  84  -3   6  
  37  75  11  
 -76 -17  33  
 -81  21  12  
 -63  55  13  
 -56  -4  63  
 -41  -1  74  
  30 -67  42  
  16  46  69  
 -35  38  67  
 -54 -49  43  
  14  72  42  
  23 -77  26  
  45 -57  43  
  24 -48  65  
 -10 -17  82  
 -16  58  59  
 -49   1  69  
 -54  55  35  
 -19  70  43  
 -36  29  71  
  53 -66   1  
  74   0  41  
 -56 -37  51  
  -2 -55  64  
 -76  37   2  
 -84 -10   2  
 -61  57  12  
  78   5  32  
  83 -11  13  
 -54 -63  15  
   3  68  50  
  -9  61  58  
 -51 -63  24  
  80  17  22  
 -20  73  38  
  65  53  12  
  13 -82  15  
  35  34  69  
  56 -59  22  
 -36 -19  74  
 -27  31  74  
 -23  -6  81  
  65 -54   0  
 -73 -31  29  
 -25  17  79  
 -12 -59  59  
 -12  58  60  
 -79 -17  24  
  70  -8  47  
 -62  28  50  
  63  31  47  
 -67 -43  28  
   3 -46  71  
 -37  17  74  
  49  39  57  
  40  60  44  
 -24  50  64  
 -43 -53  50  
 -55  33  55  
 -14  57  61  
 -27   1  80  
 -51  63  24  
  22 -62  53  
  69 -41  26  
 -42 -53  51  
 -44 -72   1  
 -56  41  48  
  56 -39  50  
  49  32  61  
 -19 -27  78  
  51 -67   8  
 -47 -63  31  
 -24  75  30  
  83  15   7  
  35 -21  74  
  -3  77  35  
  82 -14  16  
  82 -18  10  
 -60 -25  54  
  27  33  73  
   8  19  82  
 -54  -1  65  
  57 -56  27  
 -55  22  60  
   6  26  80  
 -61  46  36  
 -63  53  18  
 -71 -18  42  
   6 -29  79  
  51  31  60  
 -12  21  81  
 -75 -15  36  
  40 -10  74  
 -23  76  29  
  -9 -58  61  
 -81  23   6  
   9 -38  75  
   2 -73  43  
  26  27  76  
  83  12  10  
  35 -74  20  
 -17  80  21  
 -13  16  82  
 -78   5  32  
  64 -47  29  
  72 -17  41  
 -20  80  18  
  19  54  62  
 -33 -64  44  
 -27 -67  44  
 -27  78  18  
 -36 -76   6  
 -42 -72  14  
  52 -11  66  
 -14 -78  29  
  73 -34  26  
  82 -19   8  
 -55  53  36  
  19  24  79  
  10 -82  18  
 -68 -21  46  
 -50  49  47  
  17  -2  83  
  42  65  34  
   8  66  52  
  39   5  75  
  83  -3  15  
  29 -15  78  
  40   6  74  
 -69 -34  35  
  57  46  42  
  20 -68  46  
  27  31  74  
  84   8   5  
  43 -63  36  
 -47   8  70  
 -15   2  83  
 -27  80   2  
  78 -16  29  
   2 -63  56  
 -20 -49  66  
  13 -50  67  
 -80 -12  25  
  36 -66  39  
 -61  12  57  
 -64  -2  55  
  -6 -74  40  
 -57  54  31  
  -6 -54  65  
 -60 -30  51  
  70  19  43  
 -68 -36  35  
   4   7  84  
   7  45  71  
 -66 -12  51  
  42  73   7  
  16  58  59  
  -8  78  31  
  69  25  42  
  19 -82   4  
 -15  78  29  
  58  28  55  
  -7 -64  55  
 -84  -1   7  
  -4  15  83  
 -24  52  62  
 -71 -17  43  
 -66 -24  47  
