 -42  95  36  
  75 -80   7  
  48  77  62  
 -89 -65   1  
 -24  69  82  
 -81  10  74  
  87 -21  64  
 -44 -30  96  
  96  53   6  
  41  83  59  
  83 -65  32  
 -94 -20  54  
  56  71  63  
 -66  87  13  
 -77 -78   9  
  76 -11  79  
  29 -74  76  
 -78  74  24  
  33 -42  96  
   4 -92  60  
 -89 -44  47  
 -88 -45  48  
 -45 -88  48  
 -79  69  33  
 -39 100  25  
  71  71  45  
  47  65  75  
 -43  91  45  
  11  93  58  
 -81 -18  72  
 100 -46   0  
 -94 -46  34  
  43 -87  52  
 -94  24  52  
  83 -51  51  
 -99 -39  27  
  36 -40  96  
 -88  40  52  
  79 -51  57  
   6  83  72  
 -33  40  97  
   5  45 100  
 -40 -96  36  
  86  33  60  
 -67  -4  87  
 -72 -22  80  
 -54 -64  71  
 -57 -67  66  
  47  99  12  
 -74  61  54  
  60 -20  90  
 -45 -96  30  
 -30 -81  68  
  45 -90  44  
 -46 -97  23  
  57  94   8  
  82  27  68  
 -41  88  52  
 -32 -89  56  
  27 -84  66  
 -57  92  21  
  57 -16  93  
  87 -53  42  
  11  58  93  
  90   9  63  
  11 100  45  
 -49  38  91  
  15 -53  95  
 -39  86  56  
  75  36  72  
  51 -82  53  
 -75 -74  32  
 -59 -40  84  
 -80 -75  11  
 -89 -61  21  
  48 -13  98  
 -54 -50  82  
 -43  91  44  
  81  36  65  
 -76 -77  19  
  51 -76  61  
  95  14  54  
   3 -46 100  
 -49   8  98  
  86 -59  35  
  21  43  99  
  90  -6  63  
  35  67  80  
 -47  94  33  
 -97 -47  23  
 -32  78  71  
 -41 -71  73  
  52  97   6  
 -75 -38  71  
 -81   3  74  
 -85 -19  67  
 -87  31  60  
 -18  42 100  
  87  67   2  
 -40  72  73  
  62 -90  11  
  96   3  54  
  88  16  64  
  73 -67  48  
 -57  83  44  
 -80  11  75  
 -96 -14  52  
  98  48  13  
  64 -71  54  
 -67 -85  20  
 -33 -76  72  
 -29  55  91  
  98 -33  38  
  -6  95  55  
  51  35  91  
  69 -84  17  
  82 -59  44  
  82 -44  59  
 -53  67  69  
  62 -84  34  
 -31  61  86  
  58  85  39  
 -90 -19  60  
   6 -68  86  
 -35  79  68  
  80  57  49  
 -72 -52  65  
  21  63  88  
  85  27  64  
   4 -82  73  
 -33  52  91  
   5  97  52  
 -47  23  97  
 -83 -17  70  
 -51  97   8  
  96  51  18  
 -79  19  74  
  63 -87  23  
  97   6  52  
  75 -74  31  
  94   7  57  
 -58 -11  93  
  -2 -52  97  
  70  41  74  
  76  53  59  
 -62  54  73  
  79 -37  67  
   7 -99  48  
 -83 -68  24  
  71 -13  83  
  60 -91  16  
 -95   9  55  
  65 -78  42  
 -87 -60  30  
  -5  88  66  
 -65  34  82  
 -47  40  91  
  -3 -63  90  
  77 -64  46  
  36  66  80  
 -67 -78  39  
 -94  12  56  
 -77  58  53  
 -40  47  91  
 -89  48  43  
  96  46  28  
  67  76  43  
  76  78  14  
   0 -73  82  
  83  51  51  
 -33 -83  64  
  27  49  95  
  29  55  91  
 -73 -82   6  
 -88  66   5  
  94  48  31  
  25 -82  69  
 -46  86  51  
 -53 -71  65  
   1 -55  95  
  68 -11  86  
  43  68  75  
  82 -22  70  
 -82 -72  15  
 -83  72   1  
 -72 -83   2  
  -2 -73  82  
  96  -8  53  
 -99  25  41  
  48  19  97  
 -71  36  76  
  65 -44  77  
  55  -5  95  
  92 -54  26  
 100 -26  38  
  42 -17 100  
 -11 -86  68  
 -26 -58  90  
  29  95  47  
  25  57  91  
 -100 -32  32  
  91 -37  50  
 -20  84  68  
  82  -7  73  
  79  76  11  
  41  96  34  
 -58 -50  79  
 -51  48  85  
 -34  46  94  
  -2 -62  91  
  90 -44  45  
 -75  38  71  
  50  95  25  
  60 -92   1  
  -1 -88  66  
   9 -78  77  
  99 -36  32  
  58  92  18  
  37 -41  95  
  43 -45  91  
 -37  95  41  
 -65  69  56  
 -41  77  67  
 -23 -98  44  
 -67 -85  19  
  59 -70  61  
  48  78  61  
 -27 -46  96  
 -14 -50  97  
 -41 -63  80  
 -87  30  60  
 -85   8  69  
 -63 -32  84  
  90  50  39  
 -96 -21  49  
  66 -29  83  
   0  82  73  
   6  99  47  
 -40  53  88  
 -81  74   5  
   6  53  96  
 -97 -49  17  
   7  98  49  
 -65 -68  57  
  92  33  50  
  30  94  49  
  28  85  64  
  44  28  97  
 -97 -39  35  
 -79  75  15  
 -80  75   5  
 -22  99  42  
  77  77  17  
  95  55   7  
  74  81   3  
  62 -91   3  
 -46 -76  65  
  10  89  64  
  80 -51  56  
 -84 -71   3  
 -14  46  99  
  69  67  53  
  82  71  19  
 -67  56  67  
  59 -90  22  
   5 -81  74  
  61 -88  25  
  45  29  96  
  38 -100  26  
  53 -87  41  
  92 -37  48  
  17  75  79  
 -78 -77  11  
  67 -21  85  
 -14  80  74  
  61  16  90  
 -63   9  90  
  59 -50  78  
 -34  44  95  
  54  94  20  
  56 -85  42  
 -59  41  83  
  97  44  27  
  80  74  14  
 -44  20  99  
  86 -55  41  
 -53 -32  91  
  75 -75  30  
  64  57  69  
  99 -37  31  
 -74 -61  54  
 -22 -88  62  
 -43 -91  45  
  82  21  70  
  77  77  15  
  17 -53  95  
 -85 -70   5  
  79  72  26  
  96  48  24  
 -65  28  84  
