  21 -17   6  
   2 -11  25  
 -12 -13  21  
 -12 -24   5  
  22 -15   6  
 -11  -7  24  
   8   8  25  
 -11  18  18  
  25   0  11  
  -8  -8  25  
 -16 -10  20  
 -12  15  20  
  27  -3   4  
   8 -18  19  
  27   2   4  
  13  22  10  
  24 -12   6  
  20  19   3  
 -26  -6   6  
  18   5  20  
  -8 -23  13  
  23   2  15  
  15  22   6  
  -5  26   7  
  19  20   1  
  24  12   6  
 -13  -5  24  
   4   0  27  
  -3  27   5  
  23  12   9  
  25  10   6  
  13  12  21  
  27  -4   3  
   5   8  26  
  -7   5  26  
   0  20  19  
 -25 -11   4  
  -5  -4  27  
 -13  24   1  
 -19  -1  20  
 -11  24   8  
   9  23  12  
   3  26   8  
 -21  -2  18  
  23  -6  14  
  -5  12  24  
  20 -16  10  
  -7  23  13  
  14 -20  13  
  24   7  12  
  -2   4  27  
  20  -6  18  
  19   1  20  
 -23 -15   3  
 -24 -12   6  
 -19  13  15  
  27  -5   3  
   0  11  25  
  11  24   8  
 -20  10  16  
 -22  10  13  
   9 -26   1  
  11   2  25  
  -9  -2  26  
 -13 -24   2  
  -1  23  15  
  27   4   4  
  -6  20  18  
 -27  -2   5  
 -21 -15  10  
  10 -24   9  
 -12 -24   6  
   8  11  24  
  -8  13  23  
 -19  19   6  
  21  16   7  
  -6  25  10  
  16  19  12  
 -24 -12   5  
  11   3  25  
  12  16  19  
  -8  18  19  
  17  16  15  
  13 -16  18  
  19 -20   0  
  22  -6  15  
 -16  -2  22  
  23 -13   7  
 -12  11  22  
  -1 -24  13  
 -25  -7   9  
 -20   5  18  
  19   8  18  
  21 -16   7  
  20 -19   0  
  27  -6   1  
   2  26   8  
  12  -9  23  
  -8 -26   3  
 -14 -20  13  
  18  20   6  
   1  18  21  
 -27   3   3  
   2 -15  23  
   8  17  20  
  16 -17  15  
 -24  -3  13  
 -11  23  10  
 -23   1  15  
 -14  15  18  
  -2 -16  22  
  -9  15  21  
 -27   5   4  
 -19  10  17  
  18  -9  19  
 -18 -11  18  
  -6  -7  26  
  20  18   6  
  11 -15  20  
  15  13  19  
  -5  19  19  
  27   1   6  
  -6 -26   7  
 -21   9  15  
  22 -10  13  
  17   8  20  
 -13   2  24  
 -20   6  18  
 -13  20  14  
  22 -16   4  
   9  18  19  
 -17  -9  20  
   6  21  17  
  25  -8   8  
 -23 -13   7  
 -18 -16  13  
  -3 -19  20  
   2  -8  26  
   0  12  25  
  14   5  23  
   5  24  13  
  10 -21  15  
  13 -19  15  
 -17 -10  19  
 -16 -13  18  
  -1  18  21  
  -2  -8  26  
  27  -5   4  
  -2  -6  27  
 -25 -11   3  
  13  24   3  
 -20  19   3  
  16 -22   3  
   8 -16  21  
 -20  18   6  
  -2   9  26  
  -5  22  16  
 -13  12  21  
  -8  16  21  
 -16 -21   7  
 -13   1  24  
  14  21  11  
  25  -9   7  
 -15 -23   3  
  26   4   8  
 -27  -5   2  
  -5  20  18  
  10 -22  13  
   5 -14  23  
 -18  -2  21  
  24   7  11  
   7  22  15  
   6  19  19  
  12  25   0  
 -12  -1  25  
   0   5  27  
  -6 -21  17  
   6  18  20  
  18 -13  16  
  12 -24   6  
 -22  16   5  
  19  15  13  
  27   5   0  
   8   4  26  
  15  -7  22  
 -22 -16   3  
  19  -1  20  
  -3  26   9  
  -4   3  27  
   2  27   6  
  -6   0  27  
   0 -23  15  
  17 -21   4  
 -20 -15  12  
  18  21   2  
 -19  20   2  
  21 -16   8  
 -14 -11  21  
  -9  25   8  
 -23   5  14  
 -16 -17  15  
  -7 -26   5  
 -12  24   7  
 -21 -16   8  
  11  -3  25  
   4  22  16  
 -20 -14  13  
  21  11  14  
 -20   9  17  
  25  11   3  
  -5  -8  26  
   2  11  25  
 -16  22   5  
  10  13  22  
  23   6  14  
  -2  26   9  
 -17  21   4  
  -9 -15  21  
  -3  25  11  
 -18  13  16  
 -23  -7  13  
   9   8  25  
 -11 -21  14  
  -8   4  26  
  14  22   9  
  14  -6  23  
  -1  25  11  
   8  -4  26  
  -8  -3  26  
   6   1  27  
  15  19  13  
  -1  -6  27  
  11  10  23  
  21   4  17  
 -14  14  19  
 -21  15   9  
  -3 -27   4  
 -26  -8   4  
 -23   2  15  
  -4 -22  16  
  -4 -16  22  
  15 -23   4  
  10  11  23  
 -14 -21  11  
  11  -8  24  
 -11 -25   3  
  25  12   1  
 -26  -5   7  
 -15  -4  23  
 -13  24   5  
  18  18  11  
   0 -27   6  
 -10  15  21  
 -13  -1  24  
  10 -17  19  
  -7  -6  26  
  -6  22  15  
  15  -6  22  
 -25  11   2  
  23  15   3  
   0  24  13  
 -11 -24   7  
   3  23  15  
   3  27   4  
 -13 -23   8  
  13   2  24  
 -25  11   3  
   1   4  27  
 -10  17  19  
 -10 -20  16  
  27   4   1  
 -12  18  17  
  14 -13  20  
  14  22   8  
   5 -10  25  
  23 -15   2  
   3  -9  26  
 -26   6   6  
   5 -26   8  
  21   5  17  
   5  10  25  
  15 -23   3  
  -5  27   3  
 -12 -19  16  
 -14 -15  18  
  -6 -18  20  
  23 -15   3  
   1 -27   6  
  -8 -16  21  
 -12 -11  22  
  17 -15  16  
  -6 -12  24  
 -10 -18  18  
  16  22   3  
 -24  13   2  
 -12 -24   7  
 -17  17  13  
  17 -21   6  
  23  -5  14  
 -21  11  14  
