 -77  65  74  
 -89 -87  13  
 -91  31  80  
  91 -12  85  
  63  49  96  
  48  59  99  
  85 -85  35  
 -38 -100  65  
  24 -91  82  
 -83  89  28  
  77  82  54  
  95  81   9  
 -81  77  56  
  88  60  65  
  88  -3  89  
 -47  74  89  
 -87  56  70  
  87  -4  90  
 -65 100  38  
 -22  76  97  
 -17  94  81  
  57 -83  74  
  83 -93  11  
  85  81  43  
 -93 -42  72  
  78 -50  84  
 -80  25  93  
 -86  79  45  
 -93 -17  82  
 -94 -21  80  
 -88   4  89  
 -82  54  77  
  43 -94  70  
  57 -95  58  
 -95  51  63  
 -43 -97  66  
 -81 -15  94  
 -59 -77  79  
 -54  61  95  
  92  84  12  
  98  74  22  
  68 -89  56  
 -25 -81  92  
  55 -92  64  
  96 -78  19  
  77 -66  73  
 -96  66  45  
 -66 -49  94  
 -58  95  57  
 -32 -81  90  
 -10  83  93  
  93  74  38  
  66  82  67  
 -88 -26  85  
 -94 -58  58  
 -86  -3  91  
 -66 -48  95  
  65  43  98  
 -70 -70  76  
 -83 -36  86  
  98  22  74  
 -22  87  87  
 -82   4  94  
 -97  -3  79  
 -17 -83  92  
 -90  24  83  
 -48  99  59  
 -33 100  67  
  52  69  90  
 -66  89  58  
 -63  65  86  
 -93  70  45  
  85  43  81  
 -97 -21  76  
 100 -75   7  
  88 -41  79  
   6 -82  94  
 -79  35  90  
  80 -61  74  
  83 -50  79  
 -82  94   7  
  72 -84  58  
 -95 -36  73  
  89  39  79  
 -69 -68  79  
  41  63 100  
 -69  33  99  
  72 -82  61  
 -99  74  17  
  96 -79  14  
 -69  83  63  
  65  77  74  
 -100 -13  74  
 -89 -18  86  
  84  47  80  
  81 -95   0  
  79  39  89  
  99 -29  71  
 -91  20  83  
 -75 -88  47  
  10 -93  83  
 -67  53  91  
  59 -89  65  
  89 -34  81  
  70  94  43  
  95 -68  44  
 -80  38  88  
  57 -97  54  
  88 -31  83  
  54  62  94  
  74  91  43  
 -95  13  80  
  23  77  96  
  21 -82  92  
 -52 -62  95  
  75  97  24  
  18  92  83  
  89 -54  69  
  29 -78  93  
  22 -74  98  
 -76 -14  98  
 -83 -56  75  
  88  88   9  
 -62 -42 100  
 -44  93  71  
 -100  18  73  
 -60 -99  47  
 -98 -39  67  
 -12  91  85  
 -48 -88  75  
  87 -71  55  
 -37 -77  91  
  86 -85  32  
 -79  39  89  
  -9 -85  91  
 -78 -87  44  
 -90  23  84  
  80   6  96  
  38  80  88  
 -77  82  54  
  28 -97  74  
  37 -72  95  
  69  83  63  
  91 -24  82  
 -62  83  70  
 -73 -39  94  
  13  94  81  
 -68 -98  38  
 -84 -90  23  
  95  26  77  
 -89  33  81  
 -56  82  76  
  97  18  77  
 -14 -89  87  
 -33  67 100  
 -92 -33  78  
  90  72  49  
 -78  94  26  
 -91  75  42  
 -97   0  79  
 -45  73  91  
  99  52  56  
 -85  79  46  
  90  71  50  
 -88 -72  52  
 -100 -44  61  
 -81  75  59  
  74 -45  90  
  -2 -76  99  
  33  70  98  
 -51 -69  91  
 -71  90  50  
  -5  93  83  
  63 -83  69  
  72  90  49  
 -81  24  92  
 -42  93  72  
  88 -50  73  
 -69 -95  43  
  47 -82  82  
 -59  95  56  
  80 -55  79  
 -36 -87  82  
  80 -92  27  
 -79 -45  86  
  56  75  83  
 -97 -49  62  
 -75  20  98  
  67  93  50  
  93  75  36  
  75 100   0  
 -96  63  49  
 -44 -99  62  
 -92 -12  84  
 -91 -65  56  
  97 -30  73  
 -77  70  69  
  75 -48  88  
 -59  61  92  
 -98  21  75  
 100  62  42  
  79 -96  13  
  21 -72 100  
  78  84  50  
 -88  62  64  
  55 -73  85  
 -93  78  29  
   5 -96  80  
  45  65  97  
  97 -60  51  
 -82  17  93  
 -85 -80  45  
  78  82  53  
  31  82  89  
 -81  67  68  
 -63 -90  60  
  88 -18  87  
 -98 -65  43  
  -8 -98  77  
  -6  95  81  
 -26 -99  72  
 -39 -99  66  
 -79  96  12  
 -89 -86  17  
 -68 -42  96  
  13  86  90  
  22  92  82  
 -75 -100   7  
  43 -92  73  
  99  76   2  
  75  31  95  
 -34 -75  94  
 -85 -73  55  
  50 -84  78  
  73  40  93  
 -91 -83  21  
 -61  57  93  
 -70  69  77  
 -78  66  72  
 -59 -85  70  
  69  30 100  
  67  82  66  
 -41  67  97  
  68 -94  47  
  48  85  78  
 -27 -91  81  
 -65 -95  49  
 -76  63  77  
  92 -58  62  
  23  84  90  
 -61  73  81  
  81  80  52  
 -70 -49  91  
 -98  69  35  
  17  99  74  
 -89 -61  63  
  87 -60  67  
  79 -66  71  
 -89 -44  76  
  64 -63  87  
 -91  62  59  
  91 -84  16  
 -29 -87  85  
 -80   8  96  
 -77  93  33  
  79 -88  40  
 -54 -94  62  
  84 -43  82  
   2 -79  97  
  16  75  99  
  86 -91   3  
 -99 -51  57  
   0  89  88  
  83 -80  48  
  94 -67  48  
 -40 -68  97  
 -34 -88  82  
  75  70  71  
  93 -83   9  
 100  45  60  
 -79 -33  91  
  76 -99   6  
  82  47  82  
  37  97  70  
  80 -78  56  
 -78  32  92  
 -96 -39  70  
  78 -97  12  
  87  34  83  
  94  82   5  
 -92  46  71  
  44 -94  70  
 -94 -16  81  
  92  47  70  
  55 -97  57  
 -48  80  83  
  98  62  46  
  57  72  85  
  16 -99  75  
 -91  80  31  
