 -91 -93  68  
 -75 -91  88  
 -99  91  60  
  82  93  79  
 -93  86  75  
  96  56  96  
 -73  84  96  
 -84 -73  96  
 -81  75  97  
 -96 -55  97  
 -97 -77  79  
  93  58  98  
  85  77  92  
 -85  78  91  
 -85  79  90  
 -73 -86  94  
 -64 -92  95  
  57 -96  96  
 -76  76 100  
 -85 100  66  
 -98 -79  76  
  93  84  77  
  72  84  97  
  58 -93  98  
  91  66  95  
 -100 -92  56  
  89 -68  95  
 100  91  58  
 -99 -85  68  
 -94  97  58  
 -93 -98  58  
 -91  80  83  
  61  95  94  
  97  80  76  
 -89  86  79  
 -96  96  57  
  88  89  77  
 -99 -80  74  
  84 -87  84  
  89  94  70  
 -80 -86  88  
  94  67  91  
 -85  72  96  
 -94  66  92  
  84 -89  81  
 -65  87  99  
 -54  99  94  
  91 -75  88  
  97 -72  84  
 -100  73  79  
 -68 -89  95  
 -85 -79  90  
  71 -88  94  
  74  80  99  
 -71  94  88  
  67 100  84  
  64 -96  91  
 -97 -91  63  
 -73  96  84  
  89 -98  64  
 -85 -76  93  
  68  98  86  
 -79  75  99  
 -93  92  67  
 -90  71  92  
 -64  91  96  
 -87 -80  87  
 -62 -99  89  
 -60  99  91  
 -96  60  94  
 -96 -69  87  
  93 -61  96  
  90 -95  67  
  96 -66  90  
 -77  94  83  
 -84 -77  93  
 -81 -82  91  
  99 -53  95  
 -71 -100  81  
  91  91  71  
 -95 -98  55  
 -53  96  98  
 -79 -78  96  
 -83  73  97  
  94 -70  89  
  80 -99  74  
  84  99  69  
 -77 -97  79  
  92  83  79  
  97  87  68  
  83  79  92  
  98 -74  81  
 -72 -99  81  
 -70 -88  95  
  95  60  95  
 -81  74  98  
 -88  96  68  
 -77  96  80  
  68  84 100  
  89 -85  80  
  78  87  89  
  68  86  98  
  83  95  75  
 -99  69  84  
  94 -53 100  
 -72  95  86  
 -95  78  81  
  58  95  96  
  97 -82  74  
 -59  90 100  
 -75  91  88  
  67 -89  96  
 -98 -64  89  
  79 -86  89  
  98 -80  75  
  68 -97  87  
 -100 -83  69  
  55 -99  94  
  90  63  98  
 -77 -75 100  
 -82  92  80  
  69 100  83  
 -78 -98  77  
  85 -98  69  
 -100  95  51  
  91  63  97  
  86 -68  98  
 -89  75  90  
  78 -83  93  
  81  72  99  
 -71  99  82  
 -61 -100  89  
 -91  66  95  
 -99 -93  56  
  97  55  96  
  86  78  90  
  83 -95  75  
 -92 -99  58  
 -98 -82  73  
 -56 -96  96  
 -75  97  81  
  77  96  80  
  99 -94  55  
 -98 -73  82  
  86 -89  79  
  93 -79  82  
  90  64  97  
  78  90  86  
  68 -99  85  
 100  71  81  
 -94 -53 100  
  96 -93  61  
  71 -89  93  
  72  92  89  
  79  90  85  
 -74 -95  84  
 -90  77  87  
 -99 100  43  
 -97  49  99  
 -84  85  86  
 -68 100  84  
 -99  61  90  
  79  82  93  
 -88  64  99  
 -73 -82  98  
 -97  59  93  
 100 -54  93  
 -89  92  72  
 100 -74  78  
  64 -99  88  
 -78  90  86  
 100  94  52  
 -100  97  47  
 -82  81  91  
  97  97  53  
 -97  72  84  
 -93  83  78  
  98 -75  80  
 -91 -90  72  
 -63  93  95  
  79 -93  82  
 -94 -58  97  
 100  55  93  
 -93  75  86  
 -85  97  71  
 -91 -99  60  
  87 -64 100  
  58  99  92  
  56  99  93  
 -69 -87  96  
 -86  65 100  
  87  63 100  
  56  97  95  
  69 -86  97  
  99 -80  74  
 -91 -98  61  
 -97 -75  81  
 -54 -96  97  
  91 -91  71  
  64 -87 100  
 -99 -45  99  
  64  87 100  
 -100 -90  59  
  68 -86  98  
  71 -99  82  
 -79  80  95  
 -81 -99  72  
 -80  80  94  
 -88 -70  95  
 -58  95  96  
  99  49  97  
 -89 -98  64  
  89  77  88  
 -75 -98  80  
  72  87  94  
 -95  87  71  
  96 -84  73  
 -97  65  89  
 -71  95  87  
 -94  86  73  
 -100  83  69  
 -71 -88  94  
  96 -86  71  
  85  68  99  
  94 -97  58  
 -93  99  56  
  81 -80  93  
  82  79  93  
 -61 -93  96  
 100  72  80  
 -80  75  98  
  99  76  78  
  73 -85  95  
  85  92  77  
  71 -93  89  
  77  87  90  
 -73 -95  85  
  84  85  86  
 -85  89  80  
 -80 -80  94  
  94 -85  74  
  42 -99 100  
 -91  81  82  
  52 -100  94  
  98 -95  54  
  99  59  91  
  91 -86  77  
  76  88  90  
  99  72  81  
  77 -85  92  
 -93 -80  81  
 -55  98  95  
 -95  99  53  
  58  91 100  
  93 -91  68  
 -92 -93  67  
 -78  95  81  
 -94  77  83  
  94 -76  84  
  68  89  95  
 -80 -91  83  
  92 -98  60  
 -93  67  92  
 -78  83  93  
 -91  92  70  
 -85  68  99  
  65 -100  86  
 -86 -75  93  
 -94 -61  95  
  99 -69  84  
 -85  74  94  
 -69  96  87  
  98 -60  92  
  84  80  90  
  97  89  65  
 -82  90  82  
  74  78 100  
 -91 -82  81  
 -68  96  88  
 -67 -98  87  
 -94 -83  77  
  93  94  64  
 -91  58 100  
 -88  78  88  
  91 -76  87  
 -68 -90  94  
 -94 100  52  
  99 -81  72  
  91 -61  98  
 -54 100  93  
 -79 -96  78  
  95  97  56  
  92 -89  72  
  84  96  73  
  86 -90  78  
 -90  75  89  
  83  78  93  
  94  93  64  
 -100 -85  66  
  82 -92  80  
