  45 -59  10  
 -69 -26  15  
  -9  73  15  
 -51  54  10  
  30   1  69  
 -62 -42   2  
  40  -6  63  
  18  69  24  
  30  59  35  
 -55  18  48  
 -28  67  19  
  35  17  64  
 -52 -50  20  
 -37 -56  33  
 -65   4  37  
  59  21  41  
  -8 -70  25  
 -70  16  22  
  32  68   3  
 -22  23  68  
  55  28  43  
 -42  62   5  
  -5  24  71  
  44  40  46  
  24 -58  41  
  -2 -21  72  
 -29  18  67  
   3  52  54  
  26 -58  40  
   8 -62  41  
  74   8   9  
 -68  -4  31  
  32  67  12  
 -37 -42  50  
  -7  15  73  
  -4 -50  56  
  68   3  32  
   9 -26  70  
  43 -61   9  
  -5  59  46  
 -18  38  62  
 -40 -56  30  
  30  52  45  
 -40   7  63  
  44  58  19  
 -53 -43  31  
  -5  51  55  
 -40  47  43  
 -25  19  68  
  63  36  18  
 -50  27  49  
 -60  42  17  
  59  38  26  
  66  25  26  
   0  62  42  
   3  68  31  
  11  51  54  
 -30  68   9  
  41 -61  15  
  -7 -38  64  
 -10  70  25  
  56  -5  50  
 -21  68  24  
   2  24  71  
  30  68   8  
 -72  16  14  
 -21  57  44  
  64 -38   8  
  42 -55  29  
 -67   5  33  
  13 -26  69  
  42  -3  62  
 -65   6  37  
 -68 -31   6  
  32 -67   9  
 -70  24  11  
 -63 -27  31  
 -62  34  25  
  32  11  67  
 -66 -31  17  
  43  33  52  
  16 -68  27  
 -17  13  72  
  74  12   2  
  33  14  66  
  37  35  55  
 -61 -22  38  
 -21  72   2  
  27 -16  68  
  12 -35  65  
   1 -70  27  
  -2  41  63  
  28 -61  33  
 -73 -10  13  
   9  58  47  
   4 -74  13  
  74  -8   8  
 -43 -53  31  
 -25  16  69  
   3 -41  63  
  36  56  34  
  -4 -72  21  
 -72 -17  13  
 -66  33  12  
 -58 -18  44  
 -44 -35  50  
  46   1  59  
 -25 -37  60  
   9   6  74  
 -55 -51   6  
  50  42  37  
  -8 -73  15  
 -70  24  12  
 -41  10  62  
  59 -28  37  
 -10 -71  22  
  22  65  30  
  13 -35  65  
 -46  16  57  
  34  28  61  
  46 -17  57  
  36  52  40  
  49  30  48  
  -1  -2  75  
 -42  62   7  
   9 -74   6  
 -40  50  39  
  12 -54  51  
  45 -59  12  
 -35 -14  65  
 -37 -21  62  
  10  74   5  
  59 -46   8  
  44  61   0  
 -53 -12  52  
  21  29  66  
  50  56   5  
  65   9  36  
 -47  58   4  
  24 -13  70  
 -33  56  37  
 -13  29  68  
 -62 -31  28  
 -28  61  34  
 -37  48  44  
   6 -64  39  
  64  37  13  
  24 -70  11  
  -5 -59  46  
   0 -70  27  
  71   1  24  
  56  50   4  
  40 -21  60  
  47  -8  58  
  44  42  44  
  26  55  44  
 -27 -48  51  
 -45  42  43  
 -40  18  61  
 -71 -21  12  
 -32  47  49  
 -39 -63  10  
  32  25  63  
  37 -49  43  
  36  49  44  
 -54 -51   9  
 -37  51  41  
  30  57  38  
   6 -69  29  
 -64 -39   4  
  37   4  65  
  59  29  36  
  37 -33  56  
 -49  56   8  
  61  41  14  
  -9 -32  67  
  16   8  73  
  57  40  28  
  -5  60  45  
  15  22  70  
 -14  67  31  
  17  50  53  
  52 -50  21  
  62  27  32  
 -24 -70  13  
 -12 -65  35  
 -49  52  23  
  13  29  68  
  32 -68   3  
  33  67   5  
  20 -72   7  
 -68 -22  23  
  15  39  62  
  38  11  64  
 -67 -34   1  
 -65  30  23  
 -33 -61  28  
  23  67  25  
  51  54   9  
 -34 -22  63  
  -4 -16  73  
 -74 -10   8  
 -56 -41  29  
 -34  36  56  
  64  13  37  
  36  61  25  
 -72   2  21  
 -11 -39  63  
 -41 -52  35  
 -44  51  33  
 -49 -35  45  
  -8 -41  62  
 -44 -48  37  
 -49  38  42  
 -13 -61  42  
  43  61   9  
 -37  45  47  
  37 -17  63  
  -9  38  64  
 -56  50   3  
  17 -33  65  
 -73   6  17  
  33  43  52  
  25  36  61  
  52  43  33  
 -64 -36  16  
 -32 -53  42  
  56  -4  50  
  65  -3  37  
  21   5  72  
  22 -42  58  
 -43  50  36  
  54 -50  14  
  37 -54  37  
  22 -67  26  
 -23  64  32  
 -32 -57  37  
   8 -70  25  
 -31 -24  64  
  33  65  18  
 -46  57  17  
 -71  24   6  
  -8 -74   7  
  32  27  62  
 -70  15  23  
  -1 -56  50  
   0 -69  30  
 -31  24  64  
 -40  55  32  
  18  15  71  
  44  54  28  
   4  20  72  
  29  69   1  
 -70  -4  26  
 -71   2  24  
  41  63   3  
 -56 -13  48  
  72   4  21  
 -47  40  43  
  57  38  31  
  73  17   5  
  -6  62  42  
  14  48  56  
 -39  19  61  
  61 -36  25  
  60   8  44  
 -17   3  73  
 -69   6  29  
  30  69   0  
  74   7  11  
  53 -33  42  
  21 -45  56  
  12  66  33  
  -4 -67  34  
 -14 -72  16  
 -32  65  20  
   7 -73  15  
  71  24   4  
 -50 -56   1  
 -67  -8  33  
  67  -9  33  
 -10 -62  41  
 -48  42  39  
 -18 -38  62  
 -57  24  42  
  50  52  20  
 -36 -47  46  
 -60  37  26  
  -6 -31  68  
  66 -34  10  
 -41  35  52  
 -54  51   9  
  46  55  22  
  11 -14  73  
  52  18  51  
  59  36  29  
  42 -22  58  
  26 -27  65  
  73  -1  17  
  13  -3  74  
