  53  77  31  
 -88  29  34  
 -25 -86  41  
 -94 -28  11  
 -37 -53  74  
 -39 -89  15  
   2  25  95  
  62  67  37  
  26 -91  28  
 -93 -11  30  
   9  76  62  
  -8 -86  47  
 -65 -16  72  
  69  52  47  
 -69 -68  19  
 -65  12  73  
  47   7  86  
 -25  79  53  
  97 -18   1  
 -63 -63  42  
 -80 -31  48  
  -8  45  87  
 -40 -78  45  
 -48  34  79  
 -84  27  44  
 -60 -73  28  
  79  53  25  
 -76 -26  57  
 -54  48  67  
 -71  68   5  
  37  91   3  
  81  -6  56  
 -24  95  12  
  90  29  27  
 -11  -1  98  
  57  39  70  
 -65  69  26  
 -96 -11  20  
 -97  13   9  
  37 -83  38  
  96  21   5  
 -90 -29  28  
  76  57  26  
 -23 -82  49  
 -49  76  39  
   0  82  55  
  94  21  20  
 -93 -19  27  
  12  97  13  
  28 -37  87  
  45 -12  87  
 -84 -33  40  
  32 -38  85  
  90  27  30  
 -24  90  32  
  72 -64  20  
  30  90  26  
 -84  24  46  
  12 -53  82  
  66  -1  73  
   0 -79  59  
  29  36  87  
  79   2  59  
  11 -72  66  
 -61  -8  77  
 -11 -23  95  
  84  26  44  
  11 -98   2  
  32  13  92  
 -82  51  20  
  82  48  26  
 -58 -73  31  
  61 -62  46  
  34  50  78  
  96  15  16  
   9 -82  54  
  28  32  89  
  55 -18  80  
 -83  52  10  
 -25 -80  52  
 -86  36  32  
  88  22  39  
 -83  50  18  
 -12  65  73  
 -68  46  54  
 -32 -57  74  
  64 -73  16  
 -72  52  43  
   7 -72  67  
  -3 -50  85  
 -70 -69   7  
 -11  24  95  
  36 -70  59  
  85  46  18  
  47 -84  21  
  11 -94  27  
  52  78  31  
  39  55  72  
 -91  22  31  
  94  11  28  
  72 -35  57  
 -60 -58  52  
  63 -61  45  
  -3 -21  96  
 -72 -36  57  
  53  76  34  
  47 -63  59  
  39  89  16  
  58  31  73  
 -22  69  67  
  16   2  97  
  54  15  81  
   7 -47  86  
   8  80  57  
 -26 -56  77  
  71  59  35  
 -70  68  12  
 -87  46   8  
 -86 -37  30  
  69 -17  68  
  97  11  14  
  62  60  48  
 -70 -22  66  
 -77  18  59  
 -55 -28  77  
 -98   6   6  
  35  78  49  
  31 -47  81  
 -72  40  54  
 -94  30   3  
 -60   0  78  
  15  42  88  
  67  -3  72  
  22  78  56  
 -98 -10   6  
  94  29   2  
  -3  89  42  
 -44 -87  14  
 -52 -20  81  
 -11  12  97  
 -72   8  67  
  24  78  55  
 -32 -87  33  
 -67  61  38  
  47 -86   7  
  51 -24  81  
 -75  34  54  
  56 -81   3  
 -65  74   6  
 -58 -79  11  
 -49  68  52  
 -70  55  42  
  59  60  51  
  11  94  28  
 -43 -53  71  
  68  18  69  
   4  -8  98  
 -11  52  83  
  87  45  12  
  89 -19  38  
  57  75  29  
  60 -72  31  
 -89 -39  17  
  38  91   2  
  22 -78  56  
 -57 -36  72  
  -4  96  22  
   1 -98  11  
  70  51  47  
 -56 -17  79  
  60  77  13  
 -58  78  17  
 -88 -44   7  
 -24 -10  95  
  80 -45  36  
  57  10  80  
  79 -32  49  
 -92   3  35  
 -80  18  55  
  -7  65  74  
  48  86   3  
 -14  51  83  
 -45 -45  75  
  -2 -44  88  
 -65  11  73  
 -40 -89  12  
  -3  74  65  
   4  95  26  
  89   2  42  
 -11 -41  89  
  -7  78  60  
  74  11  64  
  40  90   2  
   3 -50  85  
 -10  95  25  
   7 -28  94  
 -65  25  70  
 -11 -80  56  
  97   0  17  
 -62  72  26  
  41  62  65  
  44 -52  71  
  97   0  18  
 -43 -86  22  
  79 -15  57  
 -73  45  48  
  18  95  18  
 -45 -83  28  
  47 -78  38  
  75  25  59  
 -47 -50  71  
 -92  -6  35  
 -30 -26  90  
  96 -16  14  
  41 -38  81  
  39  21  88  
  58  79   7  
  38 -86  30  
  80  46  35  
  65  71  22  
  73  32  58  
  54  82   5  
  75 -63  11  
 -57  79  13  
 -36 -69  60  
  45   9  87  
  -2  42  89  
 -72 -28  61  
  -3 -94  30  
 -27 -52  79  
 -98  -7   5  
   5  98   6  
  91   9  36  
 -94 -23  17  
  13 -69  69  
  55  32  75  
 -92  -7  35  
  89  -9  41  
 -20  90  34  
   9  49  85  
 -18  27  93  
  86  22  43  
  61   8  77  
 -11 -27  94  
 -16 -86  45  
  47  65  57  
  74 -19  62  
  86 -48   3  
  67  72   7  
   5  91  38  
  84 -16  49  
 -33  64  67  
  18  27  93  
  64  54  52  
  13  36  91  
 -84  49  16  
   4 -87  46  
 -75  43  47  
  -6 -42  89  
 -25 -70  65  
  -4 -84  51  
  22  95  15  
  31  32  88  
 -28 -91  26  
 -93   5  32  
 -16  59  77  
  -1 -50  85  
  36  10  91  
  44 -75  46  
   6  77  61  
 -89  42   3  
  82 -53  14  
  10 -82  54  
  80  57   5  
 -67   2  72  
   1 -93  32  
 -25  95   4  
 -73 -35  56  
  62 -68  35  
  41  70  56  
  86  38  30  
  30  88  32  
 -72 -37  56  
 -18   2  97  
 -21 -43  86  
  11 -36  91  
  20  93  26  
  83  33  41  
  37   9  91  
 -12  18  96  
  78  54  26  
  93   0  32  
 -87  41  21  
 -10  87  45  
  72 -62  26  
  67  72   5  
  49  17  84  
 -33  12  92  
  93  29  13  
  59  64  46  
