  27  -8  36  
 -16  -7  42  
  17  39  16  
 -40   1  22  
 -11  39  21  
 -30  30  16  
 -18 -40  12  
  16 -27  33  
  20  33  24  
 -24  20  33  
  28  34  12  
   7  20  40  
 -26   2  37  
  24  -6  38  
  19 -25  33  
 -36  27   6  
   8   7  44  
  -8 -30  33  
 -28 -27  24  
  41  13  15  
 -15   8  42  
  10 -42  15  
  10  -6  44  
 -36  28   1  
   5 -26  37  
  35 -18  23  
  35  19  22  
 -21 -18  36  
 -20 -39  12  
  10 -26  36  
  19  38  16  
 -38  18  17  
  14  16  40  
 -18   9  41  
  11  33  29  
 -34 -29   9  
 -39  13  20  
 -32  23  23  
  29  32  14  
  23  39   3  
   4 -38  25  
  22  39   9  
  30  33   9  
 -40 -21   4  
  -6  40  21  
  17  35  24  
  28  31  18  
  21  39  10  
 -43   3  15  
 -35 -21  20  
  11 -24  37  
 -18 -23  35  
  21   4  40  
  23 -15  36  
   1  45   5  
  -4  42  17  
   8  42  16  
  18 -12  40  
   4  -5  45  
  35  -1  29  
  40 -22   1  
 -20  -8  40  
  -3 -43  15  
   2 -44  12  
  18  32  27  
 -16  -8  42  
 -16 -30  30  
 -25 -37   9  
 -11  13  42  
 -14 -29  32  
   0  15  43  
 -12  -8  43  
 -43   5  14  
  16  12  41  
 -12  42  12  
  35 -29   5  
  -9 -25  37  
 -19 -26  32  
  45  -3   6  
 -10  -7  44  
   3 -45   7  
 -30  32  13  
 -22   0  40  
  43   9  12  
  34  -3  30  
 -29 -25  25  
  18  -1  42  
 -13 -40  18  
  -6 -30  34  
 -39  17  16  
  44  -9   6  
  19  31  27  
  15 -20  38  
  16   7  42  
 -45  -6   4  
 -25 -29  25  
 -40 -20   8  
 -41 -15  12  
 -25 -19  33  
  -6 -41  19  
  28 -35   9  
  45   3   6  
 -43   2  14  
 -11 -40  19  
   4 -29  35  
 -38  24   8  
 -19  11  40  
  42  10  15  
  21 -38  14  
  30 -17  30  
 -30 -30  17  
 -31 -21  26  
  -6  42  17  
  27  35  11  
 -31 -14  30  
   0  11  44  
 -20   3  41  
  17 -11  41  
 -24 -38   8  
  31 -28  18  
 -32   5  32  
 -35  -4  29  
 -25 -30  23  
   5  45   5  
   7 -45   1  
  36 -26  11  
 -28 -20  30  
  42 -10  14  
 -19  20  36  
 -25 -21  32  
 -45   0   6  
  13 -17  40  
  31  -4  33  
 -43  14   4  
  28 -34  11  
 -44  10   7  
  36  27   5  
 -35  29   5  
  17  -5  42  
 -40  11  19  
 -41  17  10  
 -26  27  26  
 -33  24  20  
  -2  22  40  
   6  31  33  
 -18  40  13  
   8  39  22  
 -29 -33  11  
 -10  35  27  
  17   2  42  
  32  29  15  
 -14   6  43  
 -17 -42   4  
 -44  -8   7  
  -5 -45   6  
 -36 -26   9  
  22  27  29  
  11 -10  43  
  10 -44   6  
  34 -30   5  
  -3 -41  19  
  17  41  11  
   4 -39  23  
  11  44   4  
  40  17  14  
 -15   9  42  
  43  -9  11  
  32  32   3  
  -6   1  45  
 -43 -14   2  
  35 -29   4  
  20 -28  30  
  36  26   9  
  36 -26   9  
  12  33  29  
 -31 -17  29  
 -25  25  29  
 -40  20   9  
 -38   6  24  
 -29  25  25  
  14  17  40  
 -28 -25  26  
 -35  17  24  
   8  16  42  
  38  21  14  
 -40  21   3  
 -38 -22  12  
  28  18  31  
 -22  34  21  
 -34  -4  30  
  45   4   4  
  -8  16  42  
 -36 -18  21  
  -7 -35  28  
  40 -18  13  
  42 -13  12  
   5 -27  36  
  -2 -37  26  
  -8  -7  44  
  31  -1  33  
  32 -25  21  
 -33 -21  23  
  -6   9  44  
  43  -3  14  
  33 -31   1  
  42 -11  14  
  30  24  24  
 -18  23  35  
 -32  32   1  
   5  30  34  
 -17   2  42  
   3   6  45  
   0 -23  39  
  23  -6  39  
 -30   0  34  
  16  41  11  
   3  28  36  
  13 -27  34  
  23  -3  39  
 -37  26   6  
 -35  28   7  
 -22 -39   7  
 -41  18   9  
 -13  43   6  
 -29 -29  20  
  -8  24  38  
   5 -45   0  
 -34  13  27  
 -41  -8  18  
 -14  34  27  
  43  11   9  
 -24 -17  35  
  -5 -43  14  
  33 -18  26  
 -39 -22   8  
 -11  35  27  
  43  -6  14  
 -36 -12  25  
  10 -21  39  
  -9 -33  30  
   5  31  33  
 -10  38  23  
 -24 -26  29  
 -36  25  13  
 -20  41   2  
   9  39  22  
  40  21   7  
 -39 -12  20  
 -38  23   9  
 -21 -39  11  
 -11  38  22  
 -35 -16  24  
 -17  -9  41  
  -3  41  19  
  27 -19  31  
  32 -14  29  
 -30 -15  31  
  27 -32  18  
  34 -30   4  
 -14 -33  28  
  23 -32  23  
  -6 -45   3  
  43  -8  13  
   9 -43  11  
  31  22  25  
  26 -11  36  
  21   5  40  
  22   2  40  
 -38   1  25  
   0  34  30  
   4   3  45  
 -21 -40   4  
 -30  23  25  
 -25  28  26  
  42   6  16  
   6 -17  42  
 -14  43   5  
   0  44  11  
 -30 -33   8  
  -1 -45   6  
 -45  -7   2  
  -4  23  39  
 -44 -10   6  
  34   2  30  
  27 -10  35  
  30   6  34  
 -17 -42   3  
  -6  11  44  
 -45  -8   1  
  28  35   8  
  19 -18  37  
  23 -39   2  
 -39  23   5  
  25  28  26  
  -6   5  45  
  36  24  14  
 -18  28  31  
   0  44  12  
  16 -40  15  
   0   5  45  
