  80 -89  90  
  74  94  90  
  98  85  74  
  86  82  91  
 -59 100  94  
 -99  73  85  
 100 -56  96  
  88  69  99  
  95 -74  89  
  97 -84  77  
  77 100  80  
  91 -92  75  
  96  85  77  
  97 -79  82  
 -88 -98  71  
 -96  64  95  
  98  65  92  
 -67  98  91  
  86 -91  82  
  97 -93  65  
  90  75  93  
 -92  77  89  
  88  96  73  
  76 -91  91  
  89 100  67  
  98  94  63  
  99 100  51  
 -89 -66 100  
  97  99  56  
  81  79  98  
 -98 -62  94  
 -98  58  97  
 -74 100  83  
 -83  88  88  
 -77 -92  89  
 -74 -86  97  
 -74 -93  91  
  84  95  79  
  94  78  86  
 -99  54  98  
  91  96  70  
  80 -80  98  
 -95  85  78  
  94  94  68  
  87  71  99  
  98 -69  89  
  98 -89  69  
 -78 -84  96  
 -81  96  81  
 -73 -100  84  
  80  84  94  
  78  95  85  
  95  84  79  
 -90 100  65  
 -97 -100  54  
 -94  70  93  
 -77 -91  90  
 -90 -68  98  
 -83 -75  99  
  49 -100 100  
 -92  64  99  
 100 -84  73  
  90 -76  92  
 -99 -76  82  
  53 -100  98  
  91  89  78  
 -89 -86  84  
 -62  94  98  
 -94 -82  82  
  98 -87  72  
  97 -80  81  
  96  94  66  
  92  65  98  
 -65  96  94  
  85 -79  94  
  84  92  83  
 -99  58  96  
 -91  83  85  
 -92 -90  76  
 -99  84  74  
  99 100  50  
  93  99  63  
  87 -85  87  
  84  88  87  
 -65 -92  98  
  92 -70  95  
 -52 -98 100  
 -66  95  95  
 -90 -82  87  
 -96  94  66  
 -86  95  77  
 -99  64  92  
  89 -82  88  
  63  94  98  
 -88  80  91  
  92 -96  68  
 -96 -71  90  
  51 -99 100  
  56 100  96  
 -85  87  87  
 -86 -91  82  
 -97  98  58  
 -72  86  99  
  67  98  91  
 -83  98  77  
 -89 -100  66  
  89  70  98  
  59 -98  96  
 -54 -97 100  
  92 -95  70  
  67 -93  96  
  61  98  95  
 -87 -94  77  
 100 -92  62  
  72 -95  90  
  96 -85  77  
 -96 -89  72  
  72 -93  92  
  79  93  86  
  96 -81  81  
 -71  89  97  
  66 100  89  
 -71 -91  95  
  98 100  52  
  93 -66  97  
 -92  90  76  
  96  66  94  
 -50 -99 100  
  93  67  96  
 -100 -92  62  
 -67 -94  95  
 -96 -84  78  
 -80  88  91  
 -97  70  90  
 -80  90  89  
  61 -93 100  
 -90 -70  97  
  99  88  69  
 -100 -81  76  
 -78 -82  98  
  90 -92  76  
 -67  94  95  
 -82 -86  91  
  72  90  95  
 -98  89  70  
 -85 -89  85  
 -99  88  69  
  94  79  85  
 -84  85  90  
  87 -87  85  
  93  93  71  
 -92  71  94  
  79  86  93  
  64 -98  93  
  56 -100  96  
 -86 -81  92  
  68  95  93  
 -68  90  98  
  94  96  66  
  59  95  99  
  93  71  93  
  96  93  67  
 -54  97 100  
  97 -81  80  
  95  94  67  
 -72 -95  90  
 -74 -85  98  
  84  85  90  
  93 -63  99  
  64  91 100  
 -88 -82  89  
 -93 -74  91  
  63 -94  98  
 -73 -86  98  
  56 -99  97  
 -83 -77  98  
  86  72  99  
  77 -91  90  
 -94  93  70  
 -96  62  96  
  75  87  96  
 -96  58  99  
 -93  90  75  
 -78  97  83  
  98 -67  91  
 -92 -62 100  
  61  95  98  
  90 -88  81  
 -98  79  81  
 -76  86  96  
 -99 -68  89  
  78  86  94  
  84 -96  78  
 -98 -68  90  
 -83 -84  92  
  84 -78  96  
 -77  85  96  
 -90  75  93  
 -100  61  93  
 -83  96  79  
 -98 -77  83  
 -85  90  84  
  78 -94  86  
  77 -96  85  
 -80 -94  84  
  71 -93  93  
  91  94  72  
  99 -84  74  
 -96 -88  73  
 -97 -81  80  
 -90 -90  78  
  96  71  90  
 -65 -99  91  
 -97 -67  92  
 -78 -88  92  
  94  88  76  
  96  84  78  
  82 -97  79  
  82 -81  95  
 -93  97  66  
 -75 -92  91  
  99 -96  58  
  96 -77  85  
  98  75  84  
 -68  88 100  
 -90 -74  94  
  90 -72  95  
 -92 -84  83  
 -86 -84  89  
 -92 -88  78  
 -88  68 100  
  98 -92  65  
 -96  61  97  
 -73  97  87  
 -64  91 100  
 -80  80  98  
  90  71  96  
 -73 100  84  
  83 -88  88  
  96 -83  79  
 -72 -93  92  
 -99 -84  74  
  84 -100  73  
 -53 -100  98  
 -84  95  79  
  78  92  88  
  97  66  93  
 -70  86 100  
  69  89  98  
 -83  75  99  
 -76  93  89  
  96 -72  89  
  79  96  83  
  79  84  95  
  93  66  97  
 -100 -78  79  
  76 -100  81  
 -79  81  98  
 -98  71  88  
  96  89  72  
 -100  78  79  
  71 -90  96  
 -99  74  84  
  61 -99  94  
  88  90  81  
 -88 -94  76  
 -85 -78  95  
  88  98  71  
 -71 -88  98  
 -99 -78  80  
 -86  82  91  
  82  98  78  
 -61  96  97  
  97 -97  60  
 -81  97  80  
  93 -64  98  
  67 -91  98  
 -72 -86  99  
 -95  67  94  
 -94  97  64  
 -75 -88  95  
 -59  94 100  
 -83  80  95  
 -76  88  94  
  92  90  76  
 -95 -81  82  
  93  98  64  
 -66 -98  92  
 100 -78  79  
  99  72  86  
 -77  84  97  
 -73 -85  99  
  96  65  94  
 -81 -96  81  
  94 -83  81  
 -85  83  91  
 -84  86  89  
 -91  87  81  
  92  71  94  
 100 -79  78  
