 -43 -76  94  
 -27 -83  94  
 -54  84  81  
  24  99  78  
 -67  61  91  
 -60  86  74  
  55 -62  98  
  -9 -91  90  
  82 -99   4  
 -88 -77  53  
 -45  88  82  
  78 -65  79  
 -71 -46  97  
 -58  67  93  
 -28  93  84  
 -47  81  88  
  87  80  50  
 -62 -53  99  
 -87 -90  28  
  76  43  94  
 -31  90  86  
 -68 -50  97  
 -37  76  97  
 -40 -100  70  
 -23 -100  77  
 -82 -99   4  
  46 -99  68  
 -46 -72  96  
  96  39  76  
  32 -93  83  
  77 -94  42  
  81 -96  28  
 -79 -52  87  
  77 -68  77  
 -86  94  15  
  19 -90  90  
  86  92  25  
  96  81  28  
 -66 -74  82  
  16  89  91  
 -84  51  83  
 -82  95  27  
  56 -61  98  
   1  90  92  
 -98  -1  83  
  89 -93   1  
  81 -82  57  
  -5 -99  82  
 -87 -78  53  
  77  39  95  
  91 -78  46  
 -16 -87  93  
 -84 -95  22  
  10  81  99  
 -94 -73  49  
  49  73  94  
 -88 -83  44  
 -52 -74  91  
  72 -87  61  
  89  91  18  
  14 -84  96  
  70  96  49  
 -84 -72  65  
  39 -92  81  
  34  87  88  
  19  81  98  
 -81  39  92  
 -71 -85  65  
 -11 100  80  
  92  54  72  
  46 -76  93  
  99  45  68  
 -67 -49  98  
  71 -57  91  
 -46 -66 100  
  76 100  27  
 -80 -45  90  
  83  46  87  
  64  98  53  
  78 -76  68  
  78 -74  70  
  74  57  88  
 -54 -92  72  
 -75  49  92  
 -97  24  81  
 -93 -63  62  
  89 -21  90  
  92 -75  49  
 -17  91  89  
 -76 -55  88  
  37  76  97  
 -98  82  13  
  56  63  97  
  66 -70  85  
  94  82  30  
  86 -93  23  
 -89 -89  26  
  78  92  45  
  82  14  98  
  52 -93  72  
 -77 -93  44  
 -52  81  85  
  83 -89  42  
  87 -80  50  
  93 -65  60  
  68  62  90  
 -84 -91  35  
  84  82  52  
  80 -60  81  
  89 -25  89  
  25 -86  92  
 -91  44  79  
 -89  43  82  
 -76 -77  69  
  98 -56  61  
  85 -93  26  
  16 -88  92  
  98 -27  79  
 -94 -11  87  
  97  74  40  
 -35 -75  98  
 -23 -88  91  
 -80 -19  99  
  62  55  98  
 -89  90  23  
 -23  87  92  
  81  19  98  
  65  92  62  
 -90  56  73  
 -32 -78  97  
 -58  68  92  
 -92  75  49  
 -89  63  68  
 -87 -75  58  
 -97  78  32  
 -40  92  80  
 -86  76  58  
 -63 -78  80  
  47  80  89  
  96  -8  85  
   2  91  91  
 -62 -99  53  
  31  89  87  
  86  49  82  
 -81  76  65  
 -34 -98  76  
 -77 -96  37  
  65  77  80  
 -92 -21  87  
  77  75  70  
  54 -60 100  
  81 -49  87  
 -30 -81  95  
  71 -86  64  
  95 -42  76  
 -57  57 100  
  88 -62  70  
  60 -81  80  
 -79  92  43  
  17 -81  98  
 -81  50  86  
  72 -67  83  
  54 -99  62  
 -81 -100   1  
 -95 -31  81  
  20  83  96  
 -89  88  28  
 -55 -64  97  
  74  80  68  
  94  24  84  
  21 100  78  
 -84 -94  24  
 -79  93  40  
 -92  11  89  
  39  99  72  
  41  91  81  
 -39  99  72  
 -44 -79  91  
 -98 -62  55  
 -83 -34  92  
 -85  93  26  
  27 -81  96  
 -83 -44  88  
  68 -99  45  
 -47  88  81  
  82  61  78  
 -84  92  32  
  59  74  87  
  52  92  73  
 -51  82  85  
  20 -85  94  
 -82 -98  11  
  34 -87  88  
  80 -97  27  
 -19  91  89  
 -76 -82  63  
  96  85  10  
  -5  99  82  
  46 -71  97  
  72 -100  37  
  75  67  80  
  84  88  41  
 -93 -26  85  
 -51  97  67  
  79  84  57  
  44 -78  92  
 -84  97   7  
 -73  63  85  
  54  78  87  
 -29 -89  88  
 -71  78  73  
  53  93  71  
 -85  91  31  
 -90  51  76  
 -85  92  28  
 -62  57  97  
  66 -97  52  
  63  69  88  
  65 -97  54  
  82 -97  18  
 -86  90  31  
 -22 -79  99  
  48 -72  95  
  85 -96   3  
  78  83  60  
  94 -10  87  
 -96 -71  47  
 -49 -80  88  
  72  81  69  
  36 -99  74  
  68 -55  94  
  79  92  42  
  81 -66  75  
 -18 -80  99  
  23  80  98  
 -66  69  86  
  85 -17  95  
  90  84  37  
  69  50  96  
 -76  91  50  
 -87  40  86  
  91  17  89  
 -67  58  93  
 -98 -39  73  
 -25  85  93  
  81  76  65  
  67 -99  47  
  81  97  24  
 -92 -86  25  
 -71 -100  38  
 -70 -99  43  
  97  83  13  
 -79  36  95  
 -80 -75  67  
 -90 -31  86  
  90 -51  76  
  89  42  83  
  47 -86  83  
  69 -88  63  
  50 -87  80  
 -85  84  47  
  90 -91  13  
 -56  86  77  
 -78  94  40  
  95  61  61  
 -39 -93  80  
 100 -35  73  
  34  85  90  
 -86 -46  84  
  62  89  69  
 -90  82  41  
 -84 -96  15  
  83  94  28  
 -81  13  99  
  26 -92  86  
 -68  57  93  
 -58  89  72  
  -6 -96  85  
  19 -91  89  
 -53 -99  62  
  95  59  63  
  81  96  27  
 -80 -100   8  
 -84  80  55  
  26 -79  98  
  54 -97  65  
 -29 -100  75  
 -82  66  74  
 -18  86  94  
 -76 -51  90  
  98 -81  20  
  75  85  60  
 -85 -93  25  
 -85  -5  96  
 -63  69  88  
 -83 -71  68  
  79 -99  22  
 -66  53  97  
  19  89  91  
  16 -87  93  
