   4  11   1  
   4   8   7  
   7   8   5  
  -7   4   8  
  11  -4   0  
 -11  -4   1  
   2  -7   9  
   9  -7   1  
 -10  -2   5  
  -6   0  10  
  -6   4   9  
  -9   7   1  
   1   6  10  
  -5  -5   9  
  -2  -8   8  
  -2 -11   2  
   3 -10   5  
  -4  11   1  
   6  10   1  
   6   8   6  
   7   9   2  
   8  -5   7  
   4  11   0  
  10  -5   3  
   7  -2   9  
 -11   3   2  
   1  11   4  
  11  -3   1  
   2   9   7  
   5   3  10  
   4   7   8  
  11  -1   3  
   0   4  11  
  10  -6   1  
  -3  11   1  
  -3  -5  10  
 -11  -3   2  
  -6  10   1  
 -11   0   4  
 -11  -1   4  
  -2   3  11  
  -8   6   6  
  -2  11   3  
  -8  -8   1  
  -2   9   7  
   1  -3  11  
  11  -2   2  
  -3   2  11  
  -1   6  10  
   7  -9   2  
  -9  -7   1  
   8  -8   2  
  -1  -6  10  
   9   7   2  
  -1   3  11  
   4   9   6  
 -10   0   6  
  -9  -2   7  
  -6   9   4  
   2  -3  11  
  11  -3   0  
   1  -6  10  
   8   8   0  
  -8   5   7  
  10  -6   0  
   9   6   4  
  -8   7   5  
  -7   6   7  
   8   7   4  
   5  -5   9  
   3  11   0  
  -8   4   7  
   2  -9   7  
  11   3   1  
  -5 -10   3  
  -5  10   3  
   8   8   3  
  -8   0   8  
   5  -3  10  
   0   9   7  
   2  10   5  
   7  -5   8  
   4  -4  10  
  -4 -10   4  
  -9  -4   6  
 -11   1   3  
  10   5   3  
   4 -11   1  
   5 -10   3  
   8   7   5  
  -3   8   8  
   3   5  10  
   0  -3  11  
  11   1   4  
  10   6   0  
  -8  -5   7  
  -4   1  11  
  11  -3   2  
   1  -7   9  
   6   6   8  
  -4  -4  10  
   0   7   9  
  -7  -8   5  
  -9   1   7  
   2  11   3  
   2  -5  10  
  -7  -6   7  
  -6  -4   9  
   3  11   2  
  -6  -6   8  
   5   5   9  
  -3 -10   5  
   3 -11   1  
  -1 -10   6  
  10   3   5  
   1  -9   7  
   7   7   6  
  -5   5   9  
  -1  -9   7  
   5  10   2  
   5  -2  10  
 -11   0   3  
  -1   4  11  
  -4   9   6  
   6   9   4  
   0 -10   6  
  -9  -1   7  
  -1  11   3  
   6  -1  10  
  -3  10   5  
  -2  -2  11  
  -2   5  10  
  -1 -11   3  
  -6  -8   6  
   0  -8   8  
   4  -8   7  
   6   7   7  
  11   1   3  
   6  -4   9  
   6   1  10  
   6 -10   1  
   2   5  10  
   0  11   3  
   1 -10   6  
  10   6   1  
   0   8   8  
   5   2  10  
  11   0   4  
   8   8   2  
  -8   8   3  
  -7   0   9  
   5  -7   8  
   9   1   7  
   9   4   6  
  -4  10   4  
   3  -2  11  
  -3   1  11  
  -3  11   2  
   4  -1  11  
  -9  -7   2  
   8  -8   3  
  -9   7   2  
   3   8   8  
   2  -2  11  
  -2   7   9  
 -10  -6   1  
 -11   2   2  
 -10  -4   4  
 -10   1   6  
  -1 -11   4  
 -10   3   5  
   9  -1   7  
  -8   1   8  
  11  -4   1  
   2   7   9  
   4 -10   4  
   8   2   8  
  -3   0  11  
   8  -4   7  
   7   0   9  
   0  10   6  
 -10   4   4  
   9   5   5  
  -8   3   8  
  -4  -1  11  
   7   4   8  
  -9  -6   4  
  -6 -10   1  
  -8   7   4  
   6   4   9  
   6  -6   8  
  -7   8   5  
   3  -8   8  
 -10   2   5  
  -5   8   7  
   6   0  10  
  10   4   4  
   8   6   6  
   4   4  10  
   8   3   8  
  10  -5   2  
  -9   5   5  
   4   1  11  
  -8  -1   8  
   2  11   2  
  -3 -11   2  
 -10  -1   6  
  10   2   5  
   9  -7   0  
  -7  -2   9  
   7  -6   7  
   7  -7   6  
   7   9   0  
   7   6   7  
  -6   8   6  
  -1  -7   9  
   7  -4   8  
   1  11   3  
  -4   6   9  
  -3  -2  11  
   8  -1   8  
   8  -7   4  
   7   5   8  
  -5   9   5  
   7   9   1  
  10   1   6  
   3 -11   2  
  -6  -7   7  
  -4  -9   6  
  10  -1   6  
  -3  -8   8  
  -4   4  10  
   5   8   7  
  -9   6   4  
   2   2  11  
 -11   4   1  
  -7   2   9  
  -5  -8   7  
  -8  -7   5  
  -6   1  10  
  -5  -2  10  
   1  -4  11  
 -11  -2   2  
   7  -9   0  
   1  10   6  
   3   2  11  
  -4  -7   8  
   9  -4   6  
  -8  -7   4  
  -4   8   7  
  -7   8   4  
  -4  -6   9  
  -7  -9   1  
   1 -11   4  
  -5 -10   2  
   3  11   1  
   3  -5  10  
  -2  -9   7  
 -10   5   2  
  10  -4   4  
   7  -1   9  
   4   0  11  
  -7   9   2  
   7   8   4  
  -8  -6   6  
   8   1   8  
   1 -11   3  
  -4 -11   1  
  11   0   3  
  -8  -3   8  
   1  -8   8  
  -7   1   9  
  -9   2   7  
   1   3  11  
  10  -3   5  
   8  -7   5  
   0  -9   7  
   3  10   5  
   8  -8   1  
  10   5   2  
  10  -2   5  
  11  -1   4  
   7  -8   4  
   9  -2   7  
  -3   5  10  
   3  -1  11  
   0  -6  10  
   6  10   0  
  -9   0   7  
  -6  -1  10  
   4 -11   0  
  -3  -1  11  
   4  -6   9  
  10   0   6  
   1   8   8  
   9   2   7  
   2   8   8  
   9   7   1  
   5  -8   7  
   5   9   5  
