  16 -54  37  
  35 -56  14  
  65 -15  11  
 -11 -10  66  
 -55  39   6  
  67  -3   5  
  23 -56  30  
 -36 -53  21  
  33  48  34  
  28  56  25  
  51  33  29  
 -33 -53  26  
 -15  59  29  
 -66   9  12  
  16 -58  31  
 -44 -11  50  
  24 -61  16  
   9 -22  63  
 -21 -64   7  
  29  49  36  
 -38  27  49  
  47  30  38  
 -22 -61  18  
  54  24  33  
 -55   0  39  
  34 -43  39  
  57  27  24  
 -43  26  45  
  15  55  36  
  60 -19  24  
 -19 -61  22  
  36  31  48  
  58   6  34  
 -31  26  54  
 -10  55  38  
 -64  -2  22  
 -21  19  61  
  15 -64  16  
  32  27  53  
 -32  31  51  
  46 -30  39  
 -14  38  54  
  21  53  36  
  35 -56  13  
  45 -45  22  
 -16  62  21  
  40 -53  12  
 -19 -39  52  
   3  67   8  
  25 -14  61  
 -47 -22  43  
   5 -65  18  
  57  11  34  
  36  27  50  
  29  55  26  
 -43 -51  11  
  60 -21  22  
 -11  33  58  
  27 -53  32  
 -62  26   3  
   6  67   4  
 -22 -63  10  
 -56 -32  20  
 -53  41  10  
  -9  61  28  
 -16 -24  61  
  41  35  41  
  38 -20  52  
 -36 -51  26  
 -43 -20  48  
 -39 -34  43  
 -38  49  27  
  18  33  56  
 -63 -19  14  
  66 -13   5  
  22  51  38  
   2 -65  19  
  44  -3  51  
 -11 -66   8  
 -54  23  33  
 -18 -64  11  
 -60 -23  20  
  61  27  11  
 -58 -29  18  
 -39   4  55  
 -11 -50  44  
 -50  37  26  
 -61  29   1  
 -27 -39  48  
 -32  13  58  
  24 -31  55  
 -43 -37  37  
  13 -66   6  
 -23 -62  14  
  54  -5  40  
  22  38  51  
  13   6  66  
  55 -17  35  
 -26 -23  58  
  39  48  27  
 -16   7  65  
 -47 -32  36  
 -32 -16  57  
  38  18  53  
 -21  39  51  
 -21 -39  51  
  65  10  15  
  -9  16  65  
  22  24  59  
 -59 -32   5  
  -5 -48  47  
  40  19  51  
  53   1  42  
 -62  23  14  
   8 -34  58  
  48 -46  11  
  25 -15  61  
   4 -60  31  
 -52 -34  27  
 -17  44  48  
 -54   8  40  
 -59 -31  10  
 -55 -13  37  
  61  -4  29  
  -3 -45  50  
  -9 -27  61  
  22 -41  49  
   1  43  52  
 -18 -33  56  
  39 -54  10  
 -24  62  11  
 -65  -8  17  
 -14 -65  13  
   6 -23  63  
  39  47  29  
  64  20   9  
  21 -60  23  
 -47  33  35  
  64  21   6  
 -21 -60  22  
   2  45  50  
 -16 -60  27  
  18  43  49  
 -41  39  37  
 -25 -53  34  
 -50 -35  29  
  62 -27   0  
 -30 -58  17  
  58   4  34  
 -10 -35  57  
  55  -4  39  
 -20  61  21  
  36 -51  26  
  23   9  63  
 -17 -49  43  
  12  30  59  
  53 -30  29  
  33  54  24  
  56  37   9  
 -61 -25  14  
 -47 -46  16  
 -63  19  16  
  -3  57  36  
 -34  -3  58  
  43  52   4  
  65  -6  18  
 -10 -29  60  
 -42  36  39  
  29  19  58  
 -17  65   8  
   4   6  67  
   3  65  18  
 -35 -53  23  
  24  47  42  
 -18 -17  63  
 -17 -45  47  
 -34 -19  55  
  49  27  38  
 -14  63  20  
   5  67   6  
   1 -67  10  
 -63  20  13  
   2  59  33  
   4 -17  65  
 -41   7  53  
 -57   8  35  
 -42 -52  10  
 -49 -25  39  
   3 -38  56  
  63  23   7  
  62 -20  18  
 -63 -23   7  
  43  32  41  
  34 -39  43  
  16 -32  57  
 -50  -8  45  
 -38  44  34  
  27 -59  19  
  -2  -8  67  
 -51 -32  31  
 -45 -49  11  
 -63   3  24  
 -14 -65  11  
  61  22  19  
  64 -16  14  
  -5  67   8  
  37  56   9  
  33  53  26  
  42  33  41  
  57  32  16  
 -24 -60  20  
  29 -24  56  
  54  -3  40  
  48  40  25  
  15 -22  62  
  38   8  55  
  31  40  45  
 -24 -19  60  
 -13  59  30  
  -2 -31  60  
  63  20  13  
 -13 -35  56  
  38  25  50  
   8 -67   6  
  33  23  54  
 -45 -50   6  
  39  41  37  
 -48  -5  47  
 -57 -36   3  
  -1 -14  66  
 -62 -11  24  
  43  43  29  
 -58  34   4  
 -38 -52  20  
   8 -49  46  
  -3 -59  33  
  49 -40  23  
  42 -53   0  
  33  35  47  
 -52 -43   5  
  15 -59  29  
 -58  14  32  
 -15 -65   9  
  28  42  45  
  18  -2  65  
 -63  14  19  
  16 -52  40  
 -18 -62  19  
 -38  18  53  
   7   5  67  
 -49  30  35  
 -15  55  36  
  50 -15  43  
  53  -8  41  
 -52  -8  42  
 -56 -25  28  
  31  60   5  
   6  36  57  
 -28 -36  50  
  16 -65  10  
  46  30  39  
  36 -57   1  
  45  35  36  
  29  48  38  
 -66  13   2  
 -50  -3  45  
 -35  55  17  
  30  59  12  
  64 -11  18  
 -13 -58  32  
  46 -44  22  
   7 -57  35  
  23  61  17  
 -51  31  32  
  -2  29  61  
 -30  59  14  
 -48  46  13  
 -36 -28  50  
  22 -40  50  
  43  -3  52  
  57   8  35  
 -63  10  22  
  24  62  11  
  67  -8   2  
  38  -2  56  
  60 -14  28  
 -18  60  25  
 -17  42  50  
 -56 -31  21  
 -25  -9  62  
  12  50  44  
  31 -54  26  
 -67   9   4  
   4 -43  52  
 -13  48  46  
   6  55  39  
 -66   5  14  
 -59  13  30  
  47  43  23  
 -36  43  38  
