  10 -98  91  
 -76 -99  49  
 -65  94  70  
 -58  87  84  
  37 -90  92  
  89 -60  80  
 -96  77  53  
 -97  90  20  
  48  95  81  
  99  76  49  
 -98 -89  20  
 -100  69  57  
  91  98   3  
  -9 -98  91  
 -90  40  91  
  86  42  94  
 -80  48  96  
 -70 -85  76  
  91 -93  31  
 100 -66  60  
  93  88  39  
 -29  88  97  
  77  64  89  
 -89  74  68  
  94  70  65  
  97 -75  54  
 -92 -51  83  
 -92  37  90  
  92  -8  97  
  47 -81  96  
 -99  89  14  
 -90  -7  99  
  78 -79  75  
  66  90  74  
  32 -94  90  
  93 -18  95  
  72 -83  77  
  90 -22  97  
  63  70  95  
 -59 -87  83  
 -77 -74  81  
  99   8  90  
  56 -94  77  
  89  82  58  
  85  80  66  
  51 -82  93  
  53 100  72  
  90 -53  84  
 -100 -89   2  
 -99 -84  33  
  88  77  65  
 -36  83  99  
 -93  32  91  
 -99  83  35  
  78 -48  98  
  92  91  35  
 -75  77  80  
  64 -90  76  
  90  -3  99  
 -70  97  60  
  80  93  54  
 -90  65  75  
  48 -95  81  
  45 -99  78  
  91  87  46  
 -93 -26  93  
  -9 -99  90  
 100  87  21  
  -8  98  91  
 -96  63  69  
 -10 -98  91  
  -5 -92  97  
  55 -87  86  
 -96  66  66  
  42 -89  91  
  85 -88  55  
 -50 -100  74  
 100  76  46  
 -79 -91  59  
  91  20  96  
  45  78  99  
  93 -31  91  
  68 -92  70  
 -86 -61  83  
 -95  88  35  
 -51 -86  89  
  98  91   3  
 -98 -29  87  
  84 -93  48  
 -54 -97  75  
  78  55  94  
  69 -97  61  
  92 -10  97  
 -70  64  95  
 -52  94  80  
 -52  98  75  
  82 -97  43  
 100 -89   1  
  53  81  93  
 -16 -90  98  
 -100 -80  40  
 -83  45  95  
  52 -88  87  
  70  89  72  
 -87 -89  49  
 -94  69  66  
 -61  67  99  
 -88  34  95  
  -7 -90  99  
 -89  20  98  
 -96 -32  88  
 -33 100  83  
 -79 -100  42  
 -96  26  90  
  62  81  87  
 -73  66  91  
 -97  92  10  
  93 -95  15  
 -98  91   3  
 -71 -85  75  
  97 -71  59  
 -63 -70  95  
  43 -85  94  
  61  76  92  
  84 -76  72  
  85 -75  71  
   9 -99  90  
 -88 -68  75  
 -92  76  61  
 -86 -100  23  
 -100 -87  18  
  70  86  75  
  71 -67  92  
 -88 -35  95  
 -91  28  94  
 -99 -20  88  
  71 -72  88  
  -3 -91  98  
 -86  69  76  
  80 -73  79  
 -82  78  72  
 -99 -90   5  
 -94  35  89  
 -96 -26  90  
 -71 -71  89  
 -81 -42  98  
  79 -68  84  
 -89  -1 100  
  80 -65  86  
  89  84  54  
  78  78  76  
 -78 -50  97  
 -35  88  95  
 -79 -63  88  
  95  84  44  
 -95  94   6  
 -62  92  75  
 -78  99  45  
 -93  94  21  
 -80 -100  39  
  79 -95  52  
 -81 -59  89  
  22  93  94  
 -41  93  87  
 -28  89  96  
  88  86  53  
  18  92  96  
  -9 -93  96  
  67 -87  77  
 -75  86  70  
  98  27  87  
 -29  90  95  
 -64  93  72  
  97  38  84  
  74 -68  89  
  99 -67  61  
  97  12  92  
  82  91  54  
  66 -70  93  
   7 -93  96  
 -75 -78  79  
  80 -67  84  
 -98 -70  59  
 -78 -72  82  
  90  96  24  
 -39  89  92  
 -96 -93  11  
 -83 -71  78  
 -94  95  10  
  76 -51  98  
  68 -83  80  
  91 -98   3  
 -82 -36 100  
 -82  58  89  
  82  53  92  
 -88  70  73  
  84 -31 100  
 -88  42  92  
 -62  66  99  
  92  50  84  
  73 -66  91  
 -91 -56  81  
 -79  57  92  
  79  80  73  
  99  62  66  
  94  83  47  
 -50  85  91  
 -69  75  87  
 -68 -77  86  
 -19  88  99  
  88 -87  52  
 -49 -77  98  
 -56 -87  85  
 -90 -75  65  
 -87 -94  39  
  28 -93  92  
  77 -49  98  
  86  65  80  
  95  70  63  
  59 -84  86  
  89  96  28  
 -99  34  84  
  87 -73  71  
 -98 -31  86  
 -67  99  61  
  92 -97   5  
  97  89  24  
  69  98  60  
  -9 -89 100  
 100 -50  74  
  12 -96  93  
  89  74  68  
 -73  82  77  
 -86  84  59  
 -34  85  98  
 -80  97  47  
  81  54  92  
  93  96   9  
 -99  36  83  
 -93  88  40  
  62 -84  84  
  93  33  91  
 -62  84  84  
 -72 -89  70  
 -91 -94  30  
  78  97  50  
  66 -97  65  
 -92  73  65  
  31  85  99  
  90  89  44  
 -82 -68  81  
 -91 -97  15  
  97   7  92  
 -78 -100  43  
 -43  99  79  
  71 -92  67  
  70 -90  70  
 -46  76 100  
 -91  98   7  
  99  77  47  
  97  50  78  
  51  88  87  
 -99  76  49  
  90 -99   5  
 -98  -3  91  
 -68 -71  91  
  40  80 100  
 -92  12  97  
  80 -94  52  
 -98 -85  34  
   1  90  99  
 -92  92  32  
  96  92  17  
 -93  71  65  
 -89  71  71  
  99 -82  37  
 -94  95   7  
 -83 -94  47  
 -95  81  48  
  96  25  90  
  89 -97  26  
  78  43 100  
 -51  97  77  
 -100 -89   5  
 -79 -54  94  
  60 -100  66  
  63 -98  66  
  28 -100  85  
  87  99  24  
  84 -38  97  
 -99  38  82  
  50  92  84  
 -100  13  88  
 -90  57  81  
 -89 -65  76  
 -84  72  76  
 -73 -72  86  
  95  57  75  
 -59  84  86  
  74  81  77  
