 -17  93  23  
 -42 -88   4  
 -18  76  58  
 -76  37  49  
   5 -88  42  
  64 -55  49  
  20  89  35  
 -31  39  84  
 -53 -41  71  
  92  19  27  
  55 -76  26  
 -90 -21  31  
  -4 -21  95  
 -82 -13  51  
  91  34   6  
  28 -86  37  
 -82 -35  39  
  67  25  66  
  70 -68   4  
 -88 -40  13  
  92  12  30  
  59  77  10  
  41 -25  85  
  47  79  33  
 -44  64  59  
  85 -36  31  
  16 -15  95  
  33 -35  85  
  87   9  43  
  96  17   1  
  -1 -60  77  
 -63  59  45  
  31 -92   6  
  35  91   3  
  62  70  27  
  82 -46  26  
  47   6  85  
 -60  73  23  
  18  50  82  
  96 -16   2  
  55  80   6  
 -35 -40  82  
  85 -33  35  
 -58  78   4  
  46  12  85  
  20 -92  25  
 -24  41  85  
  61  62  44  
 -86  16  43  
  38  86  25  
 -56  -2  80  
  11  33  91  
  76  51  34  
  10  96  13  
  36 -29  86  
 -36 -39  82  
  32  27  88  
 -15  68  68  
 -66   3  72  
 -40 -44  77  
 -69  46  51  
 -22  93  19  
 -85 -48   3  
 -94  20  16  
 -16 -28  92  
 -14  46  85  
  41  61  64  
 -94   7  24  
  37 -82  37  
  33 -91  10  
  76  61   5  
   4 -44  87  
  -4   7  97  
  71  30  60  
 -46  72  47  
 -96  18   3  
 -76  -6  61  
  54 -59  56  
 -20  81  50  
 -91 -25  24  
  87  40  17  
 -16  39  88  
  26  63  70  
  94   8  25  
 -11  24  94  
  81  -8  54  
  -1 -68  70  
 -26  46  82  
 -34   9  91  
  89 -37  16  
  66  38  61  
 -52 -67  48  
 -88  42   3  
  -8  36  90  
   9 -97   2  
 -51 -36  75  
  67  20  68  
  17  96   0  
  60  72  27  
 -73  -1  65  
 -17 -27  92  
  32  62  68  
  94 -25   2  
  90 -29  23  
  39  68  58  
 -82 -50  17  
  83 -50  11  
 -95 -10  19  
  52  53  63  
  58  78   6  
  61 -21  73  
   9 -14  96  
 -71 -67   1  
  24 -60  73  
  -8  97   9  
  -5 -95  22  
  31 -66  65  
  23 -59  74  
  92 -31   9  
 -75  -7  62  
 -22 -78  54  
 -88 -41   8  
  76 -59  15  
  89 -18  35  
 -37  -2  90  
 -58 -78   5  
  16 -96   6  
  50  53  65  
  11 -12  96  
 -34 -91  10  
 -84  31  39  
  59 -50  59  
  83   6  51  
 -57 -73  31  
 -87  44   5  
  42 -39  79  
 -37 -82  37  
   1  93  30  
 -39 -66  60  
  21   4  95  
  67 -21  68  
  -7 -44  87  
 -73 -40  51  
  88 -34  24  
  -9  72  65  
 -95  -1  21  
 -48  -3  85  
 -96 -15   9  
   8 -85  47  
  89  23  32  
  35 -52  75  
 -75  59  19  
 -13 -22  94  
 -40 -32  83  
  57  41  68  
  57  72  33  
   9 -95  20  
 -60  48  60  
   6   9  97  
  68  20  67  
  26 -40  85  
  74  44  46  
  30 -92  10  
  -8  37  90  
 -53  21  79  
  76   6  61  
 -93  28   9  
   1  44  87  
  24  50  80  
  60 -29  71  
  92  20  26  
 -89 -31  25  
 -11  88  41  
 -69   0  69  
   9  16  96  
 -59  75  21  
 -51 -79  25  
 -21 -94  16  
  56 -80   4  
 -17 -30  91  
 -86 -38  26  
  69 -36  59  
  74 -23  59  
 -44  86  12  
   6 -49  84  
 -19 -93  22  
 -46  25  82  
  79  -8  57  
 -31 -91  17  
  23 -47  82  
  -6  26  94  
 -71 -56  36  
  25 -46  82  
  22  75  58  
  86  18  42  
 -30 -10  92  
 -46 -86   5  
  83  31  41  
   5 -49  84  
 -18  91  30  
 -11  84  48  
  44  83  26  
  54  51  63  
 -20  35  89  
  27 -79  50  
  62 -51  55  
 -94  25   2  
  13 -27  93  
 -46 -80  31  
  29 -81  46  
 -86  18  42  
 -26 -94   1  
 -68 -38  59  
  58   5  78  
  15 -29  92  
  66 -62  36  
 -58  25  74  
 -67  19  68  
 -54  25  77  
 -38  51  74  
 -48 -66  53  
 -49 -26  80  
 -58 -25  74  
  11  65  72  
  12 -57  78  
  88  38  19  
  11  71  66  
  11 -68  69  
  88 -42   1  
 -74 -61  18  
  78 -57  12  
  66  58  42  
 -91  30  18  
 -77  34  49  
  47 -19  83  
  21  24  92  
  -7   2  97  
 -86  38  25  
 -59  49  60  
  36  82  39  
  56 -48  64  
  53 -57  59  
 -43  31  82  
 -24  88  34  
  44 -78  38  
  75 -59  21  
  -6  52  82  
 -19 -95   9  
 -10  95  19  
 -10 -96  13  
  61 -72  24  
  65   1  73  
  59  77   9  
 -10 -65  72  
 -52  59  58  
 -13 -96  13  
  82 -41  33  
 -10 -13  96  
 -37  87  23  
 -92  30  13  
 -59  53  57  
  65  29  67  
 -52  40  72  
  14  49  83  
 -73 -62  18  
  71 -46  48  
 -74 -61  17  
 -10  14  96  
  84 -14  47  
 -93  14  26  
  -9  96  13  
   7 -15  96  
   8  31  92  
  67 -63  32  
  75 -60  18  
  61 -41  64  
  31  91  15  
  58 -20  76  
  96 -15   5  
  75 -45  43  
  47 -64  57  
 -48 -85   1  
 -19  35  89  
 -58  49  61  
   0  96  18  
 -63  67  32  
  59 -67  39  
 -21  93  20  
  34  64  65  
  41 -65  60  
 -49  69  48  
   9 -93  28  
  68 -53  46  
 -82  50  16  
 -38 -26  86  
  39  -5  89  
  79   3  57  
 -88 -34  25  
 -24 -29  90  
   7 -17  96  
