 -31  -1   7  
  -3  -7  31  
 -12 -28  10  
   4 -15  28  
   5  26  18  
  -7  12  29  
 -26  18   5  
  28   3  15  
  -5  31   6  
  -4  11  30  
 -29   2  13  
  12  21  21  
   3  30  10  
  25 -20   3  
 -29  14   1  
  -5 -25  19  
 -26 -11  15  
  27 -16   5  
   2   2  32  
  31   4   6  
  29  14   0  
  25  18   9  
   0  21  24  
 -18  24  11  
  29  11   8  
  22   4  23  
  13 -27  11  
  -7  -3  31  
  -9  26  16  
  29 -13   5  
  29   0  13  
   4 -27  17  
 -11 -15  26  
  25  -8  18  
   8  26  17  
 -31   2   8  
  -1 -30  11  
  25  -6  19  
 -26 -18   6  
   2  -7  31  
   0  25  20  
 -16  15  23  
 -17  -7  26  
  30  11   0  
  31   7   2  
 -11  26  15  
 -20 -24   7  
 -27 -15   9  
   5  16  27  
  12  26  14  
  11 -17  25  
  -4   0  32  
 -29   0  13  
  -7  14  28  
  11  30   2  
 -21  20  14  
  25 -16  12  
 -27 -16   7  
  17 -11  25  
  28  -9  13  
 -10  24  19  
  26   4  18  
  -4  22  23  
   4  15  28  
  -2  -2  32  
 -21 -17  17  
 -16   5  27  
  -3 -18  26  
  22  23   2  
 -30  -6   9  
  24  11  18  
  13 -29   3  
 -18 -24  11  
  26  19   1  
  23  10  20  
 -12   6  29  
 -25 -10  17  
  28   2  15  
 -21  -7  23  
 -24   9  19  
 -20  18  17  
 -26  -1  19  
  -6  12  29  
 -30   4  10  
 -20  25   2  
  -3  10  30  
  28   7  14  
 -15   5  28  
   3   1  32  
 -26  16   9  
   0  17  27  
 -27  17   4  
  -8 -13  28  
  -9 -15  27  
  -7 -20  24  
   5   7  31  
  -1  29  14  
   1 -29  14  
  -2 -27  17  
 -13  23  18  
 -15  28   1  
  12  29   5  
   8   0  31  
 -29  -5  12  
  29  -8  11  
  16   9  26  
  20 -12  22  
   5 -30  10  
 -19   1  26  
 -25  16  12  
   3 -23  22  
 -32   2   3  
  -3  18  26  
 -21  15  19  
  24  10  19  
  25 -19   6  
 -20 -22  12  
   4 -30  10  
 -28   8  13  
   1   0  32  
 -10 -30   5  
  31   6   5  
  30  11   4  
  22 -16  17  
  25  16  12  
   8   3  31  
  -3  27  17  
  27  17   4  
  -5  29  13  
  19  -5  25  
 -15  22  18  
  -7   1  31  
  12  -6  29  
  31  -3   8  
   8 -31   1  
  29  -4  13  
 -20   1  25  
   7  30   8  
   9 -25  18  
 -28  -6  14  
 -31   7   5  
 -19  22  13  
 -26  16  10  
  29 -13   1  
  23 -21   7  
   7 -31   0  
 -29 -14   1  
   3 -25  20  
 -18  11  24  
 -11 -26  15  
  24 -19  10  
  18 -20  17  
   7   9  30  
   0  19  26  
   2 -21  24  
  14  -7  28  
  28   9  12  
 -16  12  25  
   0  27  17  
  23  -7  21  
 -15  25  13  
   1 -25  20  
  -5  -7  31  
  21   4  24  
   5  10  30  
  26   7  17  
  -5  -6  31  
  19  16  20  
 -19  -7  25  
 -30   0  11  
   8 -11  29  
 -11  13  27  
 -17 -12  24  
  17   4  27  
  15 -25  13  
 -20 -10  23  
  31  -4   7  
   9  20  23  
  -8  25  18  
  16  26  10  
 -30 -11   2  
  -7   5  31  
   8   1  31  
  17  24  12  
  15  27   9  
  22 -20  12  
  -6  27  16  
  -2  20  25  
  27   1  17  
  16 -14  24  
   7  31   0  
  -6   4  31  
 -32  -3   2  
  11  -3  30  
  -9  28  12  
 -20  23   9  
  22  19  13  
  21  -1  24  
  16   6  27  
  10  24  19  
  31  -3   7  
 -30 -11   3  
  18 -22  15  
  -8  -7  30  
 -29 -11   8  
  31  -5   6  
  13 -24  17  
  29   5  13  
 -24 -20   6  
 -20 -23   9  
 -15   2  28  
  14 -25  14  
  12  22  20  
   2  -3  32  
   9 -20  23  
 -27   9  15  
 -27   5  16  
  27  -4  17  
 -24   1  21  
 -19  17  19  
  17 -14  23  
  21 -24   0  
 -23 -18  13  
  -6  -5  31  
   0 -27  17  
  27 -11  13  
 -15  13  25  
 -18  18  19  
  27 -13  11  
 -29   1  13  
   9 -10  29  
   1 -30  11  
  25 -17  11  
  28 -14   6  
  21  -4  24  
  -2 -23  22  
 -28 -14   6  
  26  18   6  
  -6  29  12  
  24   3  21  
  15  11  26  
  30  -3  10  
  13 -28   8  
  25  -1  20  
  26  -4  18  
   8 -30   8  
   1  20  25  
 -31   3   7  
  29   2  13  
  15  26  11  
  12  -5  29  
  -7 -29  11  
  19 -24  10  
 -14 -27  10  
  30   5  10  
   6  14  28  
  28  -4  15  
   5 -12  29  
  28 -15   3  
 -23 -12  19  
  12 -17  24  
  20   9  23  
 -13 -22  19  
 -21  22  10  
 -17 -25  11  
 -27  16   6  
 -15  28   5  
 -16  27   6  
  30   7   9  
 -25 -18   9  
  -2 -32   3  
  24 -14  16  
 -12  14  26  
  25  14  14  
  -1  21  24  
 -17  27   2  
  19  26   1  
   7  25  19  
 -25 -19   6  
  18  24  11  
 -15 -18  22  
  19 -15  21  
 -29  11   8  
  19 -22  13  
  23  12  19  
  29  -6  12  
  -1  23  22  
   5 -25  19  
   0 -31   8  
  28 -13   9  
 -16  -9  26  
  -5 -28  15  
  -4  31   7  
  19  24  10  
 -26  10  16  
 -15  11  26  
  -3 -32   2  
 -16  18  21  
 -19 -21  15  
  12 -26  14  
