  35  16   1  
 -25  -1  29  
 -30   0  24  
  29  24   9  
  -7  -2  38  
 -16 -35   4  
  32 -19  10  
  31 -22   6  
  32 -11  18  
 -30 -22  10  
  26  -8  27  
  14 -36   1  
  12  33  16  
  35 -16   4  
  23 -26  17  
   6   4  38  
   3  33  20  
 -25  17  24  
 -18  34   2  
 -15 -30  19  
  -1   7  38  
 -30 -23   7  
  15 -31  17  
  14  34  12  
   3  21  32  
  27  16  22  
   7 -33  19  
  14  16  32  
  13 -17  32  
  20 -11  31  
 -14 -36   1  
   4  38   4  
  25 -27  12  
 -11  33  16  
   0  -6  38  
  -4 -33  19  
 -27 -20  19  
  12  26  26  
 -32   2  21  
  -2 -28  26  
  27  25  11  
  15   7  35  
  32 -20   7  
 -16  33  12  
  21   5  32  
 -37 -11   3  
  28 -26   6  
  -8  23  30  
  29  10  23  
 -30  22   9  
   3 -32  21  
 -37  -9   4  
 -38  -1   7  
   6   1  38  
 -11  18  32  
 -36   6  13  
  37 -10   4  
  25  18  23  
 -20  17  28  
  13 -30  20  
  -9 -31  21  
 -24 -28  11  
   2  20  33  
 -16  18  30  
 -32 -14  16  
 -17  15  31  
  -4  -3  38  
 -18 -32  12  
  33  17  11  
   2  31  23  
  25  -8  28  
  37  11   0  
  18  12  32  
   6 -13  36  
 -19  -7  33  
  17  31  15  
  38   4   4  
  -3  38   4  
 -12  13  34  
   2  37  11  
  32 -21   3  
   1  -6  38  
   1 -21  32  
  38  -6   3  
  34   9  16  
   6 -27  27  
  18  34   1  
   5  13  36  
   3  -5  38  
  21 -32   1  
  20  17  28  
   1 -36  13  
  31  13  19  
 -25 -29   1  
 -22 -10  30  
  27 -22  16  
  33  18   9  
  12  10  35  
 -33   9  18  
  21   9  31  
 -35 -12  10  
   7 -11  36  
 -28  20  17  
 -29   7  24  
 -18   1  34  
 -29  17  19  
  10 -10  36  
   2 -32  21  
   5  15  35  
 -34 -18   1  
  20  11  31  
  26 -15  24  
   7  22  31  
 -26 -28   2  
  -6  37   8  
  14  11  34  
 -33 -11  16  
   7  38   0  
  15   4  35  
 -10 -13  35  
 -27 -21  18  
   7  -1  38  
   5  27  27  
 -26   8  27  
  29  -8  24  
  18 -27  21  
  37  10   3  
 -16  -3  35  
  38  -5   3  
 -12 -32  18  
  14  29  21  
 -15   7  35  
  11 -28  24  
 -25 -19  22  
  15 -26  24  
 -12 -36   6  
   8 -23  30  
  22  13  29  
 -32   1  21  
 -35  12  11  
  -5  38   4  
 -32  20   8  
  -7 -15  35  
   3  25  29  
 -12  36   6  
  29  25   2  
  16 -22  27  
 -20   7  32  
 -36  11   7  
  19  -6  33  
  22   5  31  
  24  29   9  
 -23  31   3  
 -13  13  34  
  37  10   5  
  -6  -1  38  
  26   4  28  
   2 -13  36  
 -16 -11  33  
  33  -2  20  
  16  -3  35  
 -22  29  12  
  28  13  23  
  33 -16  11  
  33  -5  19  
 -27 -22  16  
  37  10   2  
  22  27  16  
  -6  31  22  
 -25  25  15  
  23  -6  30  
   1  -5  38  
  14  25  26  
  -1   6  38  
 -21 -23  23  
 -25 -26  14  
  37  -7   7  
  16   0  35  
 -34  -3  18  
 -35  16   1  
   1  18  34  
  17 -23  26  
 -14 -35   8  
  16   1  35  
   7  38   2  
 -32   3  21  
  16 -35   3  
  31  17  15  
 -11 -25  27  
  18 -14  31  
   9  -5  37  
   4  21  32  
  -7   0  38  
 -14 -20  30  
  -8  14  35  
  14  -7  35  
 -30 -23   6  
 -37 -10   3  
 -35 -15   4  
  33   4  19  
  23  18  25  
  29  25   1  
 -16   4  35  
 -37 -11   1  
  26  28   6  
  21 -22  24  
  30  -9  22  
   6  35  15  
 -34  13  13  
  13 -36   3  
 -15  -4  35  
 -37   6   9  
  36  -7  12  
  23  -3  31  
 -21  28  16  
 -27  -6  27  
  14  30  20  
 -34  -9  16  
  33 -10  17  
 -24 -24  18  
  27 -12  25  
 -22  10  30  
 -12 -13  34  
 -24  -7  29  
 -19  33   7  
  16 -29  20  
 -21 -18  27  
  -9 -32  19  
 -22 -31   7  
  24  30   1  
  21 -28  16  
   4  -5  38  
  -9  11  36  
  36 -13   5  
 -25  15  25  
  -7 -12  36  
  -5 -38   4  
 -31 -19  12  
  29 -23  10  
 -32 -20   8  
 -23  -3  31  
  30 -24   1  
  36 -13   3  
  27  -3  27  
   5 -38   0  
  36   0  14  
 -16 -35   2  
   1  23  31  
 -14  -8  35  
   2  34  18  
 -18  28  19  
  -1 -29  25  
  28  26   3  
 -13 -33  15  
 -23  -1  31  
 -22  27  16  
  23  29  11  
  11 -31  20  
   4  25  29  
  10   3  37  
 -11  35  12  
  36  13   2  
  22 -16  27  
  16 -18  30  
 -25  -8  28  
   3  30  24  
 -12  34  14  
  -2   5  38  
  24  -7  29  
 -32   9  19  
 -14 -18  31  
 -26  26  12  
  19 -20  27  
  12  13  34  
 -25 -29   2  
 -20  29  16  
 -14 -35   7  
  -5  -1  38  
  29 -25   0  
  11 -37   2  
  14  34  11  
  31  22   5  
 -26 -23  17  
 -34 -12  13  
  25  26  13  
 -31 -17  15  
  13 -35  10  
  -7 -37   9  
 -26  25  13  
  -8  24  29  
  25  -3  29  
 -36   3  13  
   8  26  27  
  18 -18  29  
  -9  27  26  
  30 -24   3  
  13 -32  17  
 -19  17  29  
  35 -10  13  
  23 -31   3  
