 -53 -61  42  
 -51  71  25  
 -56 -36  62  
  73 -17  52  
  29 -85  14  
   0  86  30  
  37 -83   7  
 -58 -70   5  
  39  66  49  
 -87  -2  26  
 -45 -73  31  
 -18 -54  71  
 -45   7  79  
  49 -65  41  
 -16 -77  46  
  21  16  87  
  29  63  59  
  -1 -74  53  
  45 -68  40  
 -73  49  24  
   9 -29  86  
  65 -64   2  
  76 -49   8  
 -87 -22  14  
  11  38  82  
  56  25  67  
 -45 -25  75  
  27  28  82  
  74 -12  52  
 -40 -76  30  
 -80 -26  35  
 -83 -29  24  
  -3 -45  79  
  45  -5  79  
 -30  47  72  
  -4  22  88  
 -76 -40  30  
  72 -33  45  
 -75 -38  35  
  -2  23  88  
  36 -83   8  
  48  76  13  
 -78  40  24  
  71 -49  29  
 -34 -57  62  
  37 -83   4  
 -80  41  15  
  15 -88  18  
 -52 -61  43  
   0 -32  85  
 -14 -22  87  
   1  39  82  
 -41   7  81  
  89   6  19  
 -55  -6  72  
  19  60  66  
 -62  33  58  
  17  84  31  
 -10  67  61  
 -74 -34  41  
  80  37  23  
  73   6  54  
 -89   0  19  
  76  25  43  
 -75 -40  32  
  85   6  32  
  -7 -59  69  
  46 -38  69  
 -38 -69  46  
 -30   0  86  
 -15  54  72  
 -30 -31  80  
 -72 -55   8  
 -19  32  83  
 -89   0  18  
   2 -47  78  
  68  29  53  
 -47  -1  78  
  24  88   2  
  68  -9  60  
  73  10  53  
  -2  90  14  
  46  77  16  
 -46  15  77  
 -32   3  85  
 -36 -17  82  
 -90  -4  11  
  78 -44  17  
  32  13  84  
 -79 -29  35  
 -52 -70  26  
 -85  10  31  
  27 -85  18  
  83 -12  35  
  32  -3  85  
  44  41  68  
  70  44  38  
  66  19  60  
 -26   9  87  
  61  13  66  
  -4 -13  90  
  62 -49  45  
 -61  14  66  
 -31  80  31  
  75 -49  17  
  29   7  86  
 -63  29  59  
  15 -75  49  
 -66  52  35  
  10  76  49  
  49  59  49  
  36  20  81  
  15 -66  61  
  44  52  60  
  73  36  41  
  18   0  89  
  24 -85  22  
  64 -62  19  
  77 -35  34  
   5  43  80  
  14  11  89  
  50 -57  50  
   0 -85  33  
  -7  67  61  
  -9 -67  61  
 -61  51  44  
 -32 -76  38  
 -64 -31  57  
  38 -39  73  
 -89  11  16  
   6 -51  75  
 -58 -34  61  
 -33  22  82  
   7  84  34  
 -88  14  18  
  80  -8  43  
 -78   3  47  
  75  48  19  
 -33 -76  38  
  47  12  77  
  48 -73  26  
  76 -10  49  
 -27  78  38  
 -71 -49  29  
 -80  12  42  
 -65 -63   9  
  41 -20  79  
 -57  67  23  
  18  58  68  
  56  60  39  
  45  65  45  
  52  54  52  
 -38  10  82  
  68 -41  44  
  86   4  30  
  38 -60  57  
 -46 -36  70  
 -29 -24  83  
 -14 -90   2  
  17  72  53  
 -26 -39  78  
  15 -46  77  
 -52  -8  74  
  13 -88  20  
  81  -6  41  
  26 -64  59  
  70  26  52  
  -5  70  58  
   0 -56  72  
 -72  26  49  
 -87  27   4  
 -80 -41  14  
  69  46  37  
  34  84   8  
  -7 -80  43  
  88 -22   9  
 -68 -38  47  
 -65 -62  15  
  56  67  25  
  86  -2  29  
 -72  55   8  
 -10  -6  90  
   2 -73  54  
  80 -36  24  
 -52  72  20  
 -73  42  34  
 -84  35   1  
  -8 -83  37  
 -19  86  23  
 -20 -86  22  
  31  60  61  
 -18   6  89  
  16  53  72  
 -29  39  77  
 -28 -79  35  
 -64   2  65  
  86 -16  25  
  -8 -31  85  
  73   2  54  
 -77 -48   5  
 -77 -14  46  
  47  50  60  
   6 -77  48  
  57   3  71  
 -74   1  53  
 -30 -81  28  
 -17 -88  17  
 -78  33  33  
   5 -90  13  
  55   6  72  
  -6  -2  91  
 -40 -48  66  
  -2  50  76  
 -72 -31  46  
 -12  52  74  
 -81 -40  11  
  39  79  23  
  52 -73  15  
  53  56  48  
  38  81  17  
  43  62  51  
 -33 -79  31  
 -90  -6  12  
  40 -22  79  
 -64  38  52  
  26 -79  37  
  16 -89   9  
 -19   1  89  
  -4  57  71  
 -22  87  16  
 -15 -79  43  
  42  37  72  
  28  41  76  
 -86  -4  29  
  55 -39  61  
  41  81   6  
  -7  10  90  
 -21 -34  82  
  38  48  67  
  80 -20  39  
  87 -25   7  
  53   1  74  
  37  80  22  
  43 -26  76  
  11 -71  56  
 -48 -22  74  
  87  -2  27  
 -84  10  33  
 -64 -43  48  
  66  20  59  
 -77 -34  35  
  64 -26  59  
  15 -81  39  
 -51 -28  70  
   8 -86  29  
  11  50  75  
  42  70  40  
 -11  89  16  
 -31 -49  70  
 -66  -1  63  
 -91  -2   5  
  74  53   3  
  87  -3  27  
 -37  83   4  
 -79  24  38  
  21 -65  60  
   6  72  55  
  61 -67  10  
   5 -70  58  
  -1  24  88  
 -67  57  23  
 -86 -29   6  
 -57  21  68  
 -26 -23  84  
 -39  54  62  
 -25  82  31  
  17  66  60  
 -22 -48  74  
  60 -68   5  
  28 -40  77  
  53  11  73  
  65 -61  19  
 -15  86  25  
  15  17  88  
  33  59  61  
 -39 -22  79  
  26   8  87  
  47 -78   1  
 -85 -16  28  
 -39  58  58  
  29  53  68  
   7  55  72  
   9  52  74  
  26 -78  39  
 -18 -73  51  
 -12  88  20  
 -74 -17  50  
  63  33  57  
 -68 -18  58  
   3 -87  26  
