  33 -30  91  
  74  52  46  
  -6  15 100  
  35  95   8  
  33  91  31  
   6 -15 100  
 -81   7  61  
 -77  49  44  
  53 -85  15  
 -31  54  80  
 -50  62  63  
  -5 -92  42  
  90   6  47  
  16 -64  77  
 -87  52   3  
   6  55  85  
  88  30  41  
  19  19  98  
  51 -83  29  
   6 -74  69  
  80  32  54  
  79  58  26  
 -85  38  40  
 -31 -75  61  
 -69  74   5  
 -41  88  30  
  -5  77  66  
  30  31  92  
  79 -24  59  
 -63 -44  66  
 -53  69  52  
 -49 -39  80  
 -78 -15  63  
  56 -28  80  
 -52  46  74  
  87  37  37  
 -69  47  58  
 -82  16  58  
  71 -42  59  
 -14  75  67  
  85 -11  54  
  44  74  54  
 -70 -46  57  
 -74 -63  30  
  88 -24  45  
  60  22  79  
 -27  90  38  
 -64 -43  66  
  49  67  58  
  20 -27  96  
  14  30  96  
 -24 -97  17  
  -5 -75  68  
 -99 -18  12  
 -35 -95   6  
  68 -10  75  
 -57 -41  73  
 -47 -58  69  
  78   9  64  
 -26  51  84  
  95 -22  28  
 -36  70  64  
 -97  30   1  
 -78  55  35  
  69  -5  74  
 -86  53   9  
 -42 -81  45  
  71  70  19  
 -38 -82  46  
  96 -32   9  
 -67 -72  26  
  65 -64  45  
 -73 -27  65  
 -60  82   3  
 -52  43  76  
  -2 -95  36  
  53 -79  36  
  79 -53  36  
 -22  -4  99  
  79 -46  44  
  57  69  48  
   6  76  67  
  88  50   4  
 -66  12  76  
 -13  31  96  
 -60  80  16  
  26  15  97  
  76  -5  67  
  10  94  37  
  45  88  24  
  26 -58  79  
  28 -87  44  
  61  66  47  
 -76 -49  46  
 -46 -80  42  
  50 -84  28  
 -73  70   8  
  74  25  65  
  52   2  87  
 -16  76  65  
  66  51  58  
 -77  66   3  
 -15 -44  90  
 -84 -42  39  
  91 -42  17  
 -37  -7  94  
 -81  61   5  
 -24 -23  96  
 -54   0  86  
  18 -99  15  
  67 -76   4  
  37  26  91  
  21  29  95  
 -94  29  26  
  28  88  42  
 -39  93  12  
  -4  30  97  
  50 -42  78  
  41  42  83  
  -8  38  94  
 -19 -81  58  
 -60  74  35  
 -30   0  97  
 -70  69  25  
  38  72  61  
 -81 -50  35  
  11 -20  99  
  70  62  39  
  58  -1  83  
 -34  95  12  
  97  -6  29  
   3 -98  27  
 -27 -53  82  
 -86  54   1  
  51 -13  87  
 -22 -25  96  
 -27  92  33  
  31 -63  73  
   1  98  26  
   1  83  58  
 -69 -74   6  
 -65  17  76  
 -86  27  47  
  86 -29  46  
 -62 -80   8  
  71  27  67  
  23 -72  68  
 -87 -20  48  
 -50  64  61  
  -9 -71  72  
 -96  29  15  
  90 -12  45  
  16  79  62  
 -30  -1  97  
  98 -14  22  
  13  76  66  
  80 -27  56  
 -28 -62  75  
 -80  56  28  
  -4  85  55  
 -98  24   9  
  56 -18  83  
  13  72  70  
  56  71  46  
  20 -84  53  
  95  10  35  
  88 -25  44  
 -45   4  91  
  78  44  48  
  74 -53  45  
 -10  77  65  
 -29  94  26  
 -44 -91  11  
  23  -3  99  
 -50  65  60  
 -29  31  92  
 -92 -17  39  
  63  78  15  
 -93  33  24  
  11 -39  93  
 -24 -86  48  
  59  55  62  
  55  64  56  
 -99  13  17  
 -53  83  24  
  81 -53  31  
  28  53  82  
 -45  58  70  
  38 -85  41  
  29  88  41  
  87  -8  52  
 -91  18  41  
   8  25  98  
  13 -72  70  
 -48 -31  84  
  54  55  66  
 -82  21  56  
  14 -100  10  
   9 -80  62  
  18  73  68  
 -12 -89  47  
  52 -41  77  
 -63 -77  20  
 -34 -26  92  
 -33 -19  94  
 -28 -81  54  
 -57  26  80  
 -90 -47   6  
 -83  44  39  
  68  70  27  
 -34 -87  40  
  42 -53  76  
  -7 -40  93  
  55 -84  14  
  69  72  20  
  35  -8  95  
 -80  60  16  
  34  63  72  
  25  89  42  
  25 -64  75  
 -50 -79  40  
 -57  82  18  
  48   7  89  
 -46   9  90  
   6 -73  70  
 -71 -58  44  
 -77 -27  60  
  71  71  16  
  -9 -32  96  
 -71  30  66  
  61 -46  67  
   2  90  47  
  -8  59  82  
 -64  24  75  
 -75  64  25  
  28 -78  59  
 -94 -12  36  
  13  69  73  
   7 -58  83  
 -22  45  88  
  50 -59  66  
  90  24  40  
 -77 -65  12  
 -34  95  13  
 -86  41  35  
 -97   2  29  
  72  34  63  
 -40  14  92  
 -38  25  91  
  14  98  22  
  -1  33  96  
  40  93   6  
  58  80  23  
 -98 -22  15  
  87 -52   5  
 -51 -49  73  
  27  79  58  
 -77 -10  65  
 -32  41  87  
 -49  75  48  
 -52  -7  87  
  35 -93  21  
  43 -65  65  
  22 -97  20  
  68 -31  69  
 -77 -22  62  
  89  35  34  
 -40 -17  92  
 -97   4  30  
  75  35  59  
  -9 -63  79  
 -67 -49  58  
  79 -64   2  
 -49  19  87  
 -57  33  77  
 -82   8  59  
  46 -52  74  
  50  45  76  
 -71  67  28  
  28  87  44  
   0 -65  78  
  23 -69  71  
 -93  18  37  
   0  91  45  
 -13 -45  90  
  -2 -81  61  
  99  10  21  
 -22 -92  37  
  93  -5  40  
 -75 -65  21  
 -21  -6  99  
 -91  -1  45  
  91  -8  44  
  27  31  93  
  91  -6  45  
  49  68  57  
  83  55  19  
  23  97  20  
   5 -94  38  
 -49 -76  46  
