  33 -13  41  
  40 -22  29  
 -22  47  15  
  21  47  17  
 -32 -39  19  
 -20 -49  10  
  16 -44  27  
 -21 -23  44  
  39  -1  37  
  48  25   0  
 -34  41   9  
 -32 -17  40  
   8 -52  13  
  19   8  50  
 -36 -38  14  
  43   9  31  
 -38 -33  19  
  41  20  29  
  33  37  22  
  -9 -36  39  
 -51  -7  16  
 -11  41  33  
   1  34  42  
  43  -7  32  
 -53  -4   9  
  29  40  22  
  40  13  34  
  11 -44  29  
   4  31  44  
 -39  10  36  
  41  14  32  
  34  23  35  
  12  45  27  
 -41 -28  21  
  51   1  18  
 -10 -35  40  
  17  -5  51  
  46 -23  17  
 -37 -39   2  
   5   9  53  
  -5 -53   9  
 -20 -14  48  
  44 -28  14  
 -30 -45   1  
  -4  39  37  
 -21  25  43  
 -36 -34  22  
 -50   0  21  
  22 -12  48  
   0  18  51  
  46  10  26  
 -46  12  26  
  -9 -47  25  
  40  20  30  
  46  26  12  
 -27  13  45  
  12 -52   9  
  32 -43   7  
  42 -27  21  
  33 -43   1  
 -46 -13  25  
 -29 -24  39  
  22 -49   4  
   9 -28  45  
   3 -49  23  
  41  12  33  
 -31  43  10  
  12 -52   7  
  20  43  26  
 -30  24  38  
  39 -37   7  
  13 -50  16  
 -53   8   6  
 -50  -6  19  
  31 -44   0  
 -48 -24   6  
  17  47  20  
  17  28  43  
  30 -45   0  
 -25 -48   1  
  21  31  39  
  -9  -1  53  
  18  13  49  
 -18 -17  48  
  40 -12  34  
 -18 -13  49  
  -4 -54   2  
 -26  25  40  
 -44  12  29  
  36   1  40  
  29  22  40  
 -53  -1  10  
  45 -28  10  
  -9  49  21  
 -41 -35   4  
 -46  13  25  
 -32  15  41  
  40   6  36  
 -21 -30  40  
 -45  -8  29  
 -34 -41  10  
 -20 -26  43  
  12 -24  47  
 -38  32  21  
 -43  15  29  
 -17  11  50  
 -37 -11  38  
  -9  53   2  
  33   7  42  
  27  46   7  
  28  42  19  
   6 -52  14  
 -24  47  11  
 -41   8  34  
 -36 -30  27  
  11 -53   2  
   4  -2  54  
  -9   5  53  
   1  51  17  
  52  14   0  
  50  11  17  
  -9  48  23  
 -31 -29  33  
 -41 -29  20  
  -5 -44  31  
  28 -43  17  
  52  10  11  
 -34  -4  42  
 -23 -46  17  
 -13  18  49  
 -29 -18  42  
  43  22  24  
  -2  52  15  
 -11  -9  52  
  -3  -9  53  
  13  34  40  
 -31 -35  27  
 -50  14  15  
 -45 -30   1  
 -13  49  19  
  51   2  17  
  21 -38  32  
 -40  20  30  
  25   3  48  
   7 -53   9  
  21 -49   8  
 -25  13  46  
  17   7  51  
  52  -6  13  
  40  25  26  
  31 -34  28  
 -15  43  29  
  26 -47   4  
  15 -22  47  
  12  43  30  
 -16 -49  16  
  -2 -45  30  
  -9 -53   2  
  -5 -40  36  
  17 -11  50  
 -15  41  32  
 -25   0  48  
  23   3  49  
   4 -26  47  
 -10  53   2  
  29 -39  24  
  21 -46  19  
 -13  39  35  
  53  -5   9  
   3 -46  28  
 -19 -50   9  
 -17   2  51  
  27 -47   1  
  19 -50   9  
 -47  17  21  
  -3  14  52  
  15 -39  34  
  35 -38  16  
   6  46  28  
  13  -5  52  
 -24  43  22  
   8  53   6  
 -36  -9  39  
 -42  27  20  
  37 -37  13  
 -31  44   6  
 -39 -28  25  
 -23 -45  19  
 -21 -33  37  
  11 -24  47  
  30 -10  44  
 -44  21  23  
 -52  -1  15  
 -51  -6  16  
 -31 -39  21  
  27  47   1  
 -27 -12  45  
  36 -37  16  
  32 -21  38  
   8  48  23  
 -17  47  20  
  34 -39  16  
 -13 -34  40  
 -49  18  13  
 -38 -38   3  
  51  16   9  
 -54   3   1  
 -26  46  10  
   7 -27  46  
  30 -21  40  
 -16 -21  47  
  47 -21  17  
  44   4  31  
  -5  38  38  
  25  34  34  
  35 -29  29  
  23  -1  49  
  -7 -27  46  
  10 -21  49  
  35  41   1  
  19  49  13  
  20  30  40  
   4 -39  37  
  41  32  14  
  29  44  12  
  22 -30  39  
  37 -29  27  
  21 -47  17  
  27 -37  29  
 -44 -30   8  
   0 -54   1  
 -27   9  46  
 -30 -45   2  
  -1  53  10  
  -4 -17  51  
   8  49  21  
  15 -33  40  
 -51  13  12  
   8   6  53  
  -3  -1  54  
 -14  26  45  
  -7  -6  53  
  14 -48  21  
  52 -15   1  
  43 -18  27  
   2  25  48  
  36   5  40  
  49 -20  11  
  26  -6  47  
 -35  39  14  
   9  18  50  
 -24  48   7  
  38  15  35  
 -42  19  28  
  -2 -49  23  
 -14 -44  28  
 -35  14  39  
 -54   1   4  
   2  27  47  
  34  29  30  
 -37  39   1  
 -44 -26  17  
  22 -41  27  
 -28  33  32  
  32 -43   6  
  25  48   3  
  -1  52  14  
 -11 -53   1  
 -28  -1  46  
 -26 -34  33  
  17  42  29  
 -23   0  49  
 -49 -16  16  
 -29  45   5  
 -37  39   6  
 -30  22  39  
  22 -46  18  
  45 -26  15  
 -51  10  14  
  31  41  16  
 -22  35  35  
  45  25  17  
 -11  46  26  
 -31  13  42  
   4 -54   2  
 -15  51   8  
   5 -14  52  
  10  21  49  
  51  -1  18  
 -39  33  17  
  34 -34  25  
  48 -12  22  
 -38  30  24  
   1  -3  54  
  10 -28  45  
 -26  44  17  
  52 -14   1  
 -16  30  42  
 -39  35  13  
 -27 -22  41  
