   4  45  49  
  -3 -60  28  
 -63  17  12  
  50 -42  12  
  22  30  55  
  42  33  40  
  66  -9   4  
 -36 -25  50  
  57  20  28  
 -14  31  57  
  -1 -55  37  
  30 -59   6  
  30 -32  50  
 -51 -28  32  
 -46  26  40  
  48  14  44  
  27 -61   0  
  42 -44  27  
  65  14   3  
  35  -6  56  
  33 -27  51  
 -15  64  11  
 -33   1  58  
  13 -65   6  
  -2 -54  39  
  19  28  57  
  51  43   0  
  42   9  51  
 -34  -2  57  
 -13  65   2  
 -20 -21  60  
  14 -57  31  
 -59  31   1  
 -62  10  22  
  44  45  21  
 -40 -31  43  
   6  -1  66  
  53 -28  29  
  42  36  37  
  20  63   8  
 -41  38  36  
  56 -35   8  
 -66   5   5  
  30 -27  53  
 -57  12  32  
  39 -45  30  
  -5  64  18  
 -28 -46  39  
 -23 -20  59  
  57  19  29  
 -47  -6  47  
 -51  -9  42  
   1  -9  66  
  41  33  41  
   2  -9  66  
 -14   5  65  
 -42   7  51  
  26  31  53  
   0 -65  15  
  32  -2  58  
  40 -53   4  
  -5   8  66  
  -2  55  37  
 -44  47  17  
 -35  34  45  
   0  29  60  
  14  20  62  
  35  20  53  
 -55 -15  34  
 -15 -57  31  
  59  12  28  
  -8  61  25  
 -61   0  27  
 -23  50  37  
 -63 -16  14  
  66   3   8  
  -6 -52  41  
 -56  24  27  
 -50  41  15  
 -20  62  14  
  -7 -61  25  
 -27 -35  50  
  45  14  47  
 -58  32   8  
  14 -65   0  
 -63  20   9  
 -13  63  17  
  -7  30  59  
  25  14  60  
 -10 -61  24  
 -47 -43  19  
 -51 -41  11  
 -17 -59  25  
 -45 -49   4  
  27 -40  46  
 -49 -42  16  
 -17   7  64  
  42 -33  40  
 -26  22  57  
  65  -7  11  
 -49 -42  15  
  26  58  19  
  28 -16  58  
  -5 -64  17  
 -30  59   4  
 -38  47  28  
 -43   2  51  
 -65  -2  15  
 -57   1  34  
  -9   1  66  
 -63 -18  12  
 -15 -37  53  
 -53   5  40  
  51  39  18  
 -47  36  30  
  59   6  30  
 -19 -15  62  
 -31 -23  54  
 -51   0  43  
 -27 -60  10  
 -61 -19  18  
  60 -14  25  
 -56   4  36  
  46  34  34  
 -48  31  34  
 -34 -57   1  
 -34 -42  39  
  61   1  27  
 -34 -29  49  
 -62 -24   4  
 -53  26  31  
 -48  37  27  
  -3   9  66  
  49 -10  44  
 -45 -47  14  
  54  -6  38  
 -43 -34  38  
 -30 -51  30  
 -24  35  51  
 -48 -23  40  
 -53 -28  29  
  51  41  13  
  33  48  32  
 -59 -27  15  
  40  49  21  
  41 -25  46  
 -20  -7  63  
  59 -30   8  
 -58 -32   8  
 -21 -41  48  
   7 -66   2  
  40 -35  40  
  30  39  45  
   5  62  24  
  34  47  33  
  30 -54  24  
 -30  -8  59  
 -59 -30   8  
 -58 -21  25  
   4 -41  52  
 -54  39   3  
 -31  55  21  
 -14  22  61  
 -25 -53  31  
  54 -33  21  
   2  18  64  
 -60  18  22  
  66  -6   7  
  -4   6  66  
 -29 -42  43  
   4 -49  45  
 -37  50  24  
  23  56  27  
 -53  32  24  
  18  64   0  
 -18  64   3  
   7 -65  13  
 -34 -41  40  
  59 -31   1  
 -55   5  37  
  61  16  21  
  22 -62   8  
 -22 -60  19  
 -39  54   1  
  66  -2   9  
   1 -66   7  
  50 -42  13  
 -20 -63   5  
  51  26  34  
   4 -39  54  
  44  38  32  
 -66  -6   3  
  19  62  14  
  35 -37  43  
  39 -54   0  
  -8  50  43  
 -44  50   3  
  44  28  41  
  48  23  40  
  23 -44  44  
 -16 -63  15  
 -51  39  18  
 -54  39   2  
 -26 -35  50  
  55  16  34  
 -27 -44  42  
  29  26  54  
  24  35  51  
  36 -17  53  
  -6 -65  13  
  22  22  59  
 -36 -32  46  
 -24  24  57  
 -33 -29  50  
  40 -53   2  
 -56 -35   7  
   3  24  62  
 -30  -5  59  
 -22  43  46  
 -45  49   5  
 -53 -39  11  
 -39 -24  48  
  62 -13  20  
  53 -38  13  
 -54 -23  31  
  45  10  48  
 -48 -29  36  
 -22 -15  61  
  61 -10  24  
  19 -29  57  
  42  -8  51  
 -50 -34  28  
   9 -48  45  
  33  55  18  
   4 -26  61  
 -34  56  10  
  54 -38   8  
 -27 -42  44  
  34 -52  24  
  27  15  59  
 -13  48  44  
  41  11  51  
  -6 -51  42  
 -54 -39   3  
 -26 -22  57  
  25 -53  31  
 -62  24   1  
 -26  57  23  
  62  -9  22  
 -18  -5  64  
 -33 -56  14  
  -3 -34  57  
  58 -32   3  
 -40  18  50  
  12 -42  50  
 -50 -37  24  
 -57  18  29  
  55  -6  37  
  -5  45  49  
  15 -64   9  
  63  14  15  
 -22  11  62  
  43   2  51  
 -31  54  24  
 -40 -49  20  
 -31  -3  59  
   8  56  35  
  36 -23  51  
  25   9  61  
   3 -39  54  
 -37  54  13  
  -3  40  53  
  42  39  34  
  39 -52  14  
  -5 -66   7  
 -37  15  53  
 -55  25  28  
 -41 -49  18  
  38  12  53  
 -44 -44  23  
  -2  65  14  
 -15  61  22  
  59 -23  20  
  -9 -63  20  
  -4  66   6  
 -36  20  52  
   2 -27  61  
  46 -22  43  
  27 -19  58  
   1  50  44  
  66   5   3  
  34 -33  47  
  49  12  43  
  51 -21  37  
   5 -64  18  
 -60  29   2  
  47  16  44  
  38  46  29  
 -46 -29  38  
  -6  52  41  
