  25  39  99  
  79 -52  55  
  -8 -60  91  
 -56 -19  92  
  64 -85  26  
  81   8  73  
 -18 -60  90  
  53  63  72  
  99  44  16  
  20 -95  51  
 -73  21  79  
 -75 -48  64  
  36  56  87  
 -44 -29  96  
 -49  20  96  
 -34  91  51  
 -86 -33  59  
  51 -81  53  
 -84 -13  69  
  76  17  77  
  13  70  83  
  65 -52  71  
  97 -29  42  
  64 -32  83  
  89  63   9  
  96  -4  52  
 -50 -63  74  
  81   9  73  
  34 -29 100  
  79  75  13  
  61   5  91  
  77 -13  77  
  58 -67  64  
  83 -32  64  
  55  35  88  
  17  73  80  
  45  43  90  
 100 -41  18  
 -50  54  81  
 -72 -81  17  
  20  78  74  
  49  84  50  
 -55  86  40  
 -44   5 100  
 -20 -82  70  
  79  53  54  
  31  47  94  
 -33 -61  85  
  81  63  38  
  37 -57  86  
  66 -67  56  
  46  75  65  
  30  78  71  
  10 -64  88  
  71  26  79  
 -54 -21  93  
 -84 -70   2  
  41 -22  99  
  68 -82  26  
 -95  17  52  
  43 -95  33  
  45 -98  18  
 -83   3  71  
 -100  29  34  
  72  57  60  
 -21 -94  52  
 -59  67  63  
   2  70  84  
  53  64  71  
 -40  79  64  
 -75 -57  56  
  73  70  42  
 -73 -76  29  
  73  45  68  
 -94  30  48  
  40  68  76  
 -72  -7  82  
 -63  64  63  
  56 -94   1  
 -63  82  36  
  56 -16  93  
  38  99  27  
 -15  47  98  
  53  94  20  
 -67  18  85  
  73 -12  81  
 -95 -17  52  
 -56 -24  91  
  45  52  85  
  54 -68  67  
  -4 -85  69  
 -34  43  95  
 -71 -45  70  
  30 -61  86  
  92  51  31  
  -2  47  99  
 -14 -71  82  
  42  71  72  
 -99 -27  38  
  50  96  18  
  90  14  61  
 100 -39  21  
 -71 -32  77  
 -84 -67  22  
  44   3 100  
  18 -93  55  
  73 -49  65  
 -18 -79  74  
  93  45  37  
 -68  79  34  
 -68 -77  38  
   0  62  90  
  -9  66  87  
 -23 -82  69  
  44 -100   2  
  94  56   8  
 -41  38  94  
 -98 -46  15  
 -74  72  37  
 -51   3  97  
 -62 -90   9  
  68 -52  68  
  75  73  33  
 -56 -44  83  
  69  23  82  
 -57 -92  16  
  44 -37  93  
  30 -86  61  
  52  88  39  
  66 -83  27  
 -74 -43  68  
  10  75  79  
 -46 -51  85  
   3 -99  47  
 -52  37  89  
  49 -92  33  
 -38 -62  82  
  -2  79  76  
 -58 -68  63  
 -100 -24  37  
  84 -54  45  
 -73 -69  43  
 -64 -56  69  
 -76  -4  79  
 -21 -72  80  
  69  78  34  
 -73  45  68  
 -58   3  93  
 -95 -11  53  
  94  48  30  
  -4 -100  45  
 -55  90  29  
  76 -79   0  
  31 -96  42  
  30 -75  74  
  73  47  67  
 -77 -60  50  
  73 -77  28  
 -51   1  97  
  87  44  50  
 -78  46  62  
 -66 -86  17  
 -85 -16  67  
 -58  19  91  
  73 -32  75  
 -85  48  50  
 -78  -1  77  
  47   5  99  
 -85  52  46  
 -30  94  48  
 -81  73  11  
 -32 -54  90  
 -89   1  64  
 -84  25  66  
  57  60  72  
 -14 -99  45  
 -32  89  55  
  48 -95  25  
  97  51   4  
 100 -38  24  
 -73 -55  60  
 -68  51  69  
  99   8  46  
 -17  48  97  
 -91  27  55  
  83 -36  62  
  43 -73  69  
 -83 -71   7  
  54  10  95  
 -86  12  67  
  47 -96  23  
 -21 -80  72  
  61 -19  89  
 -45 -31  95  
 -27 -82  67  
  95  -3  54  
 -35 -95  42  
  18 -61  89  
 -91 -58  18  
  -4  84  70  
 -85  62  30  
 -80 -37  65  
 -12  78  76  
  19  58  91  
   1  69  85  
  24  63  86  
 -28  40  98  
 -91  60   9  
  36 -57  86  
 -97 -42  28  
 -46 -55  83  
  -6  70  84  
  45 -88  47  
  66  84  24  
 -30 -89  56  
 -30  70  79  
  75 -74  29  
  25 -37 100  
 -74  68  44  
  86  63  24  
 -88  58  29  
 -34 -73  74  
 -51 -13  96  
 -22 -84  67  
 -88  16  63  
  52  95  16  
  91 -34  50  
  34 -32  99  
  78 -67  38  
 -55  82  47  
 -81  25  69  
  81 -56  48  
 -83 -62  36  
  25 -46  96  
  14  83  70  
 -57  87  35  
 -65  84  27  
  59  80  46  
  33  59  86  
  87  49  45  
  71 -34  76  
  84 -19  68  
  37  29  99  
 -52  96   5  
 -29 -79  70  
 -17  94  54  
 -78 -46  62  
 -87 -57  34  
  48  82  54  
  38 -79  66  
  -4 -61  91  
  96  45  27  
  51  11  96  
  50 -60  77  
 -29 -75  74  
  19 -64  87  
 -95  46  30  
  93  56  13  
  56   5  94  
  93  23  53  
 -77  36  69  
 -60  46  79  
 -81   2  74  
  94  41  38  
 -47 -99   4  
  67  30  81  
 100  26  36  
 -79  68  33  
 -70  40  74  
 -33 -89  55  
 -24  75  76  
 -38  81  63  
 -66 -79  38  
   4  85  69  
  10 -71  83  
  83  46  55  
 -61 -40  82  
 -20 -44  98  
 -44 -70  72  
  58  74  56  
   3  83  71  
 -81 -12  73  
 -65 -30  83  
  72 -79  24  
 -90   0  62  
  20 -65  86  
  91  20  58  
  68 -61  60  
 -89 -63  12  
  69 -70  48  
 -94 -22  52  
  41 -26  98  
 -93  21  54  
 -94 -38  42  
  19 -72  80  
 -68 -86   4  
 -27  76  74  
  85 -66  20  
 -99 -12  45  
  36 -89  53  
