 -37  10  83  
 -17 -71  55  
  24  28  84  
  15  -2  90  
  54  13  73  
 -31  82  27  
  29 -38  78  
  -1 -77  49  
 -27 -84  25  
 -59 -34  61  
  69  58  16  
   3  11  91  
  83 -38   8  
  70  54  24  
 -73 -20  51  
  83  32  21  
 -36 -71  45  
  55  65  34  
  72 -41  39  
 -89  -2  21  
  32 -66  55  
 -34 -11  84  
 -14  73  53  
 -69   7  60  
  22  31  83  
 -45  -8  79  
  30  82  27  
  34 -62  58  
   0 -91   9  
  28  27  83  
  37  78  31  
  -2  83  38  
 -47 -44  65  
  80 -43  10  
 -21 -27  85  
  40  76  31  
 -12 -90  12  
 -63  20  63  
  91  -8   1  
  55  63  37  
 -86  27  17  
 -27 -20  85  
 -49 -54  55  
 -82 -27  31  
  64 -64  14  
  27 -25  84  
 -74  -5  54  
 -25 -78  41  
 -68 -35  50  
 -65 -18  62  
 -79 -13  44  
  63 -60  28  
 -42 -75  31  
 -45  34  72  
 -67  62   8  
  43 -74  33  
 -64  62  20  
   3  10  91  
  91  -7   1  
 -19  82  36  
 -91   2   8  
   3  64  65  
 -72  -6  56  
  59  43  55  
 -36  72  43  
 -88  -6  25  
  54  50  54  
 -19  83  34  
  36 -84   0  
  65  41  50  
 -53 -66  35  
 -32  33  79  
 -31 -53  68  
  42  -9  81  
 -51 -72  24  
  11 -88  23  
  37  49  68  
  -9   6  91  
 -71 -47  34  
   7  27  87  
 -28 -87   1  
  52 -48  58  
 -57 -71  11  
  24  -9  88  
 -18  10  89  
 -11 -75  51  
 -80  12  43  
  14 -87  24  
  12  59  69  
 -37  81  21  
  62  52  43  
  54 -63  38  
 -34 -70  48  
   8  88  23  
  73 -26  49  
  78  22  43  
  73 -31  46  
  31   2  86  
  -2  58  71  
 -16 -32  84  
 -65  53  36  
 -80  31  32  
  74  -2  54  
 -12 -13  90  
 -19  40  80  
 -50  -8  76  
 -19  58  68  
 -60 -43  54  
  36 -60  59  
 -56 -47  55  
  12  12  90  
  13  63  65  
  18  10  89  
 -39 -10  82  
  -4 -16  90  
  17  54  72  
  22 -87  18  
  51  76   5  
 -59  65  25  
 -57  70  14  
  46  77  19  
  13  78  46  
  65  48  43  
  78 -16  45  
 -75 -20  48  
 -11 -78  47  
 -24 -85  23  
  11  69  59  
  74 -22  49  
 -91  -3   7  
 -36  77  34  
 -18  75  49  
 -33  55  65  
  89  -5  20  
 -13   8  90  
  62   6  67  
  65 -39  51  
  64 -28  59  
   6  70  59  
  66  49  40  
  86  28  15  
 -24 -85  24  
  19 -24  86  
  71 -41  41  
 -90  -5  17  
 -34 -80  28  
 -20  86  24  
  54  33  66  
 -11  13  90  
  56 -67  27  
 -58 -34  62  
  -6  68  61  
 -78   4  48  
 -20  43  78  
  77  30  39  
  37 -78  31  
  85 -33   8  
  -4 -80  44  
   1 -76  51  
  58  46  54  
  32 -57  64  
 -51 -12  75  
 -37  69  47  
  65 -60  23  
  40  55  61  
  -9 -14  90  
  59  69  10  
  20  54  71  
  55 -33  65  
  39 -70  44  
  21  41  79  
  -7  42  81  
  30  46  73  
 -81 -24  35  
 -76 -25  44  
 -43 -81   1  
 -63 -59  30  
  20  62  64  
  18 -71  55  
 -64 -50  42  
 -28  78  39  
  21 -55  70  
  -3 -34  85  
  26 -84  25  
 -28   6  87  
  74 -54   0  
 -66  49  40  
  64 -26  60  
   9  42  81  
   8  86  30  
 -85 -34   2  
 -65  62  17  
 -87  -8  28  
  23 -86  21  
  45  57  56  
 -73  53  15  
  57  63  34  
  62  65  17  
  68  44  43  
 -65 -25  59  
  53 -50  55  
 -90 -14   7  
  64 -29  59  
  23  64  61  
  63  46  48  
  79   9  45  
  15 -90   9  
  54  74   0  
 -75 -51  11  
 -85 -18  28  
  87 -27   9  
 -19 -83  34  
  55 -52  51  
  74  39  37  
 -52  75   4  
 -40  31  76  
  67  34  52  
 -25 -51  72  
  58 -68  20  
  85  21  26  
 -16  26  86  
 -69  48  36  
 -21  24  86  
 -32 -25  82  
 -48 -20  75  
  20 -51  73  
 -63 -54  39  
 -34 -80  29  
 -83  28  27  
 -59  40  57  
 -78 -39  28  
 -58  66  25  
  64  -5  65  
 -87 -20  21  
  31 -81  29  
  67   3  62  
  16 -84  33  
 -39 -35  75  
 -19 -89   7  
  84 -32  17  
 -31  34  79  
   3 -76  51  
  26 -31  82  
 -67  31  54  
 -51  73  22  
  88  21  15  
 -48 -74  25  
 -35  64  55  
 -16 -72  54  
 -73 -54  12  
  -1 -49  77  
  -2 -67  62  
 -74 -29  45  
 -41 -81  12  
  40  80  20  
  -3  70  59  
 -78   5  48  
  29 -28  82  
 -51  27  71  
   0  70  59  
  57  67  25  
 -84  14  33  
  21 -26  85  
  59  -1  70  
  -2 -41  82  
 -64 -58  30  
  38 -73  40  
   8 -89  20  
  72  21  52  
  84  -6  36  
   7 -52  75  
  10 -79  45  
  68 -42  45  
 -74 -48  24  
  74  54   5  
  55 -72  12  
 -91   8   5  
  44 -80   1  
  91   3   7  
  88 -21  14  
 -55 -72  11  
   8 -44  80  
  76  48  16  
  32 -35  78  
 -73  36  42  
  29  12  86  
  76 -50   9  
 -72  16  54  
  46 -48  63  
 -26  50  72  
  70  14  57  
   6 -24  88  
   2 -87  28  
  21 -87  19  
 -10   3  91  
   1 -88  25  
  29  73  47  
  65 -45  46  
  60  -2  69  
  61  -6  68  
