  59 -82  97  
  -2 -99  99  
  90 -80  71  
 -88 -97  50  
 -86  64  90  
 -76 -69  95  
 -92 -99  36  
  87 -77  78  
  85  77  80  
 -78 -66  96  
 -94 -95  42  
 -70  94  77  
  97 -79  63  
 -100 -95  25  
  61 -90  88  
 -85 -98  52  
  93  51  91  
 -94  57  87  
 -86 -49  99  
  90 -71  80  
 -79  77  86  
  90 -63  87  
 -23 -100  95  
  99 -93  33  
  88  93  57  
 -53  99  84  
 -85  55  97  
 -97 -75  68  
 -75 -86  81  
  65  86  89  
  73  93  75  
  14  97 100  
  31 100  93  
 -48 -89  97  
  50 -92  93  
  95 -56  86  
  64 -77  98  
 -57 -87  94  
  97  29  97  
 -97  53  86  
 -76  71  94  
 -40 -94  96  
  99 -81  57  
 -79  76  87  
 -92  57  89  
 -83 -95  61  
 -95 -73  72  
  94  35  98  
  97  69  74  
 -58 -89  91  
  71 -97  72  
 -69  90  82  
 -100  98   5  
  32 -96  97  
 -98 -86  51  
  88 -75  79  
  52 -100  83  
  93  75  73  
 -98 -47  88  
 -100   8  98  
  73  77  91  
  58  95  85  
 -77  64  98  
  72 -77  92  
  94  68  78  
 -76 -98  65  
  73 -85  84  
 -69 -74  97  
 -69 -97  74  
  95 -79  66  
  99 -58  80  
  76 -78  88  
  73 -98  68  
 -98 -88  48  
  42 -90  99  
   8 -98 100  
 -48 -94  92  
 -80  90  71  
 -98 100   6  
 -70  93  78  
  46 -93  94  
 -96  20 100  
  98 -97  23  
 -25 -97  98  
 -77 -88  77  
 100 -84  51  
 -93  81  66  
  85 -80  77  
  45 100  87  
  91  48  95  
  47  98  88  
  89  44  99  
 -48  98  88  
  38 -90 100  
   8 -100  98  
 -97 -94  36  
 -62  82  95  
  83 -86  73  
  94 -91  50  
 -87  51  97  
 -85  78  79  
 -23 100  95  
 -70  70  99  
  83  68  90  
  95  69  76  
  79 -67  94  
 -90  97  45  
 100 -57  80  
  83  59  96  
 -82  87  73  
  99 -98  12  
  85  53  98  
 100 -98   4  
  63  89  88  
  83  97  57  
 -68 -84  89  
 100  27  94  
  30 -94  99  
 -29 -97  97  
 -34  98  94  
  94  75  72  
 -81  73  88  
 -54 -91  92  
  68 100  71  
 -58 -87  93  
  77 -81  84  
  92  58  88  
  80 100  56  
  93  84  62  
  96 -91  46  
  74 -80  88  
 -72 -84  86  
 -37 -99  92  
 -95  80  65  
 -61  92  86  
 -79 -86  77  
 -93 -100  30  
  73 -67  99  
  98  66  75  
 -95 -55  87  
 -20 -100  96  
 -19  97  99  
  19 100  96  
  96  98  29  
 -43  99  89  
  98 -78  63  
 -62  94  83  
  62  77  99  
  99  84  52  
  50 -95  90  
  97  72  71  
 -62 100  76  
  69 -98  72  
  85  60  94  
 -97 -15 100  
 -99  41  90  
  84 -92  64  
 -70  98  71  
 -92 -57  89  
 -68  87  86  
  98  93  36  
  65 -73 100  
 -83 -72  87  
  99  18  97  
  78  82  82  
  84  90  67  
  63  96  80  
 -86 -88  67  
 -24  97  98  
  84 -89  68  
  56  98  83  
  53  90  93  
  66 -78  96  
 -79  90  73  
  74  69  97  
  43  97  91  
 -92 100  34  
  79  63  97  
  99  58  80  
 -97  98  25  
  80  74  88  
  64 100  74  
  68 -87  86  
  91  85  64  
  95  37  96  
 -68  76  96  
  65 -98  76  
  94 -35  98  
 -96 -93  41  
  99  90  41  
   3 -99  99  
  76 -71  94  
 -66 -82  92  
 -81  96  62  
  56  84  97  
  77  81  84  
 -96 -80  63  
 -49 -87  98  
  78  72  91  
 -84  92  64  
  99 -18  97  
 -67  91  83  
  46 -97  90  
 -60  97  81  
  28 -99  95  
 -91  39  99  
  57 -97  83  
 -88 -57  93  
 -82  90  69  
 -96 -56  85  
 -83 -100  52  
 -97  35  95  
  82 -56  99  
 -79  64  96  
  96  63  80  
  96  58  84  
  76 -93  72  
  92 -33 100  
  94  59  85  
 -69  95  76  
  53  92  91  
 -98  95  32  
 -93  61  85  
 -95  36  96  
  86  94  58  
  95  91  48  
 -84  90  67  
 -57  92  89  
 -84  62  93  
 -70 -94  77  
  67  84  90  
  98 -92  39  
  67  79  94  
  55  86  96  
 -98  89  46  
 -99 -85  51  
 -98 -15  99  
  73  97  70  
  69  80  92  
 -78 -75  89  
  97 -90  45  
  95 -66  79  
  83 -93  64  
 -91  60  88  
  94  53  89  
 -76 -91  74  
 -73 -92  76  
  66 -98  75  
 -100  19  96  
 -24 -95 100  
 -57  91  90  
 -97  90  45  
  87  89  64  
 -89 -78  75  
  55 -100  81  
 -100 -86  47  
  85 -55  97  
 -98 -100   6  
  72 -93  76  
 -53  88  95  
 -81 -94  65  
  84 -93  62  
  50 -100  84  
  77  94  70  
 -55 -86  96  
  98 -69  72  
 -99 -63  76  
 -94 -81  65  
  32  94  99  
 -55  89  93  
 -53 -91  92  
 -97 -32  96  
 -88 -67  86  
 -31 -100  93  
  68 -77  95  
 -76 -86  80  
 -32 -95  98  
 -34 -100  92  
  77 -99  62  
  87  92  60  
  91 -97  44  
 -89  85  67  
  21  98  98  
  96 -24  99  
  88 -81  73  
 -96 -98  27  
  -4 -99  99  
 -28 -94 100  
  97 -88  49  
  94  70  77  
  92 -79  70  
 -73  84  85  
  79  91  71  
  98 -23  97  
  94  98  34  
  85 -73  84  
 -75 -74  92  
  77  87  78  
 -97 -97  28  
  88  99  46  
