 -25   4  67  
 -54  43  19  
 -11  50  50  
  20 -65  22  
  69  18   1  
  30 -63  16  
  30 -65   0  
  -8  40  59  
 -21 -55  41  
  -4 -54  47  
 -28  29  59  
  46  37  40  
  -8  41  58  
 -71  -3   7  
 -26 -43  51  
 -17 -14  68  
 -12 -45  54  
  67 -25   0  
  22  64  23  
  66  24  13  
 -55  32  33  
  40  26  53  
 -71  -8   5  
  63  18  29  
 -26  40  53  
  48 -53   1  
  50  51   3  
  14 -70   7  
  -8 -70  13  
  39  -9  59  
  -5 -56  44  
  65  14  26  
 -25  67   3  
 -71   3   6  
  47 -49  23  
  71   1   9  
 -65  29   5  
  68 -18  14  
  -1 -54  47  
 -13 -57  41  
 -55   2  46  
 -25 -56  37  
 -21  66  18  
  54 -47   1  
 -46 -18  52  
   2  54  47  
 -40 -45  39  
 -35  21  59  
  15  61  34  
 -63 -21  27  
 -34  42  47  
 -24  26  62  
  63   9  33  
  51 -49  11  
 -38  49  36  
  24 -55  39  
  30 -31  57  
  48  37  38  
  -3 -44  56  
 -32 -50  40  
  -1  63  34  
 -10 -50  50  
  14 -68  17  
   7 -65  29  
  53  45  16  
  63   7  33  
  63  22  26  
 -47  50  20  
 -67   5  25  
  12   7  70  
  24  -4  67  
   3  49  52  
  14  33  62  
  67  -2  25  
  -5  63  33  
 -43  -3  57  
  32 -48  42  
  69  -7  17  
  57   2  43  
 -37  60  13  
  33 -26  58  
  53  14  46  
 -20 -44  53  
  32  54  34  
  -5  60  39  
 -28 -48  45  
  -8 -45  55  
 -56 -44   7  
  28 -10  65  
 -16 -66  23  
 -69  19   1  
 -38 -60   8  
   9 -33  63  
 -23 -42  53  
  17 -52  46  
 -30  27  59  
  14  38  59  
  43  54  18  
 -18   0  69  
   7  59  40  
 -40  29  52  
   0 -34  63  
 -25 -52  42  
 -35  -3  62  
 -46  28  47  
 -46  46  30  
 -48 -52   9  
   2  32  64  
  67 -13  21  
  23 -67  11  
 -34 -49  39  
   3  64  32  
  20  44  53  
  47 -14  52  
 -52 -24  43  
  65 -30   1  
  63  26  22  
 -16 -58  39  
 -63  33   9  
  56  37  24  
 -16  62  32  
 -32  62  15  
 -55 -30  34  
 -55 -20  41  
 -67 -20  14  
   6  52  49  
 -32 -16  62  
 -65   1  30  
  14  -2  70  
   6  60  38  
  59 -40   1  
 -19 -28  63  
  52 -29  40  
 -32  34  54  
 -34 -60  19  
 -11 -69  14  
  28 -61  25  
  42  55  17  
 -47  52  13  
 -15  49  50  
  43 -44  36  
 -19  69   5  
  57 -41  13  
  15  64  28  
  26 -54  39  
 -10 -57  42  
 -70   6  14  
  26  51  43  
  18  -1  69  
  65  23  19  
 -35  60  17  
 -67   8  24  
 -19  -5  69  
 -11  63  32  
  14 -35  61  
 -13  60  37  
 -37  55  27  
  25  16  65  
 -65   2  30  
  70 -14   0  
  -8 -46  54  
 -42  58   4  
  14 -38  59  
  28 -58  31  
 -44  21  52  
 -60  32  22  
 -71  -2  10  
 -48 -24  47  
  -6 -61  37  
  39  56  22  
  -5 -50  51  
 -35  42  46  
 -64 -27  17  
   6  65  29  
 -49 -44  28  
 -19  69   2  
  21 -27  63  
 -35  55  29  
  18 -68  14  
 -13  68  17  
  29  43  49  
  -2  39  60  
  59 -40   0  
  46 -49  24  
  24 -32  59  
  44 -50  26  
   7 -66  26  
  -5 -71   5  
   4  71   9  
  65  -5  29  
 -56 -31  32  
  25  28  61  
 -48  17  50  
  62  -4  35  
  24 -18  65  
  -5 -40  59  
 -17  13  68  
  21  24  64  
  41 -44  39  
  68  -5  22  
 -37  13  60  
 -48 -53   3  
 -42  14  56  
 -20 -61  32  
   2 -19  69  
  70   7  12  
 -62  -3  35  
 -70  14   3  
  44   8  56  
 -69   6  18  
  47 -52  14  
  -3 -69  19  
 -20  35  59  
 -71   9   2  
  19  64  25  
  63 -34   4  
  44 -46  33  
   4  65  30  
 -37  54  29  
  -7 -65  29  
 -45 -12  54  
 -40  30  51  
 -19 -37  58  
  67 -17  19  
 -33  40  49  
  68 -19  10  
  13 -27  65  
  -9  52  48  
  13  70   7  
 -24  57  36  
  12 -18  68  
  32 -34  54  
 -29  63  17  
 -60  10  38  
  41  14  57  
  42 -44  38  
  67 -22  12  
  66  25  10  
 -15  -1  70  
 -59  26  31  
  59 -38  13  
  -2 -69  19  
  29 -52  40  
 -60 -34  19  
  33 -59  23  
 -49 -51  11  
  34  21  59  
 -12 -18  68  
  39   2  60  
  37  50  35  
 -44   4  56  
 -15 -28  64  
  -6 -49  52  
  50  49  15  
  -7  -4  71  
 -55  37  27  
  34 -58  24  
  22  68   4  
 -63 -33   8  
 -39  22  56  
  65 -27  12  
 -61 -29  24  
 -61  28  25  
   9  67  24  
 -22  66  16  
  37 -61   3  
  48 -48  22  
   4 -65  30  
 -45 -44  34  
 -63   1  34  
  18  65  23  
  -2 -15  70  
 -46 -55   2  
   6 -63  33  
   5   8  71  
 -38 -43  43  
  60 -17  35  
 -48  41  34  
 -33 -38  51  
  11 -30  64  
 -68 -21   5  
  41 -56  18  
 -55 -42  18  
 -48  50  18  
  11   9  70  
  55 -46   1  
  29 -51  41  
  21  55  41  
 -70  15   4  
 -14  29  64  
  62  23  27  
 -31  52  38  
  10  69  15  
 -18  69   6  
  19  57  39  
 -64 -24  21  
   9  71   3  
   5 -70  14  
 -46  54   7  
 -24 -24  63  
