 -53  21  78  
   7  36  89  
  79  54  12  
  46 -21  82  
 -94  20  11  
  54 -66  45  
  39 -76  45  
 -70  45  49  
 -83 -19  45  
  20 -29  90  
 -60  29  70  
  65  70  12  
 -86 -42  12  
  44  -2  86  
 -88  -5  39  
  56  72  31  
   6  65  71  
 -90 -34   9  
 -10 -13  95  
 -44 -63  58  
  66  47  52  
  25 -93   9  
 -32 -45  79  
  85 -46   3  
  72 -31  56  
   1 -94  21  
  14  93  22  
  17  78  54  
  36 -89   7  
 -35  89  14  
  62 -24  70  
  78   4  57  
   4 -63  73  
  -3 -18  95  
 -48 -60  58  
 -79  12  54  
 -81  52   3  
 -88 -38  10  
  78 -31  48  
  41 -54  69  
  26 -14  92  
   7  71  65  
  71  65   1  
  96   8   3  
  58 -74  21  
 -19   9  94  
  95   9  15  
 -92  15  25  
  21 -16  93  
  90  34   6  
 -26   5  93  
  -6 -39  88  
  46 -82  22  
  45  84  16  
 -45  24  82  
  -4  89  37  
 -24 -88  31  
  76  33  49  
  70  54  39  
 -28 -54  75  
  44 -22  83  
  66 -14  69  
 -44  64  57  
 -21  -7  94  
  25  -7  93  
  26  47  80  
 -42  44  75  
  66  38  59  
 -62  74   5  
 -80  11  53  
 -10 -30  91  
  58 -68  36  
  85 -30  35  
   5  -7  96  
  44  34  79  
  68 -46  51  
  22 -92  18  
  71  50  42  
  -6 -91  31  
  87 -25  33  
  36  89  11  
 -83 -26  42  
  63 -16  71  
 -54  14  79  
 -88  -1  39  
   1  93  26  
   2  85  46  
 -75 -47  39  
  80   3  54  
   0 -93  25  
  76  56  19  
  46 -80  28  
 -42 -53  69  
 -13 -55  78  
 -25  54  76  
  47  30  79  
 -88  39   1  
  34 -87  25  
 -93 -17  20  
   4  90  34  
 -83  21  45  
  62  10  73  
  -9 -96   6  
 -72  40  50  
  -7   4  96  
 -20  -8  94  
  86 -43  10  
  55  22  76  
 -73  -4  63  
  14  59  75  
  26  19  91  
 -46  17  83  
  94 -16  14  
 -86  12  42  
  86  -8  43  
  91  -2  32  
 -95  14   8  
  29 -91  14  
 -87 -17  38  
 -55  78  14  
 -55 -22  76  
  35  11  89  
  -7  31  91  
 -44  21  83  
  87  25  33  
  61   0  75  
  29 -40  83  
  63 -32  66  
  41  73  48  
 -24  25  90  
  33  16  89  
  -2 -47  84  
  -4 -69  67  
  50 -80  20  
  49  83   4  
  50  69  45  
 -69  57  36  
 -82  25  44  
  82 -40  32  
 -33  60  68  
  80  46  29  
   7  75  60  
 -19  94  10  
  92 -29   6  
 -59  62  45  
  48 -69  47  
 -85  44  11  
 -92  -5  29  
  96   2   8  
  -7  95  16  
  16 -89  33  
   8  96   3  
 -11  51  81  
  81  20  48  
  14  95  11  
 -32  26  87  
 -32 -91   5  
 -33  52  74  
 -25  79  49  
  64  57  44  
 -85 -23  40  
  21 -92  19  
  37 -76  47  
  88  -7  39  
 -77  58   5  
  94  22   4  
  83  16  47  
 -74 -14  60  
 -20 -81  48  
  16 -72  62  
 -41  73  48  
 -43  84  19  
  14 -52  80  
 -21 -72  61  
 -22  -4  94  
  -5  92  28  
  -8  78  56  
 -83  49   5  
  41   6  87  
  -1 -72  64  
  45  46  72  
  68  14  67  
   6  80  54  
 -63  22  70  
 -48 -73  41  
  55 -68  41  
  -7 -94  20  
 -69  64  22  
  87   4  42  
  74 -28  55  
   2 -52  81  
 -36  81  38  
  88  18  35  
 -32  35  84  
  45 -83  21  
  93  25   8  
  21 -78  53  
 -53 -48  65  
 -46 -79  31  
  84   1  47  
 -78  48  31  
 -91   0  32  
  71  60  25  
 -43 -28  82  
  21  38  86  
 -30 -53  75  
  79  47  30  
  -6  74  62  
 -18 -13  94  
 -90  -3  34  
  34 -56  71  
 -25 -46  81  
  63 -35  64  
 -37  60  66  
 -88   4  39  
   6  16  95  
  47  -3  84  
  82 -50  11  
  14 -72  63  
  50  44  70  
 -29 -57  72  
 -95 -16   2  
  49  64  53  
 -67 -18  67  
  55 -70  37  
  22 -42  84  
  34 -77  47  
  -5  87  42  
  25 -76  54  
  45 -39  76  
  44  55  66  
 -32  69  59  
  19 -61  72  
  22 -27  90  
  46 -81  25  
  58  74  21  
   7  95  14  
 -55 -49  62  
 -86 -42  11  
 -92 -23  17  
 -72  30  57  
  45 -85  10  
  84 -47   2  
  -7  93  24  
 -49 -69  46  
  78  49  28  
  89  35  11  
 -21 -92  20  
   4  -7  96  
 -77  57  10  
  14  34  89  
 -77  -7  58  
  94 -16  16  
  55  60  52  
   7 -96   6  
  15 -94  15  
 -28  40  83  
  19  25  91  
  23 -89  29  
 -65  71   9  
  52 -51  63  
 -18  94  14  
 -83  48  12  
  47 -84   3  
  42 -38  78  
  28  86  34  
 -65  21  68  
 -58   7  77  
  62  57  47  
 -19  79  52  
  12 -73  62  
   5  63  73  
 -62  74   1  
 -24  10  93  
  39  19  86  
  -9 -21  94  
 -83 -22  44  
 -31 -46  79  
  75 -54  27  
  68   6  68  
  23  18  92  
 -66 -49  51  
 -28  -8  92  
  77 -55  19  
 -30  53  75  
  85 -31  34  
  89  -9  36  
 -64 -65  31  
  88   3  39  
   6  96   7  
  72 -16  62  
  26  59  72  
  20 -28  90  
  42  47  73  
  41 -71  51  
  86 -33  29  
  47 -74  40  
   4 -41  87  
  26  44  82  
  24 -88  32  
