  52   2   7  
 -44  -1  29  
  51  13   1  
 -23 -11  46  
  28  25  37  
  45  27   2  
 -19 -27  41  
 -52   3   7  
 -39  30  18  
 -36  -4  38  
 -45 -14  23  
 -35 -38   9  
 -37 -34  16  
 -25 -11  45  
 -18  40  29  
 -16   0  50  
  52   0   8  
 -43 -30   3  
  45  17  21  
 -43 -17  25  
  -9  10  51  
 -47  22   8  
  32  23  35  
 -29  -7  43  
 -36  36  12  
 -23   4  47  
   5  25  46  
 -28 -43  12  
  25 -46   0  
 -46  20  16  
  45   2  27  
  32  -7  41  
  10  16  49  
  42  14  28  
   4  -5  52  
   8  24  46  
  51  10   9  
  13   9  50  
 -31 -16  39  
 -23 -17  44  
  31  40  14  
  17 -41  28  
  15   3  50  
 -32  41   6  
 -16   3  50  
 -36  -3  38  
  27 -39  22  
 -19 -49   1  
  26 -44  12  
  46  25   2  
 -50  14   8  
  39  27  23  
  12 -36  36  
 -52   0   7  
  13  19  47  
  39  -9  34  
  23  40  25  
  -7  50  15  
  -5  21  48  
 -39 -19  30  
   5 -52   5  
  19  27  41  
  39  18  30  
  -8  10  51  
 -46  10  23  
  46 -14  21  
 -16 -19  46  
   6 -45  26  
  51 -11   7  
  -4  49  18  
  10  25  45  
  -1 -36  38  
  21  10  47  
  27  42  17  
  23   4  47  
  17  21  45  
  44  13  26  
 -12  -3  51  
  26 -16  43  
  13  41  30  
  19  16  46  
 -20   6  48  
 -52  -1   7  
  47  20  13  
 -15 -50   4  
   7   9  51  
  45  26   8  
  25 -23  40  
  -4  35  39  
 -34 -19  35  
  21 -34  34  
  -3 -27  45  
 -46   7  24  
  50 -10  12  
 -48 -18  11  
  27  45   2  
 -36  15  35  
   4   4  52  
  47  19  14  
  14  44  25  
 -21 -46  15  
   3  52   8  
  16 -19  46  
  28 -32  31  
   9  51   7  
  47   3  23  
 -50   8  13  
   7 -17  49  
 -22  43  21  
   4  52   5  
   3  -7  52  
 -13  39  33  
 -20 -43  22  
   6 -42  31  
   1 -36  38  
  19 -38  31  
  17 -13  48  
  12 -33  39  
  28 -39  21  
  12  -3  51  
 -13 -14  49  
   4 -49  19  
  11 -50  12  
  22 -42  23  
  19 -47  14  
  36  33  19  
  49   9  17  
 -42 -23  21  
 -40  14  31  
 -40   7  33  
 -38 -29  22  
 -41 -16  29  
  -8 -14  50  
  -2  -8  52  
 -27  45   5  
   9  33  40  
  20  48   6  
  34 -38  12  
  -2 -52   5  
  28   7  44  
  33  11  39  
  32  25  33  
 -50 -15   7  
 -52  -5   5  
   9   7  51  
 -35 -32  22  
 -10 -45  25  
 -28  39  21  
   4 -15  50  
  10  -6  51  
  35 -13  37  
  15  47  18  
  42 -21  24  
  14  27  43  
  22 -45  15  
 -39 -18  30  
  27 -39  23  
  29 -38  22  
  50  12  10  
 -51  11   6  
  14  43  27  
 -31  24  35  
  34  23  33  
 -44 -28   5  
  35  36  16  
   8 -45  26  
  48  -1  21  
  28 -33  30  
  21  36  32  
 -48 -12  17  
 -27  16  42  
  49  16  11  
  36 -12  36  
  48  18  11  
  37  33  17  
 -24 -26  39  
  47 -21   9  
  21 -32  36  
  27  42  16  
  17 -16  47  
  44  20  20  
   8 -52   3  
  11  15  49  
 -18  22  44  
 -52   1   6  
  21  48   2  
  29 -16  41  
  34  -2  40  
  14 -46  21  
  34  38  12  
 -43   5  30  
  -3   8  52  
  40  14  31  
  -8  40  33  
 -26  45   7  
   0 -38  36  
 -50  -8  13  
  17 -44  23  
 -37 -27  26  
  -3 -21  48  
  29  26  35  
 -15  42  28  
  19 -39  30  
  25  25  39  
  21   6  48  
 -10  -6  51  
  -6  25  46  
 -20 -39  29  
 -18 -42  26  
  35  -3  39  
  41  29  15  
  36  -2  38  
  30 -31  30  
 -32  28  31  
 -26 -39  24  
  -1 -34  40  
 -48  20   8  
 -45  19  19  
  31 -42   5  
  31  42   7  
  10  19  48  
  20 -29  39  
  49 -11  15  
  27  45   3  
   3 -25  46  
  -1 -27  45  
  31   7  42  
 -32  33  25  
 -16  -2  50  
 -33  39  11  
  29 -42  12  
 -31 -22  36  
   6  51  11  
  16  34  37  
 -12  46  22  
  -5  30  43  
  16  50   3  
 -44 -23  17  
  34  25  31  
   8  33  40  
 -45 -17  21  
 -16  26  43  
 -16 -49  10  
   3  39  35  
 -51   2  13  
  20 -20  44  
  15 -48  15  
 -20 -15  46  
  39  33  12  
 -40  27  21  
  46  24   7  
  37  10  36  
  43 -23  20  
  12 -18  48  
 -38   5  36  
   4  27  45  
  14 -44  25  
 -30   5  43  
 -39 -24  26  
  31  10  41  
 -29  36  25  
 -33  36  19  
  15   7  50  
  30  28  33  
 -37  21  31  
  39  27  22  
 -34   2  40  
 -16 -34  37  
  48 -13  17  
   3  -6  52  
  35 -16  36  
  40  34   2  
 -51  -6  10  
 -44 -11  26  
  31 -27  33  
 -24 -21  42  
  -6  23  47  
  41  26  20  
  -9 -45  25  
 -21  39  28  
  40 -34   1  
 -15 -33  38  
  19 -25  42  
  17 -37  33  
  35 -34  19  
  -4  21  48  
  20 -47  13  
  27 -43  14  
  30  39  19  
  -2 -33  41  
 -48  20   6  
  33  35  21  
 -52   7   5  
 -22  44  18  
 -30   1  43  
  -4   7  52  
 -42 -31   3  
 -40 -25  23  
 -45  -9  26  
  -1 -52   7  
