  62  29  62  
 -28 -54  70  
  59   6  71  
 -75 -40  37  
  86 -34   5  
  88 -22  19  
 -11 -58  71  
 -31 -84  23  
  27  87  15  
  49 -51  60  
 -31 -49  72  
  16 -15  90  
   1  22  90  
 -54  53  53  
  34   0  86  
   5  75  54  
  55  -4  74  
  62  59  35  
 -72  57  11  
  18 -66  62  
 -29 -72  50  
 -22 -12  89  
  62  50  47  
  11 -73  56  
 -79  29  38  
 -40  79  26  
   2  83  41  
  -3 -92   8  
 -46 -64  48  
 -71 -19  56  
   2 -39  84  
  -4  41  83  
  40   7  83  
  88   3  29  
  61 -45  53  
 -79  48   1  
 -43  13  81  
   7  68  62  
 -24 -77  45  
   5  39  84  
   2 -43  82  
  42  65  51  
  49 -48  62  
  82 -43   3  
 -50  11  77  
  47  30  74  
   6 -82  42  
  12 -45  80  
  45  73  35  
  -6 -52  76  
  39 -31  78  
 -89 -22  14  
 -62 -14  67  
  40 -21  81  
  51   4  77  
  76  22  48  
 -79 -48   4  
  51  55  54  
  82  43   4  
  22  46  77  
  13  79  46  
 -12  77  50  
  38  84   8  
   9  23  89  
 -57  13  72  
  59  25  67  
  37 -66  53  
  61  -8  69  
  14  62  67  
  19  90  11  
  40  75  37  
  32 -67  55  
  -5 -72  58  
  23  58  68  
 -81 -44   7  
 -42  65  51  
  84  19  34  
  12 -51  76  
  69 -59  18  
  30 -62  62  
 -20 -28  86  
  46 -31  74  
  58 -70  18  
 -50  13  77  
 -84  31  23  
  32 -61  62  
  28  85  23  
 -19 -65  63  
  72  36  46  
 -30   7  87  
 -72 -35  46  
 -62 -29  62  
   2 -17  91  
 -88 -27   7  
  15 -86  30  
  85 -32  17  
  16  57  71  
   6 -89  24  
 -88  -3  28  
  20 -90   9  
  91 -17   3  
  10  52  76  
  38 -62  57  
  38  79  30  
  65  19  63  
 -46 -80   8  
  91  -8  13  
 -17  43  80  
  29  47  74  
   8 -82  42  
  90 -10  19  
  92   1   9  
  55 -22  71  
 -22 -59  68  
 -69  49  37  
 -19 -52  74  
  14  88  24  
 -14  88  25  
   8  76  52  
  23 -65  62  
 -75  23  49  
 -35  37  77  
 -22 -79  43  
 -25  84  29  
 -89   7  24  
 -78 -40  29  
  46  61  52  
  53  72  24  
  37 -59  61  
  63  56  38  
  23 -80  40  
  -4  67  64  
  16  88  24  
 -25  89   4  
 -44  68  45  
  78 -48  12  
 -10 -70  60  
  -1 -10  92  
  12  29  87  
 -89   6  25  
 -43  82   4  
 -58 -69  21  
  68 -38  50  
  89  22  12  
  -1 -34  86  
 -64  47  47  
  15 -79  46  
   5  84  39  
 -35  64  57  
  46  67  44  
 -46 -80   5  
   9 -90  19  
  36  57  63  
 -66 -54  36  
 -25  51  73  
 -32 -47  73  
 -88 -11  27  
 -20  14  89  
  15 -80  44  
  -8   7  92  
  53  48  59  
  20  84  33  
   5  34  86  
 -20 -88  21  
 -17 -58  70  
  21 -43  79  
 -83  37  16  
  82 -41  12  
  -1 -41  83  
 -28  62  63  
  89   5  25  
  22  90   1  
  37 -25  81  
  16 -83  38  
 -51  49  60  
 -82  -2  43  
  -5  86  34  
  83  26  32  
 -35  82  25  
  -5   7  92  
  51 -57  52  
 -89 -16  20  
 -41  18  81  
  -5 -84  38  
 -57 -44  58  
 -27  82  33  
  72 -15  56  
  87  -1  31  
 -16  23  88  
 -25 -73  51  
 -68  30  55  
  41 -74  38  
  17 -53  74  
  46  72  35  
  90   1  22  
 -72   4  58  
  -9  89  24  
 -10  92   6  
 -10 -24  89  
  45  81   4  
  42  44  70  
  72  58   6  
  35  62  59  
  14 -16  90  
  60  18  68  
 -12 -89  23  
  -3 -57  73  
  65  39  53  
 -53 -71  26  
  48 -25  75  
  35  76  40  
  79 -18  45  
  -7  30  87  
 -59 -70  14  
  67  57  28  
 -84  -4  39  
   6  -8  92  
  16  66  63  
 -92   3  11  
 -74  24  50  
 -83  41   5  
  86 -13  31  
 -56  36  64  
  35  79  33  
 -36  15  84  
 -36 -44  73  
  -2  90  21  
 -45 -75  30  
  38  42  73  
  25 -46  76  
   7 -80  46  
  27  87  16  
 -28 -85  24  
 -36  85   8  
 -31  -4  87  
 -76  -3  53  
   0 -78  50  
 -91 -10  13  
  54 -55  51  
  31  66  57  
  25 -87  20  
  27  69  55  
 -37 -72  45  
 -11  64  66  
  61  68  15  
  53 -65  39  
  86  33  10  
 -46  37  71  
 -64 -64  18  
  11 -88  27  
  83 -20  36  
 -33  33  80  
  49  20  76  
  53 -26  71  
 -40  -6  83  
  58 -12  71  
  19 -86  29  
 -22 -60  67  
  39  82  18  
 -39 -76  35  
 -70   9  60  
   4 -39  84  
 -67  -4  64  
 -35 -84  17  
 -91 -16   8  
  64  41  53  
  51 -18  75  
 -55  36  65  
   5 -92   6  
 -59 -67  25  
 -88  28   6  
 -70 -33  51  
 -65  63  19  
  51  43  64  
  78  46  18  
 -21 -84  32  
 -32  29  82  
 -92 -11   4  
 -43 -76  31  
 -14  76  51  
  80  29  36  
 -77  13  50  
 -50  76  16  
 -71   4  59  
 -26  80  39  
  90 -16  15  
  21  70  57  
  71  52  28  
  21  90   5  
 -56  60  43  
  14 -84  36  
   2  51  77  
  19 -74  52  
 -83  38  14  
  50  77  10  
  42   9  82  
  60  70   5  
  71  57  17  
 -69 -58  21  
  57 -58  44  
