 -13   5  30  
 -25  -4  21  
 -16  22  19  
  16  13  26  
 -28   5  17  
 -25   8  20  
  11  28  13  
 -27 -13  14  
   6 -19  26  
  31  10   6  
  24 -10  20  
  -2   8  32  
 -29 -15   5  
  -4 -21  25  
  21  18  18  
 -13 -23  20  
  32  -4   8  
 -25  21   4  
 -12 -26  16  
 -31  -4  10  
 -10 -26  18  
 -20   4  26  
 -23 -13  20  
 -20 -12  23  
  21 -19  17  
  -3 -33   1  
  30  12   6  
  -7  -3  32  
  13  28  11  
 -13  -4  30  
  -1  -3  33  
  33  -2   2  
 -25 -16  14  
  30  -8  11  
 -29  -9  13  
  21   8  24  
  -9 -13  29  
  30  -7  12  
  20   3  26  
   7  32   4  
 -30   9  11  
  15  14  26  
  28  13  11  
  17   4  28  
  19  26   6  
 -19  23  14  
  -3  15  29  
 -26 -19   7  
 -20 -26   3  
 -27   0  19  
 -20  14  22  
  30  -9  11  
   3 -15  29  
  24 -20  10  
 -27  15  11  
   5  -6  32  
  11 -31   1  
 -19   1  27  
  11 -31   2  
 -27  11  15  
  11   9  30  
  18 -14  24  
  15  -5  29  
 -18  -9  26  
 -18 -15  23  
 -26  -2  20  
 -14 -10  28  
  13   2  30  
 -10   6  31  
   3 -25  21  
   0  -7  32  
   5  22  24  
 -28  -8  16  
 -32  -7   5  
  22 -22  11  
   1   1  33  
 -26   6  19  
   0   1  33  
 -12 -24  19  
 -29   3  15  
  13  30   2  
 -29  -1  16  
   7  14  29  
 -22 -21  13  
 -25 -15  15  
 -20  -4  26  
  -2  30  13  
  20 -14  22  
   3   1  33  
  -4 -17  28  
  21 -21  14  
 -19 -26   7  
 -17  -5  28  
 -25  -8  20  
 -28   4  17  
 -31  10   6  
  -4  31  10  
  22 -24   5  
 -27 -15  11  
   9 -32   0  
  31 -11   1  
  28  12  13  
 -13  25  17  
   2 -33   0  
 -25 -12  18  
 -10  -6  31  
   2  28  17  
  13  -2  30  
  -7  32   5  
 -31 -11   1  
  10   9  30  
  18  18  21  
  -6 -32   5  
   6  27  18  
 -28  13  12  
 -29  13   8  
  14  30   1  
 -14 -26  15  
  30  -6  13  
  -8  -1  32  
  -5 -20  26  
  -1  -7  32  
 -14   0  30  
  -8 -26  19  
 -29 -14   6  
   5  -5  32  
  -8 -31   8  
   7  32   3  
   7   1  32  
 -29  -6  15  
 -11 -17  26  
 -15   6  29  
  11 -11  29  
 -11  31   2  
 -30  13   2  
  20  26   2  
   7   0  32  
  25  -4  21  
  12 -25  18  
  10  25  19  
   5 -22  24  
   5 -26  20  
  30   2  13  
  17  -5  28  
 -29  12  10  
  25 -16  14  
  19  -8  26  
  -3  33   2  
   2 -19  27  
 -10  25  19  
   0  33   0  
   3  26  20  
 -19  17  21  
 -14  30   2  
   3 -14  30  
   6  30  13  
 -17  28   4  
   2 -33   3  
  13 -30   6  
  24   0  23  
   0  17  28  
 -20  16  21  
   6  -9  31  
   3 -19  27  
 -13 -27  14  
  29  15   6  
  13  30   5  
  14  26  15  
  29 -14   7  
  -6 -21  25  
  12 -27  15  
 -27  -9  17  
 -32   3   8  
 -26 -20   5  
  29  13   9  
 -11 -28  13  
  -4 -23  23  
  30   3  13  
  15  29   4  
   0  28  17  
 -25  19  10  
  13 -22  21  
 -19  24  12  
   0  23  24  
  17 -15  24  
  -7  25  20  
  23   5  23  
 -15 -29   6  
  -6  30  13  
  -5 -32   7  
  -7   3  32  
   4 -25  21  
  23 -13  20  
 -11 -28  14  
  32   0   8  
  17  28   2  
 -20 -11  24  
 -18  26   9  
   5 -15  29  
 -13  12  28  
   2   3  33  
 -19  25  10  
   9 -11  30  
  28  -2  17  
   0  27  19  
   3  31  11  
   3  28  17  
   5  17  28  
 -14  24  18  
  -7 -19  26  
  29  14   8  
  32   0   9  
   4 -21  25  
  30 -11   9  
  -6   6  32  
 -17 -18  22  
 -32   6   4  
  26  20   0  
 -16 -27  10  
 -30 -12   6  
   8  22  23  
  18   9  26  
  28   4  17  
 -17  -1  28  
  -4   6  32  
  31   4  11  
 -21 -17  19  
   9 -26  18  
 -23  23   5  
   0  33   3  
 -26 -20   4  
  -4  13  30  
  10  -9  30  
 -17 -21  19  
  -6 -32   4  
  10   5  31  
  -6 -31   9  
 -26 -20   2  
  22 -24   6  
   4  -7  32  
 -13  30   2  
  24 -15  17  
  10  -6  31  
  17   8  27  
  -5 -18  27  
 -32   5   7  
  32  -1   7  
   2  31  11  
  11 -23  21  
   7  28  16  
 -11 -24  20  
  26 -20   4  
  -3   0  33  
 -11  -4  31  
 -21  -6  25  
 -13  30   4  
  23  23   4  
  17 -18  22  
 -18  25  12  
 -23 -22   9  
  -3  25  21  
  31  -2  11  
  29 -16   2  
  25  18  12  
  10 -28  14  
 -32  -5   5  
  -2  33   3  
  26 -20   5  
  -3 -32   7  
  20  12  23  
 -15 -28   8  
 -24   5  22  
 -20 -26   4  
  16   6  28  
 -24  22   6  
 -30  10  10  
  12 -18  25  
 -31   6   9  
  19  18  20  
 -22   9  23  
   7  18  27  
  17   0  28  
   1  29  16  
  -9 -15  28  
  21  -5  25  
  30 -12   6  
  26  19   8  
 -28  16   8  
  23 -11  21  
 -18  17  22  
  19  16  22  
   3 -17  28  
  23 -24   0  
  29 -10  12  
  25  15  15  
 -10 -14  28  
  18 -21  18  
   6 -27  18  
 -21  14  21  
  16 -20  21  
