  29 -16   5  
 -22  11  23  
 -11 -27  17  
  30   6  14  
   4 -33   5  
 -20  -9  25  
  20 -10  25  
  28 -18   4  
  28  11  15  
   1 -31  12  
  25 -22   5  
   6  -1  33  
   8  32   5  
  -7 -32   6  
 -32   1   9  
 -29   6  16  
  -9  32   4  
  23  23   8  
   3 -10  32  
   9  27  18  
 -27   3  20  
  23  11  22  
 -19  20  19  
  11 -29  13  
  11  30  10  
   9 -32   1  
 -13  30   8  
 -22  25   1  
  -9  30  12  
  21  24  10  
  -3  25  22  
  10  -3  32  
  -1 -20  27  
  -8 -32   6  
  22 -25   0  
   3 -27  20  
 -33  -5   1  
  22  18  18  
 -23  -3  24  
 -16 -11  27  
  31  -9   8  
 -20  18  20  
  30  11  10  
 -22   8  24  
 -11 -29  13  
  22  22  13  
   5   1  33  
 -29  -9  14  
  23  23   9  
   5  18  28  
 -15  15  26  
  27  20   0  
 -31  -8   9  
  11 -27  17  
 -19 -21  18  
  -7 -21  25  
  -5   1  33  
  -1 -28  18  
 -12 -22  22  
  10  29  14  
   0 -28  18  
  33   5   1  
 -33   1   7  
 -19 -20  19  
 -12 -27  16  
  29   3  16  
  18   4  28  
 -14 -30   4  
 -25  20   9  
 -30 -14   4  
  -1  32  10  
 -14  -9  29  
  32   9   1  
 -33   3   6  
   5   3  33  
 -24  19  13  
  33  -7   1  
 -14 -29  10  
  19 -17  22  
  18  19  21  
  17  23  17  
  29  15   7  
  21 -26   3  
  16  16  25  
 -14  30   4  
 -13 -15  27  
  -3   5  33  
 -22 -23  11  
 -11   7  31  
 -31   3  12  
   2 -26  21  
  28  18   3  
  -7  29  15  
  13   7  30  
 -16  -4  29  
   5  30  14  
 -28  14  12  
  -3  33   5  
  -5 -33   3  
  -6  16  29  
  -1 -33   5  
  15  30   3  
  19 -24  13  
   3  -6  33  
  17  17  23  
  24   1  23  
  -8  29  15  
   3  18  28  
  16 -29   3  
  -5  -5  33  
  28 -13  13  
  31 -12   3  
  30  12   8  
 -27   4  19  
  31   0  13  
  16  24  17  
  -5  18  28  
 -33  -5   2  
 -14 -19  24  
  12  14  28  
 -31  12   3  
 -14  17  25  
  13  31   3  
 -32   1  10  
 -18  24  15  
  18  16  23  
  -9 -16  28  
 -20 -12  24  
  24  22   7  
   5 -18  28  
 -20 -24  12  
  30  15   1  
   5 -33   3  
  -4   1  33  
  15   3  30  
  27 -20   1  
  17   7  28  
  33   2   6  
 -16 -21  21  
  32   0  10  
  15  27  13  
   2   9  32  
 -31 -12   4  
  16  27  11  
  21  20  17  
 -21  21  15  
  22  13  22  
  -5 -12  31  
  27 -20   2  
   3 -26  21  
  17 -14  25  
 -31   4  12  
   7 -28  17  
  -9  -9  31  
  22  25   5  
  12   9  30  
 -25  -1  22  
 -19 -13  24  
 -22  25   5  
  20 -12  24  
 -12 -17  26  
 -29 -16   6  
  18 -28   1  
  25 -13  18  
  25   0  22  
 -16 -26  14  
  32  -8   6  
   9 -31   9  
 -25  -3  22  
 -24  -3  23  
 -14  16  26  
  32   6   7  
 -27  13  15  
   0  13  31  
  17 -29   2  
   3   5  33  
 -22   5  25  
   3 -15  30  
  12 -23  21  
 -27  12  16  
 -17  29   3  
  -9 -26  19  
  10 -26  19  
   5 -16  29  
   7   7  32  
  -4  31  12  
 -22  25   4  
   9 -29  14  
 -24  13  19  
  10 -22  23  
 -15 -30   3  
   3 -12  31  
  -5  28  18  
  13  26  17  
 -29  10  13  
  26 -21   3  
  25  15  16  
  24 -10  21  
  28   1  18  
 -15  21  21  
 -26  21   1  
  26 -21   1  
  19  -4  27  
  33   1   6  
 -10   7  31  
  19  21  18  
   5  32   9  
 -22 -22  13  
 -16 -27  12  
   4  -4  33  
 -33   2   4  
  26 -18  11  
  22   7  24  
  -4  12  31  
  -3 -16  29  
 -26  19   9  
 -26 -21   3  
  21 -26   0  
  31  13   2  
  -9  12  30  
 -11  31   7  
  -7  19  27  
  27   0  20  
  23 -24   2  
  15   8  29  
   1   5  33  
 -24   3  23  
   8 -32   7  
  31  12   1  
   8 -32   6  
 -19  10  26  
  16  -5  29  
  -1  22  25  
   3  13  31  
 -11 -12  29  
 -17   8  28  
 -27  -8  18  
   1 -22  25  
  33  -6   3  
  12   1  31  
  22 -23  10  
  14  27  14  
  -2  18  28  
  26  20   7  
 -23  13  21  
  -8  -7  32  
  33  -1   5  
  10  28  15  
   1  10  32  
  31   8  10  
 -18  25  13  
  29   0  17  
  17 -28   7  
 -13 -10  29  
 -19  21  18  
   3  29  17  
 -17  29   2  
   0 -33   5  
 -12  23  21  
  -2 -20  27  
   8  31   9  
  -9  19  26  
 -26 -19   9  
 -11  31   5  
   1  20  27  
  -1 -23  24  
   8 -31   9  
 -18  -8  27  
  16  25  16  
 -14  23  20  
  23   2  24  
   9 -27  18  
 -20  -2  27  
   7  15  29  
 -27  18   8  
 -32  -7   6  
  -1   5  33  
  -9 -30  12  
 -11  31   6  
  14 -17  25  
  23  15  19  
 -23  -7  23  
  -2  13  31  
  -5 -33   1  
  -6 -11  31  
  19  25  11  
  19 -13  24  
  17   3  29  
  -6 -33   1  
  17   0  29  
 -20 -27   1  
  14   5  30  
 -24 -12  20  
   5  16  29  
  22  11  23  
   8 -29  15  
  23  24   4  
 -17  -6  28  
  10 -19  26  
  11  28  15  
