  -2  10   2  
   0   9   5  
  -9   5   3  
   3   9   5  
   9   3   5  
   7  -7   4  
  -6   5   7  
  -9  -3   4  
   9  -3   5  
   0  -7   8  
   8   5   5  
   2  -9   5  
   3  -6   8  
  10   3   2  
  -3  -4   9  
   1  -3  10  
  -4   9   3  
  -8   6   3  
  -3   9   5  
   5   5   8  
  -9   1   5  
  -5   0   9  
  -3   2  10  
   5  -9   0  
  -5  -1   9  
   3 -10   1  
 -10   0   3  
   9   3   4  
  -5   9   3  
   4   9   4  
  -9  -4   3  
   5   0   9  
   4  -3   9  
  -2   2  10  
   7   8   1  
   8   1   7  
   5  -2   9  
   5   7   6  
  -4  -4   9  
  -6   3   8  
   6  -6   6  
   6   3   8  
  -5   6   7  
  10  -3   2  
   5  -8   5  
  -7   5   6  
  -1   8   7  
  -9   5   2  
   1   8   7  
   7  -5   6  
  -8   5   5  
   8  -7   1  
  -2 -10   2  
   9  -4   3  
  -5  -5   8  
   1   5   9  
  -4   9   4  
   2   5   9  
  -3   8   6  
  -3  10   2  
   4   4   9  
 -10   1   3  
  -3   0  10  
  -9   4   4  
  -3  -1  10  
   4  -9   3  
   5   6   7  
  -7  -4   7  
   7  -8   0  
   3   0  10  
   3  -7   7  
  -7   4   7  
  -5   1   9  
   3   7   7  
   1   3  10  
  -3   1  10  
   5   9   2  
  -3   4   9  
   0   3  10  
   2  10   3  
 -10   3   1  
  -5  -6   7  
   2  -5   9  
  10   2   3  
  -9   3   4  
   5  -5   8  
   7  -8   1  
   2 -10   3  
  -9   5   1  
   3  -1  10  
  -2   3  10  
   7   1   8  
   6  -7   5  
   8   7   1  
  10   3   0  
  10  -3   1  
   9   5   3  
  -9   4   3  
  -6   8   3  
   1  -9   5  
   0 -10   3  
  -1  -5   9  
  -8  -3   6  
   3   4   9  
   3  -8   6  
  -4   4   9  
   6   6   6  
   3   2  10  
  -8   3   6  
  -6  -7   5  
   5   9   0  
   9  -5   1  
  -5   9   1  
   0   5   9  
  -3   7   7  
   7   7   3  
   5   3   9  
   7   0   8  
  -4  -7   7  
  -1  -8   7  
  -6   6   6  
   7   4   7  
   2   9   5  
   9   5   1  
 -10  -2   2  
  -5  -9   2  
  -1 -10   3  
   7   3   7  
   6   5   7  
   2  -2  10  
  -3  -7   7  
   3  -9   5  
   3 -10   2  
   3 -10   0  
   0   8   7  
   3   8   6  
   2  10   2  
 -10  -2   3  
  -5  -9   3  
  -2  -9   5  
  -6  -3   8  
  -7  -7   3  
   8  -6   3  
  -7  -1   8  
  -9  -2   5  
   1  -8   7  
  -7  -8   1  
   9   0   5  
  -3  -8   6  
  -2   5   9  
  -5  -2   9  
  -6   7   5  
  -7   7   4  
   9  -2   5  
  -7  -3   7  
  -3  -9   5  
   2 -10   2  
   3  10   0  
  -5  -9   1  
   5  -9   2  
  -8   0   7  
   5   9   1  
   1  -5   9  
   0  -3  10  
   8   0   7  
   7  -1   8  
  -1   5   9  
  -1  10   3  
  -9   3   5  
   9  -5   0  
   1  10   3  
 -10  -3   1  
   0  10   3  
   5   2   9  
  -9  -1   5  
  -2   9   5  
   7   5   6  
  -5   7   6  
  -1   7   8  
  -5   2   9  
  -4  -9   4  
  -3  -2  10  
  -7   6   5  
   9  -3   4  
  -2 -10   3  
   3  10   2  
  -5   9   2  
  -3 -10   2  
   2   3  10  
   1   7   8  
  -8   1   7  
   6   7   5  
   7   7   4  
  10  -2   3  
   8   3   6  
  -3  -6   8  
  -9  -4   4  
  -2  -3  10  
   7  -7   3  
   7   8   0  
   7   6   5  
   6  -3   8  
  -8  -7   1  
   3  -9   4  
  -3   5   9  
   9   5   2  
   9  -5   3  
  -1   3  10  
  -1   9   5  
  10   0   3  
  -6  -8   3  
  -5  -8   5  
  -8  -5   5  
   5   1   9  
   9   5   0  
  -6  -5   7  
  -2  -5   9  
  10   1   3  
   5  -1   9  
  -1  -7   8  
   8   7   0  
   5  -3   9  
   3   5   9  
  -2  10   3  
  -4  -9   3  
  -4  -3   9  
   3  -5   9  
   9   4   4  
 -10   3   2  
   8  -7   0  
  -9  -3   5  
  -7   8   1  
 -10  -3   2  
   5  -9   1  
  -9  -5   3  
  -8  -1   7  
  -5   8   5  
   8  -5   5  
   6  -5   7  
  -9  -5   1  
  10  -1   3  
   4  -4   9  
   3  10   1  
  10  -3   0  
  -8   7   1  
   5  -6   7  
  -5  -7   6  
   5  -9   3  
   0  -9   5  
 -10   2   2  
   9   2   5  
   8  -3   6  
  -3   6   8  
  -7  -6   5  
   4   9   3  
   1   9   5  
  10   2   2  
  -7   1   8  
   2   2  10  
  -9   2   5  
   9  -4   4  
   4   7   7  
   7  -6   5  
  -7   3   7  
   0  -8   7  
   3  -4   9  
  -1  -9   5  
  -9  -5   2  
   5  -7   6  
  10  -2   2  
   5   8   5  
  -5   5   8  
  -8  -6   3  
   9   4   3  
   4  -9   4  
   3  -2  10  
  -5  -3   9  
   4  -7   7  
   0  -5   9  
   1  -7   8  
   0   7   8  
   6  -8   3  
   3   1  10  
   9   1   5  
   6   8   3  
  -3  10   1  
  -3   9   4  
   5   9   3  
   7  -4   7  
   9  -1   5  
  -4   7   7  
  -2  -2  10  
 -10   2   3  
  -1  -3  10  
  -9   0   5  
  -7   7   3  
 -10  -1   3  
  -6  -6   6  
  -3  -5   9  
   7  -3   7  
