 -27  25  34  
 -44  20  12  
  -7  18  46  
  49   6   7  
  24 -37  24  
  13  47  11  
 -47  -7  15  
 -44  -4  23  
 -37  26  21  
 -21  11  44  
  -8 -49   4  
  24 -32  30  
  41 -20  20  
  -9  38  31  
 -42 -25  10  
 -40  19  23  
  -1  20  46  
   1 -49   9  
  -2  46  19  
 -19  46   5  
  14 -48   1  
  44 -21  10  
  38 -32   6  
  -2  49   9  
  20  13  44  
  40  20  22  
  27   3  42  
   5  34  36  
 -23 -44   5  
   9  -6  49  
 -19 -19  42  
 -44 -14  19  
 -48   2  14  
 -30 -23  33  
 -29  25  32  
 -40 -28  10  
   2 -48  14  
  45 -20   8  
  10  44  22  
 -18  28  37  
   7 -16  47  
   9 -11  48  
 -15 -36  31  
 -13  36  32  
  45 -22   2  
   0  49   9  
 -36  34   8  
   2   3  50  
 -26 -18  39  
 -36 -32  13  
 -37 -23  25  
  39  31   0  
 -20  42  19  
  14 -23  42  
 -35  16  32  
 -32 -38   3  
  -3  -4  50  
  -1  14  48  
   0  11  49  
  47   4  16  
  50   0   1  
 -41  14  25  
 -26  21  37  
  46 -20   0  
  41  10  27  
  47  17   1  
  41   4  28  
  29  12  39  
  26 -42   9  
  22  44  10  
  34  34  13  
  48   3  14  
  45 -19  11  
 -38 -12  30  
  20 -42  19  
  34  16  33  
   4 -49  10  
  22 -44   9  
   6  42  26  
  -9  39  30  
 -41  27   9  
  -7   7  49  
 -20 -22  40  
  26  24  35  
 -13  -2  48  
 -42  -5  27  
 -21 -15  43  
  -3 -19  46  
 -24 -13  42  
  20   9  45  
 -10 -44  22  
   4  28  41  
  11  23  43  
   8   5  49  
 -20   1  46  
  33 -14  35  
  42 -25  11  
   9  -3  49  
  41  18  22  
 -44  24   1  
 -30  39  10  
 -45  15  16  
 -30  -2  40  
  -8   6  49  
 -33  24  29  
   7  47  15  
  39  19  25  
 -41  25  14  
 -37  30  16  
 -45  -6  21  
  19  42  19  
  -1 -48  14  
   6 -43  25  
 -15  -8  47  
 -27 -42   5  
   8 -49   7  
  29 -34  22  
  38  -6  32  
 -18  40  24  
 -35  34  12  
  41  28   7  
   3  14  48  
 -25  41  14  
 -15  30  37  
 -30 -34  21  
 -42 -26   8  
  45  11  19  
 -20  30  35  
 -47 -17   5  
  26  20  38  
 -18 -45  13  
 -28  35  22  
 -47  15   9  
 -41   4  28  
  48  13   7  
  31  39   2  
 -44  10  21  
 -26 -40  15  
 -40  -9  29  
 -11 -16  46  
  17   9  46  
   5  30  40  
 -37   6  33  
 -22 -42  16  
 -41  21  20  
  -6  49   9  
  35 -30  19  
 -19 -28  37  
 -49  -8   7  
  27  40  13  
   2  46  19  
  34  -7  36  
 -20  35  30  
   5 -44  23  
   7 -28  41  
  34  36   6  
 -39  30   8  
  19  20  42  
  49   7   8  
  31 -39   1  
 -34  24  28  
  37 -17  29  
  41 -27   9  
  49   7   6  
  39  31   2  
 -39  26  17  
 -46 -13  14  
 -25  21  38  
  -6 -44  23  
  45 -10  20  
  48  -1  14  
 -14  -4  48  
   6  48  12  
  -9 -47  14  
  15  16  45  
 -34  16  33  
 -37 -31  13  
  35  35   8  
  36  -6  34  
 -20 -28  36  
  38   5  32  
   8  43  24  
 -13   2  48  
 -46 -18   8  
 -31  39   5  
  41  21  20  
   8  15  47  
  33  27  26  
   1 -48  14  
  16 -44  18  
 -41   9  27  
  19 -46   0  
 -25  43   6  
  48   7  13  
 -24  18  40  
 -32  38   3  
  44  24   1  
  -2 -24  44  
  -2 -22  45  
   7  48  12  
 -41  21  19  
 -25 -43   2  
  16  47   4  
  45  -3  22  
  18 -44  15  
  36 -26  23  
 -20  34  31  
 -13 -15  46  
 -44   9  22  
 -15  36  31  
  15  30  37  
 -28  33  25  
  31  16  36  
 -30  36  17  
   6 -45  21  
 -49   9   6  
 -15  44  18  
  -7 -47  16  
 -26 -17  39  
  -4  -1  50  
  47  -4  16  
 -22 -18  41  
   8  26  42  
 -42 -24  13  
 -31 -36  16  
 -25  37  22  
   8 -29  40  
 -17  45  14  
  28  21  36  
  14  41  25  
  43  24  10  
   5 -38  32  
  25 -30  31  
 -38  31  10  
  42  -4  27  
   2   0  50  
 -14  36  32  
 -20 -12  44  
  47  16   5  
  46 -15  12  
 -24  32  30  
 -26  41  11  
 -17 -46   9  
 -40  -5  30  
  13  47  12  
  12  26  41  
 -48  -4  13  
  42 -16  22  
   3 -50   4  
  -9  -3  49  
 -31  19  34  
 -31  15  36  
  13 -37  31  
  42 -20  18  
  25 -32  29  
  43   7  25  
  28  40  11  
 -32  36  13  
  34  31  20  
 -41  -1  29  
  -2 -49   9  
 -32  32  21  
  45  20   9  
  23  44   5  
 -31 -21  33  
 -24  43   9  
  46 -14  14  
  17  17  44  
  -9  46  18  
 -36 -14  32  
 -38 -20  26  
  38  14  29  
 -43  23  10  
  -5   8  49  
  19   0  46  
 -21  22  40  
  13  -3  48  
  50  -3   3  
  34 -11  35  
  30  17  36  
  -8   5  49  
  31  21  33  
  30   4  40  
  32 -32  21  
  47  10  13  
 -35  -6  35  
 -30 -36  17  
 -33  37   5  
  41  27  10  
 -13 -17  45  
  26  31  29  
  -4 -16  47  
   4 -23  44  
  18  43  18  
 -20  20  41  
   9 -26  42  
 -46  10  17  
  39 -30  10  
   4  -8  49  
  -7  37  33  
