  50 -83  69  
  45 -98  50  
 -50 -81  71  
 -79  86  24  
  -2  93  74  
 -57  90  53  
  62 -81  61  
  99  55  37  
  89 -25  75  
 -90 -43  65  
 -43 -65  90  
 -40  94  61  
 -44  84  72  
 -57  77  71  
 -99 -16  64  
 -62 -64  79  
  69  70  67  
 -81 -24  84  
  73  72  60  
 -77 -90   9  
  69  96  13  
  80  23  85  
 -10 -86  82  
  46 -74  81  
  30  59  99  
   4  89  79  
  15  67  97  
 -84  56  63  
  69  38  89  
  74  33  87  
  60  76  69  
 -77 -23  88  
   1  88  80  
 -82 -85  16  
  59  69  77  
  70  31  91  
  81 -66  57  
  94 -31  66  
 -25 -64  97  
 -70  80  53  
  23 -65  97  
  96  -8  70  
 -60 -28  99  
 -93   7  74  
 -39 100  51  
 -76  10  91  
  53  80  70  
  79 -83  33  
  49  91  59  
  75  89  25  
 -25 -96  66  
 -23  65  97  
 -79 -86  22  
 -77  29  86  
 -78 -86  26  
  86 -76  31  
 -16  94  71  
  67 -74  65  
  68 -94  26  
 -89  65  45  
  34 -75  86  
 -32 -75  87  
  -9 -85  83  
  75 -92  10  
 -56 -89  56  
  79 -67  59  
 -78   6  90  
  44 -77  79  
 -97 -62  30  
  50  57  92  
 -74 -24  90  
 -69  45  86  
  72  72  62  
 -68  44  87  
   2 -96  70  
 -80 -46  75  
  84  54  65  
  44  90  64  
  47 -96  52  
   9 -81  87  
 -89  17  77  
  71 -89  34  
 100  59  25  
  81   5  87  
  -1  91  77  
 -55  81  68  
  88 -76  25  
 -88 -69  40  
  66 -90  41  
  10  84  84  
  80 -52  71  
  37  84  76  
 -90 -58  52  
  21 -99  63  
 -59  33  98  
  58 100  28  
  34 -98  58  
 -46  51  97  
  98 -67   5  
 -60 -53  88  
 -57 -67  80  
  51  74  78  
 -60  91  48  
  39 -51 100  
 -81   5  87  
 -29 -76  87  
 -41  96  57  
  -4 -69  97  
 -89 -30  73  
  99  46  47  
 -31 -91  70  
  23 -77  88  
  22 -64  98  
 -96  64  30  
  78 -82  36  
 -83 -66  54  
  72  94  13  
  37  96  60  
 -89 -79   2  
  69  46  85  
 -35 -87  73  
 -80 -88   7  
 -84 -45  71  
 -88  14  79  
  70 -15  95  
 -86  -2  82  
 -59 -57  86  
 -30 -69  92  
  57  95  43  
 -89 -73  31  
  93 -74   1  
  72 -95   0  
   9  82  86  
 -62 100  19  
 -63  44  91  
  65 -34  94  
 -72 -57  76  
  22  64  98  
 -82  67  54  
 -78  56  70  
  75 -92   8  
  77 -76  50  
  71 -85  44  
  93 -73  12  
 -29  94  67  
 -73 -94   3  
 -69   2  97  
 -41  99  52  
   3 -70  96  
 100  64   6  
 -49 -94  54  
 -73 -19  92  
  22  89  76  
  -1 -95  72  
  46 -99  47  
 -39 -69  89  
  44  58  94  
 -82   2  86  
  75 -89  25  
  -7 -87  81  
 -100 -60  24  
  80 -55  69  
  48  49  97  
 -68  56  80  
  80 -83  30  
 -94  66  31  
  88 -79  11  
  86 -82   1  
  -2 -88  80  
 -64 -10 100  
  48  61  90  
  62 -71  73  
 -72  95   2  
  54 -89  58  
  33  82  80  
  19  86  80  
 -87  76  28  
  -9  85  83  
  79  39  80  
 -91 -75  17  
  52 -59  89  
 -96 -12  69  
  41 -83  75  
  59 -98  33  
 -83  79  32  
 -100  49  42  
 -93  -7  74  
  53 -50  94  
 -86 -81  13  
  72 -55  77  
 -62 -22  99  
 -84 -83  16  
  90 -76  18  
 -84 -76  36  
 -55 -87  60  
 -47 -48  98  
  97 -65  24  
 -36  90  69  
 -86   9  82  
 -73  76  55  
 -22 -75  90  
  86 -31  76  
 -25  96  66  
  83  -1  85  
 -91  53  55  
 -76  69  60  
 -97  25  64  
 -91 -48  60  
  89  78  13  
  44 -89  66  
 -72  74  59  
  91 -77   0  
  49  88  63  
 -66 -69  71  
  86 -70  43  
 -77 -54  73  
 -83 -53  67  
  66  15  98  
  85 -15  82  
 -55  69  80  
 -80  -1  88  
 -72  86  40  
  36 -86  74  
 100  27  59  
  71 -79  54  
 -98  28  61  
 -91 -64  42  
 -91 -23  73  
 -87  67  46  
 -99 -59  30  
 -86 -15  81  
  58 -60  85  
  12  76  91  
 -73 -71  62  
  86 -18  80  
  80  63  62  
  -3  98  67  
 -75 -58  72  
 -14 -85  82  
 -92 -72  23  
 -77  83  37  
  99 -32  58  
  74 -88  30  
 -88  77  21  
 -46  87  67  
  63  97  28  
   7 -86  82  
  42 -90  66  
 -14  84  83  
 -58 -37  97  
 -66  97  19  
 -63  86  53  
 -79  83  33  
  76  39  83  
  51 -81  71  
   6 -88  80  
  79  89   0  
 -77  91   1  
  21 -61 100  
  50  65  86  
  83 -78  34  
  19 -69  95  
 -61  95  38  
 -92  71  25  
 -81  80  34  
  62  26  98  
 -98 -67   4  
 -83  37  77  
  99  61  26  
  12 -88  79  
  -2 -84  84  
  88 -23  77  
 -76 -12  91  
  34  69  91  
  43  65  90  
 -95  64  33  
 -69 -66  71  
 -85 -77  31  
 -99  29  59  
  59  90  51  
 -95  69  20  
 -97  57  39  
 -84 -84   3  
  62 -96  34  
 -99 -57  33  
  92 -37  66  
  55 -68  81  
 -94   1  73  
 -39 -71  87  
  87 -12  80  
 -71 -75  59  
  65  68  73  
 -50  60  90  
  80 -85  23  
 -55 -50  93  
 -95 -71  11  
  63  13 100  
 -43  93  61  
  21 -76  89  
  36 -69  90  
