  -9  37  63  
   3 -50  54  
 -69  24   8  
 -48  34  44  
   4 -50  54  
  64  34  12  
  12  -9  72  
  67 -28  10  
 -64  29  22  
 -63 -10  37  
  -3  73   7  
  21 -63  31  
  35 -37  53  
  25  18  67  
  25  69   6  
  49   1  55  
 -31  -9  66  
  15 -43  58  
   7 -40  61  
 -18  71   1  
 -51 -50  18  
  69 -15  20  
 -11 -70  19  
 -16  15  70  
 -44 -23  54  
  59  43   6  
  43 -35  48  
   3 -25  69  
  38 -63   5  
   7 -46  57  
 -71  18   5  
  47 -33  46  
 -45  37  45  
 -23 -54  44  
  38  62   9  
 -66  32   6  
 -41 -48  38  
 -28 -65  19  
  44 -46  37  
  34  -6  65  
 -46  52  24  
 -41  56  24  
   2 -51  53  
  42   6  60  
   6 -42  60  
  -2  32  66  
  31 -31  59  
 -40  -8  61  
  30 -56  37  
  19 -60  38  
 -67  30   3  
   8  55  48  
   9 -40  61  
 -57 -15  44  
  31 -21  63  
 -21  21  67  
  48 -35  43  
   7  71  18  
  22 -70   6  
  56 -23  42  
 -15 -68  23  
  51  45  28  
  73  -5   7  
  64   5  36  
 -63 -13  36  
  -5 -72  14  
 -70  -2  22  
  71   5  18  
  27  61  31  
 -34 -45  47  
 -53  50   8  
  36  57  29  
 -64 -22  29  
  73   3   7  
 -14   4  72  
 -49  46  30  
  39 -50  37  
 -15  64  33  
 -64   3  36  
 -58  45   5  
 -51  36  39  
 -18 -63  33  
  -7  -2  73  
  10 -10  72  
  26 -63  27  
  38  39  49  
  63 -38   1  
  48 -30  47  
  54  22  45  
  43   8  59  
 -62 -36  17  
 -28  -4  68  
 -62  39   7  
  27 -26  63  
  55 -45  19  
   5  60  42  
 -34  65   2  
  38  12  62  
 -57   2  46  
 -73   8   1  
 -68   8  27  
 -66  32   3  
  22 -51  48  
 -20 -53  47  
 -53  42  29  
 -21 -14  69  
  57 -34  31  
  22   1  70  
  22 -24  66  
 -13  65  32  
 -62  28  28  
 -67 -28  10  
 -60 -34  26  
 -33 -49  44  
  24 -21  66  
  54   9  49  
  14 -68  24  
  -7 -27  68  
  -4  32  66  
 -25 -66  20  
   4 -64  36  
  68 -26  10  
  60 -11  41  
  13 -64  34  
   4 -52  52  
  50 -20  50  
  52 -46  24  
  50   9  53  
  -3 -32  66  
 -44  56  18  
   6 -68  27  
  70  18  14  
 -22 -29  64  
  -1 -66  32  
 -62 -26  30  
 -33   9  65  
 -24  58  38  
  70  21   9  
  59 -17  40  
  64  16  32  
 -17 -30  65  
 -54  29  41  
  46 -37  44  
  63  29  25  
 -12 -34  64  
  49  26  48  
  43  58  14  
  39  -8  62  
  73  -4   6  
 -29  67  10  
  -5 -61  41  
  33  11  65  
 -10  16  71  
  -3 -72  14  
 -42 -60   8  
 -23  58  39  
 -14  54  48  
  33  29  59  
  52  -8  51  
  -7  -3  73  
  49  27  48  
  51  48  23  
 -69  21  15  
  21  21  67  
  25  51  47  
 -73   5   8  
  58 -22  39  
   5 -72  13  
 -66  20  26  
  11 -72   9  
  17 -63  34  
  73   7   7  
  73  -2   8  
  35  54  35  
 -65  23  25  
 -66  31   8  
   3  72  15  
  26  55  41  
 -44  33  49  
 -15 -71  13  
 -65  31  15  
 -67  -6  29  
  34  54  36  
 -38  60  19  
  32  34  57  
  50 -49  22  
 -39  31  54  
 -63 -20  32  
 -18  25  67  
 -25 -54  43  
   4  -8  73  
 -31 -56  36  
  67   6  30  
  54  40  30  
   6  42  60  
   7 -37  63  
 -69  -9  23  
  72   3  14  
 -27  42  54  
   2 -32  66  
 -54  13  48  
  26 -45  52  
 -16 -45  56  
 -69   1  26  
 -66 -11  31  
 -67 -18  24  
 -29 -21  64  
  70 -18  13  
 -36 -59  25  
   1  55  49  
 -11  23  69  
  34  64  11  
  21 -70   7  
  68 -27   6  
  49  49  25  
  -9 -47  56  
  70 -10  20  
  24 -33  61  
  -4  22  70  
 -63  36  13  
 -64  -8  35  
 -40  42  45  
 -41 -61   4  
  17 -58  42  
  63  32  21  
   3  57  46  
 -38 -58  24  
 -58 -39  22  
 -16  70  16  
  57  21  41  
 -38  24  58  
  66 -31   7  
  58  -2  45  
  65  26  23  
  48  41  38  
  -6  39  62  
 -42 -17  58  
 -15  71  12  
  39 -48  40  
  25  12  68  
  61   0  41  
 -55 -38  31  
 -36 -62  17  
  18  64  31  
 -59 -16  41  
  71  -1  18  
 -65  11  32  
 -42 -39  46  
 -32 -37  55  
  20  67  23  
  20  51  49  
   3  44  59  
 -67 -23  19  
  15  67  26  
 -72   4  14  
 -65 -30  16  
 -27  52  44  
 -53  -1  51  
   1 -69  26  
   8 -54  49  
  33  58  31  
 -60  27  33  
 -29  52  43  
  62  16  36  
 -49  33  44  
 -52 -22  47  
  38 -39  49  
  71  -8  18  
  29  60  31  
  44 -48  34  
 -15 -69  20  
 -13 -70  19  
 -25 -69   3  
 -14  66  29  
  25  -6  69  
  34 -61  23  
 -21 -24  66  
  17 -68  22  
 -19 -71   3  
  44  58   9  
 -53  48  16  
   9 -13  72  
  22  -5  70  
 -11  65  33  
  53 -45  24  
 -38 -47  42  
  28   0  68  
   8 -29  67  
 -55 -30  38  
 -50  25  48  
  64  30  21  
 -72  -7  13  
  66   9  31  
  68   5  28  
  51  20  49  
  52   2  52  
 -46 -56  12  
 -61  25  33  
 -42 -59  13  
   7  42  60  
