  32  76  83  
  96  33  58  
  80  37  77  
 -49 -36 100  
  81  -9  84  
 -76 -88  12  
 -21  88  74  
   0 -77  88  
 -65  40  89  
 -93 -11  70  
 -72  -1  92  
   3 100  61  
  80   9  85  
 -11 -96  66  
 -69 -39  86  
  83 -30  77  
 -13  77  87  
 -88  77   8  
 -98 -64   5  
 -89  72  23  
  71 -88  30  
 -14  86  78  
 -72  80  46  
 -57 -85  57  
  11 -63  98  
  85  65  47  
  97 -63  16  
 -76  62  64  
  46 -44  98  
 -62   0  99  
 -87  69  37  
  60 -85  54  
 -100 -12  60  
  37 -83  74  
  74  64  64  
   9  86  79  
  36  91  64  
  73 -22  89  
 -82  83  10  
   4 -67  96  
  43  67  86  
 -83 -53  63  
 -100 -52  32  
  74  16  89  
 -29 -97  59  
  56  68  77  
  70 -26  90  
 -40 -54  96  
 -98 -54  35  
  79   1  86  
 -29 -81  79  
 -38 -50  99  
  47 -95  50  
  75  49  75  
 -70 -27  90  
 -97 -61  24  
 -32 -89  69  
  53 -94  45  
  77 -80  37  
 -32 -79  80  
  35 -60  94  
 -87 -73  28  
  89  -3  76  
 -45  89  61  
 -80 -85  10  
  22 -100  57  
 -75 -43  79  
 -78 -39  78  
  -2  79  86  
  39 -92  61  
  71  73  58  
 -49 -64  85  
 -94 -67  19  
 -40 100  46  
 -99 -57  25  
  96 -36  56  
 -73  -6  91  
 -84 -77  26  
 -15  84  80  
  75  83  35  
  64 -94  27  
 -76 -14  88  
 -41 -94  56  
 -48 -94  50  
  93  15  69  
 -90 -62  42  
 -52 -72  76  
  91  70  23  
  67   0  96  
  52 -69  79  
 -95  49  47  
  55 -25 100  
  90  31  68  
  77  -8  88  
  -3  93  71  
  99 -61  15  
  49  56  90  
 -63 -88  45  
 -77  44  76  
  96  48  46  
  70 -94   1  
 -55 -32  98  
  -3  72  92  
  -6 -60 100  
  72 -85  36  
  24  95  64  
 -72  92   5  
 -40 -52  97  
  86 -78  13  
 -76 -83  32  
 -88  44  63  
  55 -72  74  
 -71  46  81  
  80  35  78  
 -25 -62  96  
  77  29  83  
  55 -99  29  
 -96 -28  61  
  72 -91  16  
 -32 -66  91  
 -64 -61  77  
 -43  93  57  
 -11  75  89  
 -99  62   6  
  29 -69  90  
 -39 -52  97  
 -68  67  68  
  -3 -70  94  
 -89  48  59  
  71  91  20  
  54 -40  96  
  96 -67   1  
 -86  61  51  
  73 -88  24  
  37  52  98  
 -75   0  90  
 -93  56  43  
  91  73   5  
 -56 -58  85  
  76 -89   4  
  54 -88  55  
 -56  49  90  
  56 -94  41  
 -54  40  96  
 -92  72   1  
 -77  87  13  
  78   3  87  
 -100  56  23  
 -70 -86  37  
  20  94  67  
 -100  23  56  
  57  97  33  
  51 -89  56  
  92  54  48  
  56  63  81  
  80  84  17  
  93  36  61  
  76  23  86  
  70 -37  86  
  57  82  61  
 -95 -38  57  
  62   5  99  
 -63  71  68  
   9  62  99  
  53  32  99  
  89  67  36  
  51 -95  45  
  37 -86  70  
 -95 -65  21  
 -33 -99  53  
  67   4  96  
 -56  72  73  
 -77 -22  85  
 -84  -7  81  
 -26 100  55  
 -97  51  41  
  76 -57  68  
 -89 -75  10  
  22 100  57  
 -27 -54 100  
  -3 -88  77  
  36  95  58  
  50 -91  54  
  72  35  85  
  29  65  93  
 -97  15  64  
  92 -66  29  
  93  32  63  
  91 -67  30  
 -71   7  93  
  92 -14  71  
 -72 -92   1  
 -96  56  36  
 -62  39  91  
 -52  77  71  
 -49  36 100  
 -93 -39  59  
  62 -94  31  
 -31 -75  84  
  58  85  56  
  83  32  76  
  -6 -68  95  
  51 -55  90  
 -52 -31 100  
  12 -70  93  
 100  59  15  
  77  27  84  
  74  85  32  
  99   5  62  
 -90 -44  60  
 -60 -94  36  
 -100 -37  48  
  78  82  29  
 -70  93  13  
  37  76  81  
  48 -59  89  
  54  99  31  
  89  27  71  
 -66 -68  69  
 -39  53  97  
  82  71  44  
  72 -92   6  
  72 -69  61  
  16  81  83  
  29  63  94  
 -60 -69  73  
  89  53  54  
  11 -90  74  
 -45  57  92  
 -62 -24  96  
  86 -67  42  
 -61 -58  81  
  58  56  85  
 -68  -5  95  
  83  10  82  
  48  54  92  
 -57  32  97  
 -37  81  76  
   8  62  99  
  34  90  67  
 -89 -66  38  
 -64  38  90  
 -14 -64  97  
  91  60  43  
 -89  76   7  
  35  50 100  
  94  48  50  
  95  66  17  
  16  84  80  
   4  76  89  
 -53 -59  86  
  47 -50  95  
  32 -69  89  
  78 -35  80  
  39 -78  78  
 -97 -65   2  
 -83  79  23  
 -79  73  46  
  71 -92  15  
 -26  85  76  
 -75 -78  44  
  76 -68  57  
 -63  98   8  
 -93  66  27  
  28  75  85  
 -51  48  94  
 -100 -51  33  
 -54 -40  96  
  34  75  83  
  -6 -92  72  
 -39  74  82  
 -84  30  76  
  12 -69  94  
 -47 -60  89  
 -73  48  78  
  75  90   0  
  12  93  70  
  92 -69  22  
 -95   1  68  
 -47 -49  95  
  67  89  36  
 -64  93  31  
  46  90  59  
 -18  66  95  
 -49  96  46  
  66  76  60  
  84 -69  43  
  75 -82  36  
 -81 -21  82  
  83 -48  67  
 -32  77  82  
  77  78  41  
   6 -78  87  
  43  73  81  
 -100   0  61  
   1 -77  88  
  29  92  66  
 -88 -68  37  
 -57  92  44  
  83  53  63  
