  57  25  31  
  67   6  18  
 -39  56  12  
 -53 -42  16  
 -65  17  17  
 -31 -34  52  
 -45 -37  38  
 -27 -19  61  
  44  51  18  
 -28  13  62  
 -36  40  44  
 -14  32  60  
  53 -12  43  
  42  35  43  
 -58  23  31  
 -59  -8  36  
 -40  35  45  
 -11  22  65  
   2  51  47  
  48  50   0  
 -31   2  62  
 -13 -62  28  
 -13  52  44  
 -55   8  42  
 -54 -42  11  
  37  47  35  
 -58   4  38  
 -58  27  27  
 -23 -65   9  
 -15 -62  28  
  63  26  14  
 -33 -24  56  
  14 -37  57  
 -46   4  52  
  17  54  40  
  48   1  50  
 -16 -56  38  
  54 -41  15  
 -54 -44   2  
  46  20  48  
  15  64  23  
  39 -29  50  
   1  57  40  
 -13  28  62  
 -50  20  44  
  -4 -58  38  
  37  54  23  
 -60  18  30  
  69   3   6  
 -19  52  42  
  33 -61   2  
 -27  54  34  
  31 -40  48  
 -58  -6  38  
 -30  19  60  
 -48  46  21  
 -20  62  24  
  66  19  12  
  32 -61   9  
   2  29  63  
   6  -2  69  
  -6 -26  64  
 -47 -39  33  
   4  46  52  
  26 -46  45  
 -68   8  13  
 -64   8  26  
  58  16  35  
 -55  42   5  
  41  25  50  
  26 -35  54  
  10  43  54  
 -31 -40  48  
  12  49  48  
  54  43  10  
 -36 -57  17  
  20 -49  45  
  58 -32  21  
  -7 -68  13  
  28 -42  48  
  -5  26  64  
 -17  49  46  
  18  67   4  
 -35  41  44  
  21 -23  62  
  29 -63   1  
  23 -54  37  
  41 -53  19  
 -60  25  24  
  36  14  58  
 -69  -4   6  
  -6  68  12  
 -29 -36  52  
  65   3  25  
  -2 -68  13  
 -65  23  10  
 -38 -19  55  
 -19 -67   3  
 -19 -44  50  
 -57  30  26  
  22  39  53  
  28 -63   8  
 -62 -23  21  
 -54 -39  19  
 -55  30  30  
  65  -3  24  
  31  48  40  
  -2 -33  61  
  63  19  23  
  19 -61  27  
   7 -65  24  
  36 -59   5  
  -1 -47  51  
  49 -38  31  
  29  44  45  
  48  49  12  
   0  61  33  
 -31 -58  22  
 -64  -4  27  
  36  16  57  
 -32 -53  32  
 -14 -59  34  
 -23 -39  53  
 -10 -40  56  
  18 -67   1  
 -40  55  14  
 -39  24  52  
 -37  44  39  
  33  53  31  
 -48 -40  31  
  26  14  63  
  61  -5  33  
  -4  69   8  
  54 -38  22  
 -62 -24  20  
 -22  64  15  
  49  18  46  
 -32 -41  46  
   4  57  40  
  10 -66  20  
  19 -63  22  
  25  22  61  
 -36 -54  25  
 -19  65  15  
 -27 -27  58  
 -30 -49  39  
  25  48  44  
 -51  34  33  
  25  64   9  
 -17  18  65  
  16  22  64  
 -48 -48  14  
  -6 -69   5  
 -31 -61  12  
 -19  -1  67  
  36  59   8  
  11 -42  54  
 -63  24  17  
 -15  35  58  
  59  30  22  
 -39  30  49  
 -11 -14  67  
 -21  56  35  
  58   1  38  
  59  34  13  
 -32 -52  33  
 -34 -29  53  
   7   2  69  
  38 -16  56  
  56 -27  31  
 -60  -7  34  
  38 -26  52  
 -45  43  31  
  31  11  61  
 -15 -57  37  
 -69  -1  10  
 -51 -45  14  
 -36 -58  14  
  -2 -52  46  
  61  -2  33  
  10  56  40  
 -41  15  54  
 -23 -58  31  
 -15  37  57  
  12  -8  68  
  51 -45  14  
  62  15  27  
  24 -12  64  
 -49 -22  44  
  58  37   9  
  31  59  19  
  69  -3   8  
 -52  23  40  
 -29  61  16  
  53 -39  23  
 -26  23  60  
 -13  -4  68  
 -27  15  62  
  62 -28  14  
 -22 -66   5  
   7   7  69  
 -11  55  41  
 -28  63   8  
 -40  55  15  
 -60  -1  35  
 -66   1  21  
  12  38  57  
  -3  65  25  
  21  -7  66  
 -14  12  67  
 -33 -40  46  
 -69   2   6  
   3 -24  65  
   5 -67  18  
  45 -35  40  
 -32 -40  47  
 -53 -28  35  
  36  39  45  
 -42 -53  15  
 -42 -11  54  
 -31  59  19  
  56   9  40  
  25  63  15  
  34 -52  31  
 -17 -21  64  
  67  16  10  
 -60 -34   7  
 -37  -2  59  
 -39 -50  28  
 -57 -39   7  
 -48  -1  50  
  20  36  56  
 -19 -20  64  
 -10 -50  47  
 -10  43  54  
  47  51   7  
  33  60  11  
 -11  27  63  
 -47 -22  46  
  63  21  20  
 -63  22  20  
  68  12   7  
 -15 -60  32  
  47 -48  18  
  46 -48  21  
  33 -29  54  
  -4  60  35  
  54 -19  39  
  58  -3  38  
  16 -19  65  
 -17 -45  50  
 -40 -25  51  
  57 -35  18  
  20  33  58  
  -9  52  45  
 -44   8  53  
 -17  -6  67  
  46  25  46  
  48 -45  23  
  21  38  54  
  22  42  51  
 -32  60  15  
  10  45  52  
  38 -13  57  
  67  11  15  
  18 -20  64  
  48  46  21  
  -2  19  67  
  18 -30  60  
  69   2   7  
 -52  31  34  
  62  20  24  
  59 -36   6  
   0  25  65  
  -6 -61  33  
  49  11  48  
  41 -56   4  
  39  56  12  
 -20 -45  49  
  34  29  53  
 -13  54  42  
 -42 -29  47  
 -66  18  12  
  -8  69   4  
  63 -29   4  
 -17 -66  13  
  49  46  17  
  35  22  56  
  66  13  17  
 -37  52  27  
  -6  33  61  
 -14 -66  17  
 -66 -14  16  
 -50  -1  48  
  24 -32  57  
 -19  67   3  
 -56  41   2  
  48 -50   0  
 -39  36  45  
  69   6   6  
