  43   7  17  
  44  15   8  
  25  27  29  
 -31  35   5  
 -33   3  33  
  39  15  21  
  32  34   7  
  23  27  31  
  -8  43  17  
 -10  24  39  
  41  19  12  
  15  39  21  
  41  18  15  
 -26 -36  16  
  -7  34  32  
  36  21  22  
   1  31  35  
  28 -31  22  
 -36  28  11  
  25   8  39  
  -1  46  10  
 -26  30  25  
 -22 -41   7  
  23  39  13  
 -31 -20  29  
  35  -2  31  
 -24  28  29  
  43 -18   4  
 -45  -4  13  
   1   0  47  
 -17 -31  31  
  -8 -37  28  
  35  31   4  
  11 -43  15  
  37 -21  20  
 -17  40  18  
  -9 -36  29  
  40  16  19  
  32  -6  34  
 -30  36   6  
  34  10  31  
  36  15  26  
 -19 -15  40  
 -33 -20  27  
  24 -22  34  
  41 -11  20  
 -16 -23  38  
 -12  45   6  
 -39 -10  24  
  -4 -46   8  
 -29 -37   3  
  34  14  29  
  39  24  11  
 -25  15  37  
 -22 -15  39  
  -5 -46   9  
 -33 -30  15  
 -21  37  20  
   6  40  24  
 -11  20  41  
  27 -20  33  
  29  37   0  
  35 -30   9  
  -3  29  37  
 -39 -23  13  
 -18  33  28  
 -17  44   2  
  25  11  38  
   1  17  44  
  -9  11  45  
  13  -6  45  
 -38 -25  12  
 -46  -7   6  
   4  26  39  
  19  43   0  
 -15  30  33  
  10 -45   8  
 -26 -20  34  
  23  23  34  
  22 -41   8  
  13 -19  41  
   3  32  34  
  23 -40   9  
 -37  23  18  
  37 -26  12  
 -32  18  29  
  -8 -35  30  
 -23  33  24  
  18  43   5  
 -25 -39   9  
  -7 -41  22  
   9 -44  14  
 -10   3  46  
 -15  25  37  
 -45  14   2  
  43 -14  13  
 -27 -36  13  
 -28  27  26  
  46   8   6  
 -43 -18   7  
  43 -13  13  
 -44 -16   5  
 -25  25  31  
  45  -1  14  
   9  46   0  
 -21  34  25  
 -17   0  44  
  43  18   5  
  42 -19  10  
  36  -1  30  
  36 -26  16  
 -41  18  14  
  28 -37   6  
  -1 -44  17  
  44 -10  14  
 -30 -30  20  
  12  11  44  
  21 -23  35  
  30 -36   2  
  13  40  21  
 -39 -15  21  
  -7  46   8  
  28 -38   0  
  43  18   6  
   3  47   3  
  -4  -2  47  
   5  42  20  
  45  13   2  
  34 -29  14  
 -44   2  16  
 -39 -25   9  
  43  13  13  
  19  18  39  
   6 -37  28  
  32  24  25  
 -23  -1  41  
 -11 -36  28  
   9 -46   2  
  41  23   1  
 -37  24  16  
  23 -15  38  
  35 -21  23  
 -34  26  19  
 -16 -21  39  
 -31   4  35  
 -16  17  41  
  26   2  39  
 -38  19  20  
  28  -8  37  
  24  11  39  
  30 -36   0  
  36   7  29  
  -1  47   2  
 -28 -38   2  
  -9 -45  10  
 -21 -16  39  
  -9  -2  46  
  12  43  14  
  -1  17  44  
 -23 -39  12  
  46   3   8  
 -36  -9  29  
 -28  34  17  
  26 -37  13  
 -31  34  10  
  36 -30   3  
  40 -11  22  
 -38 -23  15  
 -43  11  16  
   8  17  43  
 -29 -28  24  
 -32 -29  19  
  -9  34  31  
 -28  36  11  
 -35  -5  31  
 -17 -34  28  
 -18 -43   5  
  17  38  22  
  26 -27  28  
 -24 -10  39  
   7  46   6  
 -29   2  37  
  42  21   4  
 -33 -21  26  
 -35  26  18  
  -9  46   4  
  13   1  45  
   6  -6  46  
  45  -3  14  
  -5 -45  13  
 -42  16  14  
  12 -33  31  
 -39  12  23  
 -12  -7  45  
 -26  20  34  
 -46   8   7  
 -25 -19  35  
  43 -17   7  
 -33  28  18  
   4  44  16  
 -24  33  23  
  42 -18  12  
 -19 -42  10  
  33 -17  29  
  28 -37   8  
  47  -2   4  
  16  16  41  
  15  12  43  
  21   9  41  
  26  34  20  
 -18  42  11  
 -16   0  44  
   7  -8  46  
 -46   7   8  
 -44   6  16  
 -13  -3  45  
 -35  24  20  
   7 -38  27  
  16 -44   1  
 -20  28  32  
 -14   2  45  
   3  19  43  
  16  43  10  
  13 -38  24  
  18 -24  36  
 -16  -1  44  
  29  34  14  
   3 -34  32  
 -23 -38  16  
  33 -31  12  
 -13 -19  41  
   4 -46  10  
  12 -45   5  
 -46  -5   9  
 -21 -26  33  
 -15  43  11  
 -19  -8  42  
 -10   1  46  
  33  25  22  
  34 -20  26  
  42  21   2  
  -6  44  16  
  -8 -29  36  
  -8 -25  39  
  35 -31   4  
 -16 -43   9  
  43   0  19  
 -12   6  45  
  10 -44  14  
  24 -13  38  
 -14 -29  34  
 -28  22  31  
 -34 -28  17  
  15  39  22  
 -40 -21  13  
 -28 -38   1  
  44 -17   2  
 -38 -27   7  
  -6  -7  46  
   8  46   7  
 -42  19  10  
  19  26  34  
  15  29  34  
  27  13  36  
  26  29  26  
   7  38  27  
  30  36   0  
 -43  -5  18  
  16  44   2  
  24 -40   7  
  42   1  21  
 -21 -40  13  
  -2  45  13  
 -42   1  21  
  33  27  20  
  46  10   2  
 -40  10  23  
 -15 -26  36  
 -42  -2  21  
  30  36   2  
  15 -38  23  
  15  26  36  
 -24  36  18  
  -8  22  41  
 -44  13  10  
  17   7  43  
 -39 -25   8  
 -43 -12  15  
  47   2   2  
 -15  31  32  
 -29 -14  34  
  23  38  15  
  38   1  28  
  25 -37  14  
  -9 -38  26  
  38 -24  13  
 -17  44   1  
 -29  27  25  
  -5 -20  42  
  19 -42   9  
