 -80  79  81  
 -99 -70  67  
 -51 -99  82  
 -79 -95  63  
 -97  79  60  
 100 -56  78  
  79  92  67  
  85 -92  59  
  79 -84  77  
 -36 -98  91  
 -96 -24  97  
  51 -93  89  
 -96 -43  90  
  75 -91  73  
 -78 -58  99  
 -31 -95  96  
  69 -99  68  
  74  89  76  
 -53  99  81  
 -92  73  73  
 -64 -81  92  
  18 -97  97  
 -90  96  43  
 -98 -94  26  
 -95  80  61  
  66 -84  88  
 -71  89  79  
 -85 -96  53  
  42 -87  99  
  99 -56  79  
  92  34  98  
 -82 -80  78  
  97  99   2  
 -98  73  65  
 100  43  86  
 -86 -64  88  
 -93 -45  92  
 -12  95 100  
 -52 -99  82  
  88  38 100  
  46 -84 100  
 -100  95  15  
  96  95  30  
  94 -84  57  
  99  80  54  
  87 -92  56  
  98  74  64  
 -73 -90  76  
  84  95  56  
  88  70  81  
 -93  85  58  
  48  85  98  
 -81  73  85  
 -73 -65  98  
 -82  66  90  
 -85 -89  64  
 -84  79  77  
 -90  39  98  
 -95  99  19  
 -93  91  47  
  78 -93  67  
 -14 100  95  
  96 -19  98  
 -49 -89  94  
 -91  88  56  
 -89 -77  73  
 -30  94  97  
 -98 -97  13  
 -87  75  77  
  83 -96  55  
  94 -81  62  
  85  99  47  
 -63  90  84  
 -98  12  97  
  86 -56  93  
  83 -60  93  
  98  77  60  
 -35  99  90  
 -88  62  87  
  74  94  70  
  79 -54 100  
  68  93  77  
 -100  74  61  
  80  96  60  
 100  44  85  
 -97 -47  87  
  45 -98  87  
 -80  95  61  
 100   4  96  
 -79 -77  84  
 -95 -81  60  
  75  98  63  
  91 -99  34  
 -57  81  97  
 -37  93  96  
  93  43  93  
 -94  18 100  
  98 -34  92  
 -93 -97  33  
 -88 -77  74  
  99 -38  89  
  80 -70  89  
  75  95  67  
  62 -96  78  
  90 -36  99  
  80  70  89  
  58 -99  78  
  83  98  52  
 -98 -73  65  
  85 -80  75  
 -83  78  79  
  95 -96  31  
 -69  73  95  
  86 -94  54  
 -60  93  83  
 -99  75  61  
 100 -36  89  
  -4  99  97  
  40 -89  98  
  88  90  58  
 -90 100  33  
  69  95  73  
  93  47  91  
  91 -100  30  
  97 -86  49  
 -98 -91  36  
 -98  64  74  
 -95  12 100  
 -66 -85  87  
  97 -82  55  
 -37 -97  92  
 100   0  96  
 -100  20  94  
 -100  49  82  
 -87  68  84  
  55 -93  87  
  96  82  57  
 -81 -83  76  
  43  92  94  
 -79  73  87  
 -87  91  58  
 -82 -93  62  
 -99 -74  63  
  78 -64  95  
 -99  61  75  
  91  47  93  
  96 -77  63  
  83  93  60  
 -98  60  77  
 -100  69  66  
 -38 -92  96  
  79 -93  65  
 -92  37  97  
 -98  55  81  
 -90 -83  65  
 100 -10  95  
  99  64  73  
 -80 -68  90  
  98 -41  89  
 -97  54  83  
  99  53  81  
  91 -89  54  
 -91 -66  81  
  80 -68  90  
  96  -2 100  
  88  64  86  
  47  91  93  
 -77  78  85  
 -83  52  98  
 -97 -49  86  
 -99  95  18  
  67 -93  78  
 -44 -91  95  
 -90 -66  82  
 -94  23  99  
 -89 -96  45  
  24 -95  98  
  53 -94  87  
 -69 -88  82  
  98 -97  12  
 -99 -95  20  
  53  98  82  
 -85  54  95  
 -78  74  87  
  75 -83  82  
 -61  92  84  
 -98 -11  97  
 -96  47  88  
  96  83  55  
  67  95  75  
 -92  50  91  
 -100 -33  90  
 -24 -98  95  
 -48 -94  90  
 -91  87  58  
 -85  46  99  
 -83  54  97  
  92  70  76  
   3 -100  96  
  83 -99  50  
  92 -61  84  
  28  94  98  
  70 -98  68  
  93 -94  41  
  69  73  95  
 -77  57 100  
  96 -23  97  
  86 -84  69  
 -96  94  33  
  91  76  72  
  86 -93  56  
  48  90  94  
  96  90  43  
  86 -73  80  
  35 -100  89  
 -88  97  45  
 -99 -75  61  
  74 -77  88  
  99  97   6  
 -60 -98  77  
  72 -80  87  
 -89  47  95  
 -66  77  94  
 -17  94 100  
  93  46  92  
  69 -71  97  
  65  90  83  
 -40  87 100  
  44 -92  94  
  37 -97  92  
  47  87  97  
 -90  59  87  
 -90 -99  35  
 -89  98  40  
 -87  40 100  
  95  89  47  
  78  94  65  
 -99  89  39  
 -28 -93  99  
 -87 -83  69  
 -30  99  92  
  42 -94  93  
 -56 -83  96  
 -66  69 100  
  88 -91  56  
  84  57  94  
  81 -84  75  
 -58  88  90  
  94  99  23  
  98  39  90  
   1  97  99  
  77 -84  79  
 -96 -96  27  
  69 -97  71  
 -98 -98   2  
 -33 -100  90  
  62 -98  76  
 -51  82  99  
  94  63  80  
 -97  97  19  
 -78  73  88  
  90 -74  75  
  98  98   1  
 -80 -89  70  
 -88  58  90  
  78  98  59  
  86  69  84  
  47  99  85  
 -12 -99  96  
 -72 -80  87  
  55  91  89  
  63 -90  84  
  93  68  77  
  82 -66  90  
  84 -93  59  
 -100 -95  12  
  58  86  92  
 -80  84  76  
  95  18  99  
 -87 -79  73  
  -4 -100  96  
 -49  82 100  
 -90 -32 100  
 -90  33 100  
 -100  64  71  
 -82 -55  97  
 -80  86  73  
 -87  84  68  
  68 -78  92  
  93 -66  79  
  99  96  10  
  63 100  72  
  98 -60  77  
 -84 -61  92  
  75 -93  70  
 -99 -26  93  
 -67 -100  69  
 100 -95  10  
  59  88  89  
 -43  95  91  
