   9  19  25  
  16  18  22  
  16  -5  28  
 -27  -6  17  
 -24  21   7  
  27   6  17  
 -27   2  18  
  23 -23   3  
  31 -10   3  
   8  -4  31  
 -10  28  13  
  11 -12  28  
  10  30   8  
 -10  18  25  
   7  11  30  
  15 -25  14  
  -6 -31   8  
  10 -31   3  
 -26  19   4  
  19  15  22  
  15 -29   2  
  24 -16  15  
 -14  17  24  
 -32   3   4  
 -32   2   6  
   9 -25  19  
  12 -28  11  
 -10  31   3  
  22  20  13  
 -12 -12  28  
   2 -21  25  
 -19  -8  25  
  20  15  21  
  26   9  17  
 -15 -13  26  
  32  -1   6  
   0 -24  22  
  10  21  23  
   8   9  30  
 -16   8  27  
 -12  24  18  
  10  22  22  
   2  32   4  
  -9  31   1  
 -24  22   1  
 -32  -2   5  
   9 -14  28  
   1 -29  15  
  31   8   4  
   4 -27  18  
  -4  32   2  
  -5   8  31  
  32  -5   1  
  27  18   2  
 -24  20   9  
 -30   4  12  
   7  -7  31  
  21  -2  25  
  25  18  11  
  14 -28   9  
   2  28  16  
 -17  10  26  
  21 -25   2  
 -11 -28  12  
  -3 -19  26  
  11  -6  30  
 -11   9  29  
  26  18   7  
  13  15  26  
 -31  -6   7  
 -30   2  12  
 -10  30   8  
  -5 -17  27  
 -30 -11   7  
 -24   6  21  
  15  26  12  
  24 -12  18  
 -21 -18  17  
 -26   5  19  
 -29 -14   3  
  30   1  13  
  17  26  10  
  27   9  16  
   6   3  32  
   2  -4  32  
 -16   5  28  
   5  14  29  
 -27  12  13  
 -31  -5   8  
 -15   6  28  
  21  25   1  
   4  18  27  
  12 -30   0  
  12  -9  29  
  -4 -27  18  
 -24  17  14  
   2 -26  19  
 -18  19  19  
  -3   6  32  
  20  23  11  
 -30  11   6  
  -6 -13  29  
  28  12  11  
  -8 -12  29  
 -16 -19  21  
 -28  -6  15  
  19  -2  26  
  -7  23  22  
 -31   5   9  
  17  25  12  
  11  10  29  
   1  -6  32  
 -27 -16   9  
   2  31   9  
 -20   6  25  
 -15  28   7  
  10  -1  31  
 -30  -4  12  
 -24 -15  16  
 -29 -10  10  
  -4 -32   3  
  19   3  26  
  18  25  10  
  27   8  16  
  -7  30  10  
  25  -5  20  
  -7  26  18  
  29  -9  11  
  -1  24  22  
  21 -17  18  
  -9 -26  17  
 -14 -27  12  
  13 -25  16  
  20  25   6  
  13  29   6  
  24   6  21  
 -16 -28   5  
 -21  24   7  
  -1 -30  12  
  17 -23  15  
   9  -1  31  
  -9  26  17  
  16  28   3  
  -3  -3  32  
  -3 -16  28  
 -21 -21  13  
 -30  12   5  
 -17  -5  27  
 -17  21  18  
 -27 -10  15  
  32   5   3  
 -22   3  24  
   3 -31   9  
  -4   4  32  
 -14  22  19  
  13 -18  24  
  16 -15  24  
  30   1  12  
  -2 -29  14  
   2  26  19  
  30  11   6  
  23  22   7  
  29   2  14  
  28  16   4  
  25  20   5  
  24  17  14  
  -7  29  13  
  18  27   4  
 -12  18  24  
  24   2  22  
 -14 -29   2  
 -20   5  25  
  19  22  15  
 -28  15   7  
   0 -30  12  
  14   2  29  
  17 -14  24  
 -27 -11  14  
   2 -32   6  
 -24 -20   9  
  26  16  11  
  16  23  16  
  29   1  15  
 -31  -9   5  
  -1  28  16  
 -18  24  12  
 -30   0  12  
   6 -11  30  
  19  26   3  
   1  32   4  
 -24  18  12  
  23  23   0  
 -16  -3  28  
  20 -15  21  
  -2  12  30  
  30 -12   1  
  20  -4  25  
  18  -4  27  
  16 -24  15  
  -8   9  30  
  21  23   9  
  29  -4  14  
   0  22  24  
  15  14  25  
   5   9  31  
   4  -5  32  
  12 -30   4  
  29 -12   8  
  29  12   9  
  15  20  21  
  26   5  19  
  -7  -7  31  
  -6  32   3  
 -23   9  21  
  22 -12  21  
   0  18  27  
  24 -18  13  
 -12 -29   8  
  27  18   4  
 -20 -25   5  
   6  11  30  
  -9  21  23  
   3  12  30  
  -6  13  29  
 -14 -13  26  
 -16 -27   8  
 -17  22  17  
  30  -2  12  
   5  19  26  
 -11 -22  21  
  28   9  14  
 -18 -11  25  
  12  21  22  
  11  27  14  
  15   0  29  
  -1 -24  22  
  26  11  16  
  28   7  15  
  30  -1  13  
   1 -30  13  
 -16 -22  18  
  20  21  15  
  14  29   3  
  -7 -11  30  
 -13 -19  23  
  31   5   8  
  27  16   9  
  26  19   2  
  20 -11  23  
  26  15  13  
 -14  15  25  
  19  11  24  
 -25 -17  12  
  29 -10  10  
  11 -21  22  
  19 -22  15  
  28 -15   7  
  29  10  11  
  20 -20  16  
 -12  30   5  
 -13  12  27  
  20  25   4  
 -13  10  28  
 -17  24  14  
 -19  13  23  
 -14 -12  27  
  17  10  26  
 -18 -26   8  
  21 -22  12  
  22   0  24  
  -5 -12  30  
  -2  22  24  
 -30   8   9  
 -29  -6  13  
  30  11   5  
 -14   5  29  
 -22  19  14  
  14 -27  12  
  -9 -31   1  
  25  18  10  
  22 -23   6  
  29   3  14  
  32  -1   5  
  19 -21  16  
 -17  27   5  
 -21 -24   7  
 -22  -1  24  
 -18  20  18  
 -14   2  29  
  30  10   7  
 -23  -7  22  
 -30 -10   7  
  31   9   4  
  -9 -30   9  
   6 -15  28  
  13  20  22  
 -25   1  21  
  -3  31  10  
   6  32   2  
   4 -32   4  
