   4 -90  82  
  86  47  73  
  88 -27  80  
  55  98  48  
 -59 -58  90  
  86  73  46  
  60  84  65  
  90  82   8  
 -55 -97  50  
 -97 -62  41  
  38 -94  68  
  19  98  70  
  78  78  52  
  75 -96   5  
 -98 -49  54  
  46  89  70  
 -41  70  91  
 -72  37  91  
  85  24  84  
  29 -88  79  
 -59 -63  86  
  25 -95  72  
 -73 -17  96  
  79  26  89  
  67  59  83  
  70  -5 100  
 -58 -39 100  
  97 -68  29  
  83 -28  85  
  -5  91  81  
  71  85  51  
 -62 -49  93  
 -62  42  96  
 -73 -19  96  
  76 -95   6  
 -88  30  79  
 -61 -55  90  
  47 -97  57  
 -75  -5  96  
 -60  69  81  
 -66 -48  91  
 -97  73  10  
 -97 -54  51  
 -43 -86  75  
 -75 -96  10  
 -54 -75  80  
 -46  72  87  
  42  73  88  
  53 -74  81  
 -67 -62  81  
  64 -100  28  
  45  83  77  
  80  53  75  
  43  62  96  
  69 -80  61  
  92  72  35  
 -94  38  68  
  74  96  14  
  78 -94   0  
  45 -86  74  
  -3  74  97  
 -87 -83  20  
 -100  40  57  
 -93  47  63  
  48  73  85  
 100  16  68  
 -64 -97  37  
 -43  84  77  
  66  54  87  
 -63 -33  99  
  71 -82  56  
  95  36  68  
 -68 -76  67  
  58 -98  44  
 -36  84  81  
  39 -98  61  
 -95   5  76  
 -21  72  96  
  -6 100  70  
 -47 -96  59  
 -69  68  74  
   7 -74  97  
  88  16  83  
 -76 -51  81  
 -95 -11  76  
 -80 -77  51  
 -97  29  68  
  98  62  38  
 -36 -95  68  
  45  57  98  
 -87  82  24  
  90  82   5  
  88  14  83  
 -45 -80  80  
 -31  83  84  
  52  70  85  
 -74  92  30  
  87   6  85  
 -84 -74  48  
  23  89  80  
 -98   9  72  
  47 -55  98  
  98  49  54  
 -76 -17  94  
  99  64  32  
 -83  59  67  
   1 -71  99  
 -87 -79  33  
  35 -78  87  
  47  84  75  
 -100 -53  46  
  68  17 100  
  49 -96  57  
 -23 -69  98  
 -98  54  49  
 -92 -68  43  
  74 -96  14  
 -21  77  92  
   6 -90  82  
  80 -92   1  
 -17 -78  92  
  75  77  58  
 -44  73  87  
 -94 -26  73  
 -94  44  64  
  90 -34  75  
  79 -80  48  
  66 -45  92  
  94 -24  74  
 -76  87  39  
  64 -55  88  
  94 -64  44  
 -69 -58  82  
 -70 -64  77  
  90 -26  78  
 -53  97  52  
 -89 -79  26  
 -54 -98  49  
  70   6 100  
 -63 -90  53  
  27 -81  87  
 -11 -88  84  
  79 -50  78  
 -76  95   5  
  95 -43  63  
 -76  85  43  
 -57  83  69  
 -72 -98  10  
 -74  20  95  
  70 -72  69  
  70  86  51  
 -85 -87   7  
  82 -63  65  
 -29 -75  92  
 -24 -98  69  
  20 -88  82  
 -15 -71  98  
 -55  80  74  
 -83  72  53  
  77  34  88  
  10 -91  81  
  89 -38  74  
 -90  14  81  
 -64 -89  53  
  92  65  47  
 -91 -28  76  
  65  95  40  
  10  84  88  
 -76  86  42  
  66 -98  30  
 -64 -100  28  
  84  86  21  
 -77  51  80  
  73 -64  74  
 -95 -17  75  
 -63  66  81  
   7  99  71  
   6 100  70  
  82 -59  68  
 -86 -81  30  
 -84 -52  72  
 -46 -86  73  
   5  95  76  
 -28 -71  95  
 -82  90   1  
 -65  73  73  
  79 -46  81  
 -74  95  19  
 -91  -4  81  
  -1 -96  75  
  59  94  51  
 -67  35  96  
  62  63  84  
 -23 -73  95  
 -80  68  62  
  65 -90  51  
  94 -20  75  
  99  60  39  
  73  41  89  
  53  62  91  
  93  58  54  
 -74  41  88  
 -89  45  70  
  77  93  18  
 -77 -78  54  
 -66  96  37  
 -97 -69  27  
 -64 -53  89  
   9 -88  84  
  55  94  55  
 -75  29  92  
 -26  92  76  
 100  70   0  
  86  84  21  
  81 -70  58  
 -85 -80  36  
 -100   5  70  
  66 -39  95  
  72  46  87  
 -60 -98  41  
 -63 -71  77  
 -76  93  21  
  78  -4  94  
 -48 -60  95  
 -85  68  55  
  96 -52  54  
   7 -83  89  
  17  68 100  
  69 -33  95  
 -97   2  74  
  68 -80  62  
   9 -100  69  
  82 -52  74  
  25  74  94  
  71 -96  26  
   0 -91  81  
  99  71   6  
 -100 -58  39  
 -65  52  89  
 -61  86  61  
 -83 -88  15  
  12  85  87  
  88  73  43  
 -65 -98  32  
  -9  99  71  
  76 -79  53  
  93 -17  77  
 -37  85  79  
  90 -50  65  
  32 -96  68  
 -72  98   8  
 -52  69  86  
 -95  76  10  
 -17 -72  97  
 -74  45  86  
 -85  31  82  
  17 -83  88  
 -84 -86  21  
 -47 -97  57  
  33 -100  62  
 -82  -8  90  
 -67 -58  84  
 -41 -91  70  
  76  75  59  
 -22  69  98  
  88  79  30  
  31  63 100  
  59  58  90  
 -60 -88  59  
  85  85  20  
  54  66  87  
 -56  59  91  
  20  82  88  
  50 -51  99  
 -98  21  70  
 -88 -21  82  
  61  42  97  
  73 -48  85  
 -68 -59  82  
 -52  64  90  
 -40  99  59  
 -39  69  93  
  98 -20  70  
 -73  97  11  
  55  45  99  
 -64  75  72  
  78 -40  85  
 -26 -94  73  
  11  89  83  
 -71 -16  98  
  75 -89  37  
  89  64  54  
  34  93  71  
  97  11  73  
  85  76  43  
  95 -74  19  
 -69  27  97  
 -92  61  52  
  51 -60  93  
 -51  66  89  
