  44  18  76  
  10  85  27  
  -4  76  47  
  21  71  50  
 -68 -58   1  
 -69 -34  46  
  53 -72   6  
 -84 -31   5  
  -6  16  88  
 -58 -62  29  
 -81  37   7  
 -12 -88  12  
  77 -46   0  
  68  26  52  
 -10  55  70  
  70  52  21  
 -18  -9  87  
 -63  33  54  
  17  46  75  
 -83 -28  18  
  78  44   3  
 -25 -29  81  
 -32 -46  70  
 -68  -3  58  
 -24 -84  20  
  35 -79  23  
 -57   0  69  
 -17 -46  75  
 -84  -9  30  
  35 -81  15  
   3  33  83  
 -81 -21  32  
 -37  76  29  
 -66 -21  57  
 -62 -10  64  
  -5 -72  53  
  12 -28  84  
  54 -63  33  
  13  67  58  
  -3  88  15  
  -7  86  24  
 -34  83   1  
  33 -54  63  
 -86 -23  10  
 -81  20  32  
  -4 -83  33  
  84   4  31  
  56 -58  39  
  10  63  63  
 -17 -25  84  
 -51  71  20  
  77  21  41  
  27  76  39  
  66  38  47  
   1  83  34  
 -17 -74  47  
  26 -72  46  
 -77 -26  37  
  48 -55  52  
  62  21  61  
  22 -34  80  
 -27 -65  55  
   5   8  89  
  -7  89   5  
 -86  25   4  
  88  11  13  
 -69 -46  33  
 -61  64  13  
   8  89   8  
  38  81   2  
 -79 -25  34  
 -48  64  40  
  76  44  17  
  58 -23  64  
  61  56  34  
 -18  74  47  
   3  57  69  
  59  28  61  
  54  33  63  
   9 -87  19  
 -67 -26  53  
 -11  75  48  
 -34 -37  74  
 -87  -6  21  
 -63  44  46  
  16 -18  86  
 -86 -19  17  
  53 -54  48  
 -23  60  62  
  24 -43  75  
 -17 -36  80  
  -4  78  44  
  -2  74  50  
 -44 -69  36  
 -47  -4  76  
 -45  77   7  
  47 -64  41  
 -62  15  63  
 -39 -65  48  
  60  65  14  
  53 -39  61  
 -51 -23  70  
  74 -38  33  
  45 -77   9  
  78 -42  12  
 -69  14  55  
  68  55  19  
  13  66  59  
 -57  62  30  
 -75   2  49  
  74 -47  18  
  51  23  70  
 -58 -28  62  
  54 -30  65  
 -18 -86  17  
  63  54  33  
 -63 -53  35  
 -59 -65  17  
  67  52  28  
  81  -2  38  
 -25 -26  82  
  59  56  37  
   9 -72  52  
 -51  15  72  
  84  10  29  
 -29 -30  79  
  -5  89   8  
  48 -58  48  
  56  44  54  
  35  20  80  
  51  66  32  
   3  -6  89  
 -85   5  28  
 -45 -25  73  
   5 -31  84  
  65 -61  10  
 -83 -31  13  
  31  46  70  
 -24 -53  68  
 -23 -81  31  
  66  13  59  
  79  15  39  
  86  -9  24  
  13  53  71  
 -46 -76  11  
 -64 -40  48  
 -48 -62  43  
  68  58   2  
 -30  45  71  
  63 -35  53  
  58  13  67  
  67  13  58  
  68 -26  52  
 -51  63  38  
  67 -59   8  
  54  27  66  
 -22  68  54  
 -67 -44  40  
  51  73  11  
  40  52  61  
  89  -7   0  
  57  -1  69  
  88  10  12  
 -85  27   7  
  71  22  50  
 -24 -77  39  
  87   2  21  
  43 -78   6  
 -48  35  67  
 -72  -5  53  
 -77  45   9  
  -6  89   7  
 -23  37  78  
  44 -54  56  
 -14 -25  85  
 -39 -79  16  
 -31  60  59  
 -56  16  68  
  48 -70  29  
 -24 -49  71  
 -23 -67  55  
  -1  40  80  
 -31  83  12  
  71   9  54  
  33  79  26  
 -16 -72  51  
 -40  35  72  
  64  -8  62  
  85 -27   9  
  41 -70  38  
  -9 -88  14  
 -58  42  54  
 -14  17  87  
  54  67  25  
  -4 -66  60  
 -78  17  41  
 -77 -25  38  
  35  82   6  
 -65 -61  10  
  70 -48  28  
 -87  18  10  
 -78 -43   7  
 -87 -18  10  
 -17 -84  26  
 -10  34  82  
 -18 -87  10  
 -26  22  83  
  23  80  33  
  73 -13  50  
  48 -15  74  
 -53 -58  43  
 -17 -32  82  
  68 -48  33  
   5 -47  76  
  10  89   2  
  37  59  56  
  88  -9  15  
 -63  59  24  
  65  60  13  
  57  51  46  
 -86   5  25  
  64  41  47  
 -13 -50  73  
   2  44  78  
  75  13  47  
 -83  32   9  
 -85  -8  27  
 -61  58  31  
 -65  36  50  
  87  -6  19  
  -2 -16  88  
 -57 -17  67  
 -30  24  81  
 -28 -40  75  
 -17 -88   4  
   6   4  89  
  56   3  70  
 -17 -86  18  
  21  87   0  
  35 -45  69  
  77   3  46  
  57 -64  26  
  75 -14  47  
  81  22  31  
  -6 -89   5  
  83  33   5  
 -15  20  86  
 -29 -74  41  
  -2  83  34  
 -44 -12  77  
  85  25  12  
  86 -23   9  
  37  58  57  
  58 -37  57  
 -12  87  17  
  -5 -82  35  
  24  44  74  
  84 -20  23  
  25  51  69  
  33 -36  75  
  33  18  81  
  12 -86  21  
 -32 -68  49  
  52  70  20  
  19 -85  20  
  55 -67  23  
  33  46  69  
 -77  45  10  
 -55 -65  28  
  64  42  46  
  51 -65  34  
  68  58   0  
  55 -51  49  
 -26  12  85  
  11 -34  82  
  58 -26  63  
  32  79  28  
  -7  67  59  
   4  52  73  
 -63  49  41  
 -31  64  54  
  25 -82  26  
 -59  64  21  
  -4 -84  30  
 -47  68  34  
   4  40  80  
  69  53  22  
 -64  50  38  
 -52  69  24  
 -55  69  14  
  13 -77  44  
  65 -13  60  
 -41  19  77  
 -28 -68  51  
  17 -61  63  
 -37  54  61  
  39 -38  71  
 -12 -60  65  
   6 -87  19  
 -76  15  45  
