  80 -53  55  
 -64  88  18  
  67 -42  77  
  26 -84  67  
 -34 -33 100  
 -46 -90  45  
  84  41  59  
 -63 -69  59  
  41  87  54  
  80 -58  49  
 -42  57  85  
  66  61  64  
  44 -97  29  
  39  88  54  
  84  42  58  
  80  60  47  
 -70 -16  84  
 -84 -65  30  
  26 -69  82  
  26  67  84  
 -70  63  58  
 -22 -75  78  
  10  48  99  
  12  66  88  
  -7  89  65  
  69  77  39  
 -91 -31  54  
  38  40  96  
  62  91   6  
  75  77  26  
  60  23  90  
   6 -70  85  
 -48 -12  99  
 -72 -84   4  
  78 -59  51  
 -99 -47  13  
 -30  61  87  
  53  23  94  
  51 -74  64  
 -37  71  76  
  61 -74  55  
  54  34  90  
 -75 -80  15  
  61 -66  64  
 -60  11  92  
 -44  89  48  
 -57  94  13  
  43 -95  36  
 -67  74  47  
  48 -89  44  
  68 -71  50  
  51  15  97  
 -76   4  80  
  55  89  36  
  52  61  76  
  73  68  47  
  46  67  75  
  76  23  77  
  59  -8  93  
  58  84  42  
 -63 -89  18  
  71 -11  84  
  73 -80  22  
  94 -58   1  
  18 -86  67  
  60 -39  84  
 -40  97  35  
   5 -47 100  
 -57  56  76  
  29 -52  93  
 -29  98  42  
 -47  82  57  
  41  54  87  
 -81 -70  27  
  47 -73  68  
 -39  64  81  
 -100 -19  43  
 -79  39  67  
 -62  91   9  
  62 -62  67  
  54 -76  59  
  81 -50  56  
 -57 -56  76  
  65  63  63  
 -61 -92   8  
 -47 -78  63  
 -82 -54  51  
 -82  31  67  
 -70 -27  81  
 -28  95  49  
 -27 -97  46  
 -88 -20  64  
  89  35  55  
  68 -87   5  
  54  -6  96  
 -53 -36  90  
  26 -87  63  
 -62  21  89  
  60  83  41  
  34  32 100  
 -94 -46  36  
 -59 -68  64  
 -41  81  63  
  15 -65  88  
  69 -26  82  
 -95 -53  19  
 100 -43  19  
 -61  24  89  
 -49  78  61  
 -57 -19  93  
  45  97  27  
 -77  78  12  
 -18  81  73  
 -90  -2  64  
  10  71  84  
 -56   5  95  
 -100  -1  47  
 -46 -86  52  
  87  51  45  
   4  88  67  
  70  -8  85  
  99  40  28  
  68 -36  79  
  44  88  50  
 -56  92  24  
 -39 -29  99  
  36 -65  82  
  36 -92  50  
  84 -40  60  
 -95  56   4  
  43 -87  53  
  41 -47  91  
  57  64  70  
  26 -67  84  
  22 -79  74  
  70 -24  82  
 -60  43  82  
  -6  97  53  
  -9  95  56  
  69 -63  59  
  33 -76  73  
  44 -89  48  
 -86  69   2  
 -89 -55  36  
  46 -59  81  
  45 -71  72  
 -47   2 100  
 -17 -63  89  
  90  63  13  
 -32 -91  54  
 -100  16  44  
   0  87  68  
  62 -90  15  
 -73 -77  31  
  71  16  83  
 -48  72  69  
  43  44  92  
  58 -19  92  
 -13  64  89  
 -44 -45  91  
  -4  68  87  
  36  58  87  
  86 -69   3  
  67  81  34  
 -44 -61  81  
 -99  49   5  
  59 -92  17  
 -54 -82  51  
 -22 -52  95  
  34 -98  38  
  42 -83  60  
 -47  86  51  
 -68  86  15  
  61 -92   1  
  73  -5  83  
 -80  37  67  
 -93  57  17  
 -72  82  17  
  43  95  36  
 -26 -73  79  
  13  90  63  
  64  88  20  
  92 -54  28  
  83 -24  69  
  56 -88  36  
  34  36  99  
  40 -65  80  
  69 -86   7  
 -38  84  61  
  46  82  58  
  85 -54  46  
 -55 -76  58  
  64  57  70  
  18 -73  81  
  41 -31  98  
 -79 -69  34  
  76 -39  70  
  35 -91  52  
 -44 -26  98  
 -16  69  85  
 -55 -46  84  
  36  86  59  
 -60  64  67  
  93 -25  54  
 -14 -78  77  
  46 -83  57  
  81  14  74  
 -56 -76  57  
  64   7  90  
 -59  10  93  
  47 -19  98  
 -76  26  76  
 -62  88  25  
 -49  90  41  
 -88  10  66  
  77 -19  77  
  78 -39  68  
 -87   6  68  
  33  53  91  
  40 -40  95  
  67 -76  44  
  11 -85  70  
 -50  30  94  
  10  46 100  
  47   6 100  
   4  47 100  
 -81 -15  74  
   6  91  62  
 -73 -52  65  
 -97  43  31  
  21 -79  74  
 -76 -59  54  
 -70 -37  77  
  73  14  82  
 -53  43  87  
  43  89  49  
  46  43  91  
 -93 -51  31  
  96 -33  44  
  68  81  32  
  -4 -88  67  
  33 -72  77  
  69 -86   0  
 -19  75  79  
 -13  73  82  
  -9  54  96  
 -30  82  68  
  82   4  74  
  70 -73  45  
 -16  59  92  
 -47 -95  31  
 -68 -46  74  
 -73 -39  73  
 -51 -80  57  
  63 -89  19  
  21 -62  89  
  13  63  90  
 -59 -16  92  
  80 -28  71  
  51 -82  54  
 -68  84  23  
  -5  54  96  
 -57 -80  51  
  16 -99  46  
 -97 -30  44  
  46 -41  92  
  94  20  55  
 -65 -89   7  
 -86  -5  69  
 -74 -72  40  
  19 -64  88  
 -43 -75  69  
 -54 -18  95  
 -96 -49  24  
  49  82  56  
  92 -39  47  
  29  86  63  
 -56 -93  20  
  52  84  49  
  75 -36  73  
  47  -5 100  
  49 -93  34  
  36 -93  48  
  59 -51  78  
  61  85  36  
  16 -100  44  
 -88 -22  63  
 -70 -35  78  
 -64  57  70  
  42 -95  37  
  44 -36  95  
 -65  69  57  
  71  84  12  
  74 -29  77  
 -88  64  19  
 -73 -68  48  
 -83  35  64  
  34  76  73  
  49  94  31  
 -49   5  99  
