  30  -6  15  
  -5 -27  20  
  23  -1  25  
  24  10  22  
  33   2   7  
  30  13   9  
  33  -8   1  
  23 -23  10  
 -15  19  24  
 -21  25   9  
 -32  11   2  
 -28  -7  18  
  10 -10  31  
 -24   6  23  
  30   7  14  
 -34  -1   4  
 -17  28  10  
 -31   7  12  
 -18 -22  19  
 -31  10  10  
 -22 -26   1  
   8   8  32  
   0  25  23  
   5 -32  11  
  22 -15  21  
  -6  30  15  
   7  -4  33  
   8  -2  33  
  20  25  12  
  -3  33   8  
  11  14  29  
  10  -4  32  
  32 -11   5  
  12  30  11  
  20 -26   9  
  -5 -19  28  
 -10  13  30  
  -6 -25  22  
   0 -25  23  
  29  12  13  
  17  -4  29  
 -20 -27   6  
  18   0  29  
  20  18  21  
  10 -32   4  
   2   0  34  
  24  17  17  
  21   9  25  
 -22 -12  23  
   4  19  28  
   5 -28  19  
 -25  18  14  
  25  -3  23  
 -16  -8  29  
 -21  22  15  
  25  20  12  
  32  -2  11  
  -4 -19  28  
  29  18   2  
   1  27  21  
  22 -22  14  
  19  27   9  
  32  -9   7  
  22  21  15  
 -12 -20  25  
   5 -27  20  
  20  17  22  
  25  -6  22  
  29 -17   5  
  26  -2  22  
 -18 -20  21  
  15 -19  24  
 -18 -27  10  
  -9  -8  32  
   9  32   6  
  -9  27  19  
 -15  27  14  
  34   1   2  
  19  -3  28  
   7 -28  18  
 -27  -5  20  
   9  24  22  
  17   9  28  
 -18  27  10  
  -5 -20  27  
 -24  22   9  
   0 -34   2  
   1   8  33  
  33  -5   7  
  30 -16   0  
  -9  32   6  
 -33   8   4  
 -27   8  19  
 -28  -4  19  
 -16 -11  28  
  28   6  18  
 -10  15  29  
 -26  12  18  
   8  24  23  
 -29  18   2  
  22   7  25  
  32  11   3  
 -33  -7   5  
  -4 -14  31  
  30  -4  16  
 -17  29   6  
  -1 -33   9  
   6  27  20  
  -7  25  22  
  10  -9  31  
  -3 -25  23  
  28  19   4  
  26 -19  11  
 -26  21   5  
  -7  23  24  
  25  11  20  
 -24  -9  22  
  19 -24  15  
  33   7   2  
 -24 -18  16  
  20  -5  27  
  21 -27   0  
 -30 -14   8  
 -28  -2  19  
 -20  13  24  
 -18  10  27  
  -9 -32   8  
  -5  -6  33  
  -4 -25  23  
  28  19   0  
  15 -22  21  
 -20  22  16  
  32   9   8  
  25 -23   2  
  22   9  24  
 -24  23   8  
 -23  21  14  
 -32   7  10  
  18  26  12  
   9  -1  33  
 -12 -26  18  
 -20 -21  18  
  20   5  27  
 -18  29   2  
  -6 -21  26  
  -6  15  30  
  21 -19  19  
  29 -15   9  
  21  24  12  
  17  26  14  
  19 -25  13  
 -18  20  21  
  26  21   7  
  -1  26  22  
  23   2  25  
 -30 -16   1  
 -21 -22  15  
 -18  28   8  
 -11  32   3  
  10 -16  28  
  25 -22   8  
 -15  22  21  
 -13 -25  19  
  19  28   3  
 -10  18  27  
   4  17  29  
 -34  -4   1  
  18  -1  29  
 -31 -13   6  
  -5 -11  32  
  20 -19  20  
 -33  -2   8  
  19 -13  25  
  16 -25  17  
 -30  -7  14  
  17 -28  10  
  32   7  10  
   3  28  19  
 -28  -9  17  
   7  32  10  
  17   5  29  
  32 -10   5  
 -14 -23  21  
 -23  24   6  
  -7 -21  26  
 -32  -2  12  
  -6 -33   5  
   4  -6  33  
   2  30  16  
 -21   0  27  
  -1  21  27  
  20 -25  12  
 -33   0   9  
  28   7  18  
 -17 -27  12  
  16 -19  23  
   0   1  34  
  11 -11  30  
  26 -21   7  
 -26   7  21  
  13  27  16  
  31  14   3  
   1 -30  16  
   0  31  14  
 -26 -16  15  
  -4  28  19  
   3 -33   7  
   7 -21  26  
  16  20  22  
 -22  -9  24  
  26  18  12  
  -3  26  22  
  12 -25  20  
   8 -24  23  
  -9   8  32  
 -26 -19  11  
  -8  27  19  
 -31   4  14  
 -32 -11   1  
  10  31   9  
 -14 -31   2  
 -16 -23  19  
 -12 -21  24  
  25  12  20  
 -31   9  10  
  -9 -32   7  
 -21 -26   7  
 -15 -14  27  
 -29  17   6  
   1  32  11  
 -14   4  31  
  14  -8  30  
 -10  28  16  
 -28  13  14  
   5 -33   7  
  -9 -26  20  
  27  14  15  
   1 -28  19  
  27  -6  20  
  14  13  28  
 -25  20  11  
  -4  23  25  
  22 -25   6  
  -9 -19  27  
  19  23  16  
 -22  -7  25  
 -11 -19  26  
 -27 -20   6  
 -32 -10   7  
  17 -29   4  
  30  15   5  
  12  32   0  
  33   1   9  
  13  31   5  
   1  21  27  
  19  16  23  
 -19   2  28  
   1 -32  11  
  32   4  10  
  26  11  19  
  -2  19  28  
   3 -23  25  
 -31   2  14  
  32   2  11  
 -30 -16   4  
  18   8  28  
  -7  33   3  
 -28  10  16  
   0 -33   9  
 -14  25  18  
 -30 -16   3  
  25  17  16  
  33  -9   1  
 -20  26   8  
 -29   0  18  
   3  31  14  
  19 -28   1  
  33  -7   4  
  11 -28  16  
 -33  -5   7  
 -11 -30  11  
 -28 -19   2  
 -17   4  29  
  -8  -1  33  
 -24 -12  21  
  28  14  13  
 -27  -1  21  
  29   5  17  
  14   2  31  
  31  13   5  
 -24  10  22  
   8 -18  28  
   8  32   8  
 -15  -4  30  
 -17  20  22  
   1  23  25  
  19  28   4  
 -28  19   5  
 -26  18  13  
   1 -21  27  
