  85 -14  52  
 -32  91  29  
  44 -56  71  
  50  23  84  
 -16  99   8  
  59 -36  73  
  48  -2  88  
   6  93  38  
  42  51  76  
 -13  49  87  
 -38  82  44  
 -86  39  34  
  35  14  93  
  58  54  62  
 -11  67  74  
 -72 -61  35  
 -51  56  66  
 -90   7  44  
  25 -28  93  
  47 -12  88  
 -57  67  49  
 -90 -34  29  
 -75  46  49  
  38 -40  84  
 -57 -57  60  
 -95 -32   7  
   6 -74  68  
 -66 -67  36  
  60  78  21  
  66  -3  76  
 -75  -9  66  
  -8  37  93  
 -69  -5  73  
  23 -68  70  
   3 -70  72  
  68 -40  62  
 -32  70  65  
  30  83  48  
 100   1  11  
  90 -40  20  
  13 -87  49  
 -39 -77  51  
 -77 -51  40  
 -10 -97  25  
  -8  94  35  
  64 -19  75  
  81 -59   6  
 -39  92  12  
  69  11  72  
  96  -2  29  
 -55  31  78  
  23 -72  66  
  76 -64  15  
 -51  67  55  
  65  12  76  
 -64  37  68  
 -68  53  52  
  -8  80  60  
 -44  44  79  
  74 -16  66  
  39 -26  89  
  41 -77  50  
  43  85  32  
  80 -57  22  
 -69 -23  69  
 -15 -48  87  
 -38  36  86  
 -92  21  35  
   8 -96  28  
 -18  -3  99  
  -3  84  55  
 -93  36  12  
   4 -99  16  
  39 -50  78  
  75  49  46  
 -95 -15  30  
  20 -65  74  
 -96 -30   4  
  74 -68   3  
 -19 -76  63  
  -6 -72  70  
  83 -47  32  
  77 -37  53  
  82  11  57  
   5  99  18  
  98 -12  19  
 -67  75   4  
 -38  93   2  
 -82  34  47  
  17 -98  14  
 -48  64  61  
  -1 -83  57  
 -58 -41  71  
 -43  -1  91  
  78  62  12  
 -34 -88  34  
  12 -75  66  
  -3  -8 100  
   4  44  90  
 -66  59  48  
 -15  99   8  
   2 -54  85  
 -55  69  48  
 -37 -61  71  
 -60   9  80  
  -7  72  70  
 -63  59  51  
 -58 -82   7  
 -25 -96  17  
 -27 -67  70  
 -14   9  99  
  78 -35  53  
  -2  17  99  
  23 -20  96  
 -77  23  60  
 -30 -61  74  
 -88  47  12  
   4  -9 100  
 -89   4  47  
 -49 -40  78  
  74 -66  15  
  61  32  73  
  33  94  13  
  71 -65  29  
  23  18  96  
  68  57  47  
 -80  -2  61  
 -22 -86  47  
  -5 -52  86  
  21 -74  65  
  54  52  67  
  75   4  67  
 -21 -94  28  
  98 -15  17  
  95 -14  30  
  23  77  60  
  43  29  86  
  15 -29  95  
  71 -40  59  
 -55 -22  81  
 -94   9  34  
 -18   1  99  
 -22   7  98  
  16 -82  56  
  50  77  41  
  88 -10  47  
  32 -39  87  
   0  93  38  
 -28 -72  64  
  35 -94   5  
 -81 -57  16  
   6  10 100  
  65  36  68  
  25  93  29  
  83  11  56  
  22 -76  62  
 -70 -72   5  
 -55  52  66  
   1  73  69  
 -89   7  46  
  -5  -7 100  
  37 -88  31  
  82 -56  15  
  29  14  95  
  57  81  18  
  -3 -17  99  
 -61  28  75  
 -71 -71   4  
  25  75  62  
 -86  -5  52  
  81   8  59  
 -69  52  51  
  60 -20  78  
 -38  20  91  
 -46  47  76  
  24  81  54  
  13 -41  91  
  67  44  61  
  -6  98  22  
  56  81  19  
 -50 -77  41  
  75   0  67  
  22 -80  57  
 -100   4  11  
  53 -70  49  
  29  86  43  
  29 -49  83  
 -48   2  88  
 -98  -9  20  
  79 -55  29  
  97  22  14  
  32  56  77  
  21  32  93  
  44 -87  24  
 -100  -4  10  
  63  14  77  
  87 -39  31  
 -57  59  58  
 -84 -46  31  
 -15  98  15  
  94  23  28  
 -80 -52  31  
  17  39  91  
 100  12   2  
  72  63  31  
  63  77  14  
 -36 -83  44  
   4 -93  38  
  41  92   0  
 -31 -58  76  
  45  84  32  
 -10 100   4  
   8 -71  71  
 -69 -18  71  
  30 -75  60  
 100   2   7  
  91  -9  42  
  11 -98  19  
  41  70  59  
 -70  42  59  
 -24 -53  82  
  78 -41  48  
 -70  48  54  
  74 -67  12  
 -23   4  98  
  59 -27  77  
 -33 -94  14  
  14 -38  92  
 -75  42  52  
 -99   4  16  
   6 -33  95  
 -31  93  23  
 -48 -16  87  
  78  56  29  
 -27 -71  66  
 -40 -73  56  
 -23 -68  70  
 -45 -23  87  
  -2 -47  89  
 -79  37  50  
 -14 -69  72  
  20 -72  67  
  64  40  66  
  22 -98   4  
 -99   8  15  
 -75 -61  28  
  95  12  31  
  42  63  66  
 -71 -52  49  
 -73 -61  32  
 -64 -75  20  
  -6  52  86  
 -21 -95  25  
  70  72   3  
 -37 -48  80  
  39 -22  90  
  57  78  28  
 -80 -17  58  
 -18 -97  18  
  86 -36  37  
 100  -8   3  
 -47  46  76  
 -66  45  61  
 -74 -34  59  
 100   7   2  
  57  67  49  
 100   0  11  
  76  26  60  
  -4  99  16  
  23 -33  92  
  -7  26  97  
  14 -42  90  
 -11 -87  49  
  66  68  34  
 -26 -55  80  
 -59 -81   4  
 -21  26  95  
  97  -3  27  
 -84  50  23  
 -21  95  25  
   6  98  22  
 -48   9  88  
 -30  87  40  
 -50 -23  84  
 -67 -74  10  
 -96 -21  20  
   3 -33  95  
  -1 -75  67  
 -46  44  78  
  80  59  15  
  88  38  31  
  53  14  84  
  28  51  82  
 -100  10   3  
 -30  18  94  
 -32 -84  45  
 -96   1  29  
 -59   9  81  
 -70  -7  72  
 -72 -47  52  
