 -96 -45  96  
 -72  81  93  
  88  75  84  
  89 -68  89  
 -97  43  96  
 -78  68  99  
  91  97  52  
 100 -61  82  
 -85 -99  58  
  69 -90  87  
  97 -100  33  
  94  72  80  
  92 -64  89  
  88 -72  87  
 -56  97  89  
 -99 -99  30  
  68 -89  89  
 -81 -62 100  
  95  93  53  
  76  80  91  
  81  91  75  
 -98 -76  71  
  71  99  75  
  87 -99  56  
  95  76  75  
 -84 -60  99  
  57  97  88  
 100  98  28  
  76 -81  90  
 -99  83  61  
  77  91  79  
 -79 -96  71  
 -82  82  84  
 -100  64  80  
 -84 -58 100  
  76 -68 100  
 -90 -75  82  
 -80  76  91  
 -98  32  99  
 -66  94  85  
  62 -81 100  
 -80 -95  71  
  96 -81  68  
 -97  83  64  
  97 -77  71  
 -72  93  81  
 -75 -95  76  
 -93  72  81  
 -93 -65  87  
 -93 -86  66  
  83 -73  91  
 -92 -49  98  
 -98 -68  79  
 -69 -94  83  
 -100 -72  73  
 -92 -78  77  
  96  70  80  
 -93  51  96  
 -94  87  64  
  76 -99  70  
  83 -80  85  
 -91 -77  79  
 -96 -84  65  
 -97 -86  60  
 -96 -58  89  
 -84  83  81  
 -80 -85  83  
  94  64  87  
 -89  52  99  
  75 -96  75  
  90 -98  52  
 -61  95  88  
  93  87  65  
  96 -99  37  
  73 -93  80  
  84 -96  65  
 -100  93  43  
  69 -84  93  
  97 -71  77  
  99 -91  48  
  94 -76  76  
 -76  97  73  
 -91 -100  47  
 -88 -87  72  
  93  64  88  
  96 -37  99  
 -95  83  67  
 -90 -81  76  
  74  81  92  
  79 -69  97  
  90  62  92  
 -89  90  67  
 -46 -92  99  
  99  90  51  
 -94 -71  81  
 -52 -91  97  
  95  67  83  
 -99 -64  81  
 -53 100  87  
  79  69  97  
 -73 -93  80  
  88  57  97  
  90  83  74  
 -77 -79  91  
 100  29  98  
 -98  84  61  
 -100 -94  41  
 -82  63  99  
 -74 -92  81  
 -97  75  74  
 -95  82  69  
 -79  77  91  
 -93  95  52  
 100  47  91  
 -92  89  64  
 -85  73  89  
 -96  59  88  
 -96  72  78  
  91  99  48  
 -98 -77  70  
 -96  77  73  
 -75  75  96  
 -79  99  66  
  88  88  70  
 -71  93  82  
  64 -80 100  
 -77 -86  84  
  87 -100  53  
 -98  74  73  
  86  97  60  
 -99 -85  59  
  82 -93  71  
 -75  98  72  
 -87  69  90  
 -97 -69  79  
 -88  56  98  
 -79 -73  94  
 -98 -86  59  
  61 -98  84  
  60 -84  99  
  69  92  85  
 -57  85 100  
 -97  84  63  
  96  68  81  
 -76  82  89  
 -92 -93  58  
 -73 -96  77  
 -97 -92  51  
 -90  83  74  
  44 -99  93  
 -87  86  74  
  87 -57  98  
 -88  72  87  
 -91  88  67  
 -95 -64  86  
  94  74  78  
 -74  92  81  
 -88 -62  94  
 -54  89  98  
 -95  69  82  
  96 -54  91  
  58  97  88  
 -100 -50  89  
  95  45  97  
 -75  88  84  
  69  98  78  
  85  76  86  
 -97 -90  54  
 -66 -78 100  
  80  70  96  
  77  96  73  
  84  80  84  
  99 -54  88  
 -45  99  93  
 -91  77  79  
 -79  71  96  
  85 -88  74  
  96  47  95  
 -95  95  49  
  86 -88  73  
 -97 -85  62  
  93 -76  78  
  69  93  84  
 -85 -88  74  
  98 -84  62  
  91  74  82  
 100 -79  65  
 100  98  30  
  90 -82  75  
 -90 -92  62  
 -40 -97  97  
 -49  92  98  
  85  91  70  
 -96  94  49  
 -94 -91  58  
  47  95  96  
 -100 -80  64  
  74 100  71  
 -83  94  69  
 100  79  65  
 -80  90  77  
 -47  93  98  
 -75  69 100  
 -80  78  89  
 -98  76  71  
 -98 -69  78  
 -100  76  68  
  95 -55  92  
  75 -84  88  
 -75 -83  89  
  42  94  99  
  89  86  72  
 -97  70  78  
  93 -83  70  
  30 -99  99  
 -89  77  81  
 -90 -90  65  
  53 100  87  
  97  53  91  
 -82 -76  89  
  67 -98  80  
  95 -58  90  
  70  84  92  
  74 -83  90  
  92 100  44  
  70 -82  94  
  90  98  53  
 -84 -100  58  
 -69  93  84  
 -93  96  51  
 -83  71  92  
  77  87  83  
 -66 -94  85  
 -67  97  81  
 -77 -100  67  
 -95  74  77  
  98 -69  78  
 -96  90  56  
 -72  98  75  
  95  41  99  
 -78  80  89  
 -100  20 100  
 -70  77  98  
 -99 -58  85  
 -97 -53  91  
 -70  82  94  
  72 -86  89  
 -88 -82  77  
  88  56  98  
 -92  84  70  
 -42  94  99  
 -81 -98  65  
 -97  52  91  
  93 -96  51  
 -82  83  83  
 -79  65 100  
 -55  87  99  
 -100  83  60  
 -82 -86  80  
 -98  98  35  
 -94 -84  68  
 -100  37  95  
  64 -88  93  
  65 -90  90  
 -98  42  95  
 -94 -86  65  
 -96 -79  71  
 -75  79  93  
 -85 -97  62  
  77  77  93  
 -80 -88  79  
 -66  95  84  
  98 -56  88  
 -99  96  38  
 -88  82  77  
  52 -91  97  
 -75  93  79  
 -71 -83  92  
  98  33  99  
  77  81  89  
  68 -79  98  
 -95 -91  56  
  99 -30  99  
 -89  76  82  
 -99 -99  28  
  76 -83  88  
 -95  66  84  
  98 -97  38  
  84 -71  91  
  78  91  78  
 100  68  76  
 -85 -77  85  
 -88  75  84  
 -89  74  84  
 -82  98  64  
  84  77  86  
  56 -90  96  
  91  75  81  
  89 -98  54  
  54 -92  95  
