 -15  61  56  
 -64 -54   7  
 -53   1  65  
  52  54  38  
  42 -55  48  
  59  49  34  
  13 -43  71  
 -27 -71  36  
  25 -22  77  
 -59   1  60  
 -30  78   8  
  52 -19  63  
  -8 -33  77  
  79   9  27  
 -31 -12  77  
 -51 -67   1  
  59 -10  59  
 -62 -35  45  
  81   9  20  
  36  10  75  
 -40  42  61  
  -3  82  19  
  28  -7  79  
  -2  33  77  
  31  69  37  
 -11  74  38  
 -46  55  44  
 -36 -73  20  
  10 -81  19  
  55 -55  32  
 -46  24  66  
 -35  72  25  
   1  45  71  
  46  59  38  
 -34 -74  20  
 -46  27  65  
   9  32  77  
  18  75  33  
  80  -8  25  
  12  67  49  
  24  -7  80  
 -10 -82  14  
  40 -70  23  
 -15 -70  44  
 -77 -15  30  
   1 -81  23  
 -26  70  38  
   8  69  47  
   8 -46  70  
  62 -25  51  
 -17  62  54  
 -13   3  83  
  77  -7  33  
   9 -77  32  
 -62  54  16  
  -3  84   2  
  54  24  60  
  31  17  76  
 -33  15  76  
   6  53  65  
  62 -40  40  
  55  53  35  
 -30  57  54  
  50 -62  26  
 -61  52  25  
 -84   5   1  
 -20  73  37  
 -80  11  23  
 -36  41  64  
   1 -77  34  
  45 -44  56  
  17 -75  34  
  80   7  24  
 -53  65   2  
 -66  32  41  
  60 -57  15  
  68 -40  29  
 -47 -22  66  
  42 -70  20  
   9  67  50  
 -29 -68  40  
  73  38  17  
  82  -7  18  
  46  67  21  
  30  14  77  
  70   2  46  
 -16  48  67  
 -56 -32  54  
 -56 -62   9  
  49  66  18  
  74 -36  17  
  44 -66  28  
  49 -32  60  
 -83   4  12  
 -76 -23  27  
 -18 -80  19  
  66   3  52  
  79   2  28  
   4 -73  41  
  54 -39  51  
   0  31  78  
  64 -30  45  
 -28   0  79  
  28 -22  76  
  19  52  63  
  17 -81  14  
 -72  32  29  
 -45   4  71  
  56 -56  28  
  60  57  14  
 -27 -47  64  
 -34  -2  77  
 -40   1  74  
 -31  19  76  
  32  77  12  
 -72   4  43  
 -49 -42  54  
  -3   0  84  
  -3 -84   5  
 -49 -51  45  
  23  66  47  
 -38 -52  54  
 -62  37  43  
 -50  64  22  
  60 -57  14  
 -60  42  41  
 -30   7  78  
 -71   1  45  
 -28 -25  75  
  -6 -73  41  
   2  76  36  
  13  64  53  
 -47 -66  23  
 -53  51  41  
 -37 -40  64  
  62 -34  45  
  -4 -77  33  
  -5  46  70  
  80 -14  21  
  75 -14  35  
 -68  12  48  
 -38  74  10  
 -59   0  60  
  34  58  50  
 -18  43  70  
  11  80  23  
 -56  44  45  
  71  39  22  
  49  -6  68  
 -47  69   9  
  11 -83   6  
 -64  40  37  
 -57  59  18  
 -50 -43  52  
  14  58  59  
  -8   8  83  
 -74  32  23  
 -62 -55  14  
 -35  52  56  
  35  76   4  
  79  -3  29  
  55 -36  52  
  62   7  56  
  16 -45  69  
  70  43  17  
  74  14  37  
 -12 -83   8  
 -59  57  19  
 -10  63  55  
 -52   5  66  
  67 -44  25  
  46 -70   1  
 -13 -82  13  
 -19  80  17  
 -11 -58  60  
   9  63  55  
  39 -74   5  
  59  60   4  
  46  70   4  
 -29 -72  32  
 -54 -64   4  
 -46 -50  49  
 -68  44  23  
 -38 -36  66  
  18 -46  68  
 -39  66  34  
  39 -73  15  
 -10  73  40  
  61  -8  57  
  73 -26  33  
 -30  44  65  
  82 -12  15  
 -31  76  19  
 -76 -34  10  
  55 -57  28  
   2  23  81  
  13  83   0  
  49 -67  12  
  53  -6  65  
 -36  32  69  
 -19  37  73  
  40 -62  40  
  21 -81   7  
  52 -37  55  
 -83   9  11  
 -45 -64  31  
  28 -79   2  
  -6  41  73  
 -41  71  19  
  74 -39   9  
  22  18  79  
  13 -64  53  
   5 -31  78  
  26  70  39  
  38   2  75  
  60 -44  39  
  53   0  65  
  43 -69  22  
  37 -66  37  
  -8  44  71  
 -48  68  10  
  25 -37  71  
  82 -18   2  
  -7  22  81  
  53  52  39  
  25  67  44  
 -26 -73  32  
 -29 -40  68  
  19  81  11  
  -9  82  17  
  37 -38  65  
  67 -17  48  
 -61  25  52  
  33  -6  77  
  26 -10  79  
   2  18  82  
   4   3  84  
  69 -47   9  
   6 -33  77  
  65  34  41  
  68  49   0  
 -54 -17  62  
   5  74  39  
 -26  12  79  
   5  12  83  
  49  56  39  
 -28  44  66  
  72  34  27  
  19  66  48  
   7 -55  63  
 -14  77  30  
 -66  -1  52  
   1 -61  58  
 -12 -79  26  
 -66 -14  50  
  -1 -83  13  
  70 -29  36  
  50  15  66  
 -71  45   4  
 -23  45  67  
  71 -16  42  
  37  73  18  
  19 -80  17  
  -4 -49  68  
  -2  22  81  
 -44  48  53  
 -46  67  21  
  28  66  44  
 -64  20  51  
  26  72  35  
  75  37   8  
  83  -7   9  
  19  48  66  
  -1  38  75  
 -81  -4  22  
  22  43  69  
 -32 -69  36  
 -83  11   3  
 -84  -2   5  
 -18 -38  73  
  46 -14  69  
 -69  13  46  
 -15 -68  47  
 -23  70  40  
  18  81  12  
   5 -69  48  
  29  60  51  
 -30 -73  29  
 -81   0  22  
 -43 -65  32  
 -12   2  83  
 -33  59  50  
  63 -52  19  
   6 -43  72  
 -52  65  12  
 -32 -21  75  
 -48 -39  57  
 -64  42  35  
 -37 -63  41  
 -13  17  81  
