  10   5  10  
  -5 -10  10  
   0   7  13  
 -13   6   4  
   4  -4  14  
 -13   3   7  
  13   6   5  
  11  10   1  
  11   7   7  
  -1 -11  10  
   6 -11   8  
 -11  -9   4  
  -1   0  15  
  -5   9  11  
 -13   7   2  
  10  11   0  
   9  -7  10  
   9   5  11  
  -4   3  14  
   9  12   2  
  -5  13   5  
 -14   0   6  
 -12   2   9  
  13   5   5  
  -8   6  11  
   7  -9  10  
 -10  -8   8  
  11  -3  10  
  12  -1   9  
  -7   2  13  
  10  11   1  
  13  -6   4  
   8   4  12  
   6 -14   0  
   6  -8  11  
   0 -15   2  
  14  -4   4  
  -5   7  12  
  11   9   4  
   5 -12   7  
 -10   0  11  
  12   7   5  
   6 -13   4  
  10  -8   8  
  -1   9  12  
 -14  -1   5  
  -5  12   7  
  14  -5   3  
 -10   8   8  
  14  -5   0  
   6 -13   5  
  -6  -8  11  
 -12   8   4  
 -10  11   3  
   5  -7  12  
 -12   4   8  
   4   3  14  
  -3  -5  14  
  11   5   9  
  -3  -7  13  
   1   5  14  
  10  -2  11  
   0   5  14  
   7   2  13  
  -7 -12   6  
   3  -4  14  
   8  -9   9  
   9  -5  11  
  -6  13   4  
   7  -5  12  
 -11 -10   3  
   0  13   7  
 -13   1   7  
  12   1   9  
   1  -1  15  
  -3 -10  11  
   0   6  14  
  10  -5  10  
   6  14   0  
   4   6  13  
 -11   5   9  
  11  -1  10  
   0   0  15  
  -2 -13   7  
 -12   5   7  
   7  13   1  
  -8 -12   4  
   8  -6  11  
  11 -10   3  
  10 -10   5  
  -4   9  11  
   3  14   4  
  -3 -11  10  
  -8  -6  11  
   5  14   2  
 -15  -1   2  
   2 -13   7  
 -15   2   1  
  -5  14   1  
  -3  13   7  
 -10  -2  11  
  12   5   7  
  -7   1  13  
  15  -1   0  
  15   1   1  
  -4  -4  14  
 -11   6   8  
  -8  -9   9  
   7  12   5  
  12   2   9  
  -7  -6  12  
  -5 -13   6  
  15   0   2  
  -4  -9  11  
   4  14   3  
   3   7  13  
  -7   5  12  
  11   0  10  
   0  15   2  
  -4   8  12  
 -12   9   2  
   4   4  14  
  -7  -1  13  
  12  -6   7  
   9   8   9  
  -3   5  14  
 -11  -5   9  
   7  -6  12  
  -8 -10   8  
  -7 -10   9  
   2  15   0  
   7 -10   9  
 -11  -1  10  
  10  -9   7  
  -4 -14   4  
  -1 -15   2  
   2  -5  14  
  11  -8   6  
 -14   0   5  
 -10 -10   5  
 -11  -2  10  
   2  12   9  
 -14  -4   4  
  -2   9  12  
  10  -3  11  
   0   9  12  
   9  -9   8  
   5  13   5  
 -11  -4   9  
  10  10   5  
  13   6   4  
   6  -4  13  
 -12  -5   7  
  10  -7   9  
 -13  -6   5  
  -5 -12   7  
  14   5   3  
   3   5  14  
  -5 -11   9  
  -2  -7  13  
  -3 -14   4  
  -1  -2  15  
  14   5   1  
 -13  -3   7  
   9  -8   9  
   6   7  12  
   1  11  10  
   1  14   5  
  14  -6   0  
  10   9   7  
  -2 -12   9  
  -6 -12   7  
  -2   5  14  
 -13  -7   2  
  -7  12   6  
   1  15   0  
 -11  -8   6  
   7 -13   3  
  -1  14   5  
   7   9  10  
  -2 -15   1  
 -14  -5   1  
  -8  11   6  
 -14   5   3  
   4  13   6  
 -13  -1   7  
   5 -14   3  
 -11  -9   5  
 -10   2  11  
  -5   1  14  
  12  -2   9  
  14  -5   2  
  -1 -13   7  
  -4  11   9  
  -8  -8  10  
  -7  -9  10  
  -2   1  15  
  -9  -4  11  
  -3 -13   7  
  12  -9   0  
  -5   0  14  
  -5  14   2  
   0  -7  13  
  11   6   8  
  12  -4   8  
  -4 -12   8  
   4  12   8  
  -7 -11   7  
   7  11   7  
  14  -2   5  
   1 -12   9  
  -2  10  11  
   3 -14   4  
  -7   3  13  
  -5  10  10  
   9   9   8  
 -10   1  11  
  13   3   7  
  -2  -5  14  
  -9  11   4  
 -10 -11   2  
   5 -13   6  
   0   1  15  
  15   1   0  
   3 -10  11  
  11  10   0  
   1  -5  14  
  -9  12   1  
   1  -9  12  
  11   8   6  
  -4  -6  13  
  -5  -7  12  
  -7  12   5  
  13  -1   7  
  11  -7   7  
   2  14   5  
  -1   5  14  
   5 -10  10  
  -7   9  10  
   9  11   4  
   1   2  15  
  -6   4  13  
 -12   0   9  
  -5  -1  14  
   9   7  10  
  -4  -3  14  
 -13   2   7  
   8  10   8  
  11  -2  10  
   4  14   4  
   2  -9  12  
  -8  12   4  
  14  -3   4  
   8 -11   6  
   8 -10   8  
   9 -12   2  
   7   7  11  
 -15  -1   1  
  -9   2  12  
  13  -6   5  
   5  14   3  
  -2  12   9  
  11 -10   0  
  10   0  11  
  -5  14   3  
  -3   4  14  
   9 -10   7  
 -11   4   9  
   8  -4  12  
  -5   5  13  
   3 -11  10  
   6   5  13  
   4   9  11  
  -9   4  11  
   7   1  13  
   0  12   9  
   4 -12   8  
  -5 -14   3  
 -13   7   3  
   6  12   7  
  -7   0  13  
   2  15   1  
   3  14   5  
  14   5   0  
   7 -12   6  
  12   9   0  
 -12   7   6  
   3  10  11  
   5  12   7  
   1  -2  15  
  12   9   2  
   7   6  12  
   9   1  12  
  11  -6   8  
   8   8  10  
   7 -12   5  
  13   5   6  
  -4  -8  12  
 -14   1   5  
   1 -11  10  
