  18  10   9  
  -3  21   8  
  22   4   2  
  10  -4  20  
  14  16   8  
  -9   6  20  
  15  15   8  
  22  -1   5  
  18   3  13  
  -6 -20   8  
   2  -4  22  
   5 -22   2  
 -16  10  12  
 -20   7   8  
 -20   9   4  
  11  -8  18  
 -12 -18   7  
  -7  -4  21  
   8   7  20  
  13  14  12  
  20   4  10  
 -22   3   2  
  18  13   3  
 -20 -10   3  
   6  12  18  
 -21  -8   3  
  -3  19  12  
  -1  19  12  
  20   8   6  
  -9  -8  19  
   0  20  10  
 -16 -16   1  
  -7 -20   8  
 -13 -18   4  
 -20  -8   6  
  -5 -21   6  
 -12 -12  15  
 -13   4  18  
  -5 -15  16  
 -16  15   6  
 -11  -4  19  
  22   3   4  
   4 -13  18  
  -9 -12  17  
  17  -7  13  
  20 -10   0  
 -15  17   1  
  16  -7  14  
 -11  17  10  
  16   9  13  
   5  22   1  
 -22   3   4  
  18 -13   4  
  10  -1  20  
 -19 -10   6  
  10 -20   3  
 -10  19   7  
 -12   2  19  
   6  19  10  
   2  21   8  
   0 -10  20  
 -11 -17  10  
 -14  -9  15  
  -9 -20   6  
 -11  19   5  
   9  12  17  
  -9   5  20  
  12  17   9  
   4 -22   2  
   0 -12  19  
  14 -17   5  
 -19   8   9  
  20  -5   9  
 -10 -12  16  
   5  19  11  
   1  17  15  
 -20 -10   1  
 -17 -14   5  
   5 -21   7  
  11  10  17  
  11  17  10  
  15 -11  13  
 -16 -14   8  
  12 -19   3  
  16 -12  10  
  13 -13  13  
  -3  10  20  
  11  14  14  
 -15   8  15  
  14   8  16  
   6  10  19  
   5  -2  22  
  -9  -5  20  
   3 -22   4  
  -4   2  22  
 -14 -17   4  
 -10 -18   9  
   5 -11  19  
 -11   8  18  
  -9  -6  20  
  22  -4   3  
  11 -15  13  
   1 -16  16  
 -20   5   9  
 -15  -4  16  
   6  20   9  
  14  -7  16  
   8  18  11  
   2 -22   5  
 -16 -15   6  
  -9 -15  14  
 -14  -8  16  
 -18  13   2  
  17 -12   8  
  20  -9   5  
  -7  16  14  
  19 -10   6  
   5  -6  21  
  -9 -10  18  
 -16  -2  16  
   4 -10  20  
   6  21   5  
 -11 -19   4  
   1  22   4  
  -8  -2  21  
 -16  16   1  
   0 -19  12  
   7   4  21  
  -4 -22   4  
   4  -9  20  
   4  17  14  
 -20   1  10  
   3  -7  21  
 -14  17   5  
   2  10  20  
  19   4  11  
  22   0   4  
  -4  22   4  
   4  21   7  
 -17 -14   4  
  -6  10  19  
 -13  17   7  
  13   3  18  
 -15  16   5  
 -21   6   5  
  12  10  16  
  21   7   5  
  12  16  10  
 -12  18   6  
 -15   6  16  
   1 -20  10  
 -18 -11   8  
  -6 -19  10  
   3   4  22  
  -5  22   2  
 -22  -5   1  
  20  10   2  
  -1 -19  12  
  -4  -3  22  
 -19  10   7  
 -12   9  17  
  -3 -22   3  
  -9  20   5  
 -20  -1  10  
  -7  18  12  
   0  22   4  
   8   2  21  
  15  12  12  
   3 -20  10  
 -19   1  12  
   2 -20  10  
  10 -19   7  
  -3  22   3  
 -15  12  12  
   4   4  22  
 -15   5  16  
  10  20   3  
  -5  -9  20  
  22  -4   2  
 -16  -7  14  
   8  17  12  
  21   6   6  
  12 -19   0  
 -11 -18   8  
   8  16  14  
   3  -3  22  
  -6  -8  20  
  -4   4  22  
  10   7  19  
   7  14  16  
  14  12  13  
  15   5  16  
   8 -21   1  
 -19  -7  10  
  -2 -16  16  
 -16   7  14  
  -6  19  10  
 -15  15   8  
   0  21   8  
 -19   9   8  
  -8   2  21  
 -20  10   1  
  -3  22   2  
   6 -19  10  
   7   3  21  
  18 -10   9  
  19 -10   7  
  15 -17   1  
 -14 -15   9  
   2  20  10  
  14 -13  12  
  22  -3   4  
  -3  20  10  
 -12  -6  18  
   0 -15  17  
   3  12  19  
  -4 -21   7  
   9 -17  12  
  22   3   2  
  21  -8   3  
 -20  -6   9  
  -3  -4  22  
  -8   0  21  
 -15  15   7  
  -8  20   6  
  -6 -12  18  
  -2   3  22  
 -20   6   9  
 -15  -7  15  
 -19  -9   8  
 -12  12  15  
   9 -12  17  
   1  12  19  
 -20  -9   5  
  -5  22   1  
   2  22   5  
  15  16   6  
  17  -4  14  
  12 -18   6  
  -1  22   5  
  -8  12  17  
  -6  20   9  
  -2  -3  22  
  17  10  11  
  16   7  14  
   5  14  17  
   8   6  20  
  20   1  10  
   4 -22   1  
 -10  -1  20  
   4  18  13  
  17  -9  12  
 -19  -3  12  
 -19  10   6  
  13 -14  12  
  19 -12   3  
  21  -3   7  
  -1  -8  21  
  14  13  12  
 -10 -19   6  
 -17  10  11  
   7 -13  17  
   8  -1  21  
 -19 -11   5  
   6  -5  21  
   6 -21   6  
   4  20   9  
 -15   0  17  
 -20   9   5  
 -18   6  12  
   2   4  22  
  -3 -21   7  
 -22   4   4  
 -22   2   5  
  -1 -16  16  
  13 -18   2  
  21  -7   5  
   5   1  22  
  -9  19   8  
  -1 -12  19  
 -21   8   1  
  -6  16  15  
  -3  -3  22  
  16 -15   6  
   5  -7  21  
  -8   9  19  
  -4 -17  14  
  -9 -14  15  
  19 -12   1  
   3  21   8  
   2 -22   3  
 -12   7  18  
   4  22   1  
  -7 -21   5  
   9 -20   6  
 -14  13  12  
  19   5  11  
  12  19   3  
   4  11  19  
  21  -8   1  
