  54  51  29  
 -14  75  23  
  59 -46  27  
   0  62  50  
 -17  53  57  
 -45 -46  47  
  38  48  51  
 -61  29  42  
 -62  38  32  
 -68  19  37  
  58  42  34  
 -65 -45   7  
 -44  13  65  
   2  26  75  
 -21  45  62  
  29 -66  33  
 -35  52  49  
 -27 -55  51  
   8 -31  73  
  69 -10  38  
  27 -55  51  
 -68   7  41  
  77 -20   4  
  75  23  12  
 -47  -2  64  
   5  19  77  
 -43  56  37  
  69 -15  37  
  46  52  39  
  47 -47  44  
  68 -36  19  
  53  37  46  
  16  16  76  
 -72 -26  22  
 -11  73  30  
 -35  54  47  
  42 -36  57  
  18 -16  76  
  45  60  27  
 -34 -40  60  
 -78  -2  14  
 -14  76  18  
 -51 -47  39  
 -64 -22  42  
 -37 -65  27  
 -20 -75  16  
  22  74  19  
 -22  45  62  
  20  76  12  
  62  40  30  
 -48  60  20  
  -7 -75  26  
  40  66  20  
 -74  -6  28  
 -49  33  53  
 -28  74   9  
 -73 -28  13  
 -19  52  57  
  76 -23   4  
  39  60  35  
  22  22  73  
 -29 -67  31  
  40 -67  16  
 -44  53  40  
  44  61  25  
  32 -15  71  
  29 -56  48  
  -3 -26  75  
 -34 -69  20  
  21  26  72  
 -62 -45  21  
  55 -48  31  
  52  48  36  
 -35  71   7  
  75  25   6  
 -20 -36  68  
  66 -43  12  
  -2  78  15  
 -34  69  20  
 -73 -23  22  
  69 -26  30  
 -50 -57  24  
  34 -66  28  
  61  16  48  
 -13 -26  74  
 -50 -56  26  
 -53 -55  22  
 -13  49  61  
  52  19  57  
   6 -76  23  
  -4   5  79  
 -60 -44  28  
  73 -31   6  
  67 -18  39  
  72   7  33  
 -10  67  42  
 -28 -72  19  
 -30 -71  20  
 -76   7  22  
 -71  36   1  
   7 -14  78  
 -30 -71  19  
  16  69  36  
  52  55  25  
 -38 -25  65  
   0  27  75  
  15  -1  78  
 -47   2  64  
 -17  20  75  
 -51 -60   9  
 -78  -7  13  
  -8  73  31  
 -20  75  18  
  27 -11  74  
 -64  45  13  
  79   5   9  
 -43  67   4  
  55  34  46  
 -55   4  57  
  -7 -55  57  
  78   6  14  
  57 -27  48  
 -53 -59   8  
 -38  19  67  
  -8  53  59  
  35  32  64  
 -62  -1  50  
  60  39  35  
  21  -8  76  
  60 -14  50  
 -68  37  17  
  48 -46  44  
 -61 -51   6  
 -38 -50  49  
  62  -6  49  
  18 -51  58  
  -8  42  67  
  76  23   7  
  13 -45  64  
  36 -61  36  
  59 -15  51  
 -27 -72  21  
 -44  51  42  
  28  68  30  
  15   3  78  
  66  -5  44  
  14 -19  76  
  56 -40  40  
  39  49  49  
  71   5  35  
 -57 -54  12  
  74  29   0  
 -11 -20  76  
 -28 -30  68  
  32 -50  53  
 -44  42  51  
  43  39  54  
 -14 -78   2  
  -2 -23  76  
 -29 -21  71  
  16 -29  72  
   5  31  73  
  27  74  12  
 -21 -76  11  
   4 -79   9  
  32 -51  52  
 -30  22  70  
  64 -15  45  
 -75 -13  23  
  39  59  36  
  32  59  43  
  66 -29  34  
   2  -9  79  
 -11  38  69  
 -67  16  40  
 -55  39  42  
  33  13  71  
  14 -14  77  
  20  40  66  
  26  75   7  
  -2  -9  79  
 -78 -15   5  
  49  56  28  
  58 -24  49  
  -3  59  53  
  75 -12  23  
  74  -5  28  
  64  46  12  
  10  79   1  
 -37  -9  70  
 -64 -46  10  
  53 -57  17  
  11  68  40  
  -5 -23  76  
  60  52   6  
 -44  20  63  
 -36  33  63  
  -7 -67  42  
  64  20  43  
  43 -64  20  
 -67  31  30  
  62  47  17  
  72 -33   9  
  16 -77  13  
 -12  41  67  
  11  52  59  
 -12  74  26  
  22  54  54  
 -31  62  39  
 -11  51  60  
  61  37  35  
  73   8  30  
  68 -38  16  
 -61  48  17  
  14  78   4  
 -21 -11  76  
  76   9  21  
  75 -20  18  
 -68 -19  36  
 -69  16  36  
 -10 -24  75  
 -52  60   4  
  22  25  72  
  60   7  52  
 -21  -8  76  
  77 -19   6  
  75  24   9  
  33 -55  47  
  53 -59   2  
  65 -30  34  
  -6  42  67  
  17 -16  76  
 -53  56  20  
  19  77   3  
   6  76  22  
 -10 -21  76  
  31  39  62  
 -11  78   9  
  55 -57   4  
 -38  23  66  
 -11  63  47  
 -33  50  52  
 -38   0  70  
   0 -74  29  
   6 -49  62  
  76  23   0  
  17 -70  34  
 -72  -3  34  
 -42 -57  36  
  10  64  46  
 -30 -26  69  
 -36 -19  68  
  70 -33  18  
  18 -58  51  
  11  64  46  
 -40 -20  66  
 -36 -71   1  
  -2  29  74  
  -6 -73  31  
  77  19   5  
  23  68  34  
 -65 -45   8  
  -6  77  19  
 -52 -52  30  
 -28  14  73  
 -44  66   8  
  60  -5  52  
  67  42   9  
 -16 -77  12  
 -34 -68  23  
  22 -38  66  
  -6  -6  79  
  17 -26  73  
 -61   4  51  
  53 -32  50  
  56 -34  45  
  35   9  71  
  65  33  32  
  33 -27  67  
  50  11  61  
  75  26   7  
 -65 -36  28  
 -43  -4  67  
  72 -30  16  
  22  19  74  
  24 -68  33  
 -72  -2  34  
 -71  33  13  
 -74  29   4  
  -7 -62  49  
 -73 -27  15  
 -63 -21  44  
 -59 -43  31  
   9 -62  49  
 -59  -7  53  
   6  31  73  
 -72 -19  28  
 -66  21  39  
  20 -13  76  
  -9  72  32  
