 -84  76  48  
 -90 -44  71  
  57  46  99  
  89  51  68  
  96  25  73  
  96  13  76  
 -88 -22  83  
 -36  81  85  
  93  56  58  
 -66 -66  80  
  82  36  84  
 -96 -31  70  
  44 -77  85  
 -93 -60  54  
 -76 -51  82  
 -74 -90  40  
 -100 -68  23  
 -33  68  97  
 -79 -78  53  
 -14 -88  85  
  98 -74   7  
 -96  34  69  
  92  65  50  
  98  54  51  
  54  71  85  
  20  94  77  
 -91 -22  80  
 -87 -12  86  
  12 -71 100  
 -57  87  66  
  66 -96  40  
 -83  -3  91  
 -64  81  67  
 -39 -74  90  
  10 -81  92  
  82  16  90  
  68 -92  45  
  91 -35  75  
 -100 -55  46  
 100  65  30  
 -63 -69  80  
  51  93  62  
  49 -62  94  
 -24 -97  72  
 -90  83  14  
  92 -63  52  
  76 -77  58  
 -22 -90  81  
 -67  28  99  
 -92  57  58  
 -99  41  60  
 -73  83  54  
 -60 -85  66  
  98  52  53  
  69 -36  95  
 -40 -100  59  
  57  98  48  
  77  92  27  
 -92 -63  52  
  76  89  38  
  96  23  73  
  61  97  45  
 -18 -94  77  
 -89 -11  84  
  82 -18  90  
 -79 -63  70  
 -97  70  29  
 -93 -50  63  
 -82  74  54  
 -19  89  83  
  58  76  77  
  80  92  18  
 -19  85  87  
  61 -59  89  
 100 -57  43  
 -84  69  58  
 -57 -100  43  
 100 -66  27  
  88 -44  74  
 -79  61  72  
 -49  99  54  
  45 -89  72  
  77  75  60  
 -91  37  74  
  32  76  91  
  74  95  25  
  -9  80  93  
 -62  65  84  
  24  80  90  
  64 -54  90  
  71 -18  99  
 -75 -17  96  
  94 -64  47  
 -82 -70  59  
 -78  86  41  
 -64 -52  91  
  80  91  20  
  59 -90  60  
 -74 -14  97  
  95 -78   6  
  77  80  53  
  87 -67  55  
  78  86  40  
 -86  78  41  
  43 -86  77  
 -32 -64 100  
 -65 -45  94  
  68 -93  43  
  77 -92  26  
  67  94  42  
 -23 -99  69  
  90 -80  25  
 -56  98  49  
  19  98  72  
  91  74  37  
   2  73  99  
  86  35  81  
  69  31  97  
 -94 -55  57  
  11 -100  71  
 -96  21  74  
 -97 -76   2  
 -70 -56  84  
  65 -94  45  
 -85 -85  25  
  77  31  91  
 -31 -73  94  
  59 -61  89  
 -54 -79  77  
  57 -86  67  
  87  51  70  
 -80  82  45  
   0  85  89  
  17 -81  91  
 -50  99  53  
 -80  91  22  
  92 -72  39  
   4  99  73  
  47 -96  61  
 -96 -39  66  
 -60 -64  86  
  36 -76  90  
  39  86  79  
  87  86  14  
 -69 -62  81  
 -100  48  53  
   9  83  90  
 -49  93  64  
  88  85  11  
 -72  27  96  
  -8 -75  97  
  51  97  56  
  78  91  28  
 -77 -93  23  
  45 -99  58  
  73  88  46  
  65 -93  47  
  49  86  73  
  86  88   7  
  86 -27  84  
  -3 -90  84  
  37 -95  69  
 -24  90  80  
  80 -81  46  
  62  98  41  
  88  -4  86  
  21 -95  75  
  17  84  88  
  44  63  96  
 -89  17  83  
  65  89  55  
 -47  79  82  
 -53  87  69  
 -76  95  17  
  54  64  90  
 -69 -83  59  
 -79 -39  86  
  69 -87  53  
 -37  87  79  
  92 -20  79  
  74 -98   1  
  87  87   2  
 -96  66  40  
 -86  63  61  
  -2 -88  86  
 -76  44  86  
 -50  80  79  
 -56  92  59  
 -75 -51  83  
  79  90  28  
  -6 -85  89  
   2 -73  99  
 -73 -98  12  
 -16 -100  70  
 -85 -72  52  
 -74 -93  31  
 -79 -16  93  
   4  84  90  
  61  77  74  
  36 -88  78  
  75 -56  80  
  99  45  58  
 -94  29  74  
 -54 -83  73  
  71 -89  46  
 -58 -80  73  
 -82  11  91  
 -93  53  61  
 -91  78  27  
  99 -67  28  
 -80 -93   5  
  67 -40  95  
 -94  42  67  
 -76 -48  84  
 -77  50  82  
 -58  78  75  
  70  67  76  
  56  95  54  
  94 -62  49  
  72  86  51  
  80 -22  91  
  49  56  98  
 -32  98  67  
  96  51  58  
  39  96  66  
  90  83  14  
  83  70  58  
 -82 -68  61  
 -55 -99  48  
 -96  32  70  
 -51  59  95  
  29  86  83  
  17 -89  83  
  32  82  86  
  90  46  70  
  88  28  81  
  73   0  99  
  71 -58  82  
  93 -32  74  
 -91 -43  71  
  93  -8  80  
  70 -55  85  
 -93  57  57  
  48  65  93  
  83  74  53  
  94 -78  14  
  66  84  61  
 -31 -72  95  
 -89 -64  56  
  62 -51  93  
 -47  59  97  
  27  83  87  
 -97  29  70  
 -46  71  89  
 -90  83  13  
   6  71 100  
  -2 -97  76  
 -86  51  72  
 -75 -44  87  
  62  96  45  
  96  30  71  
 -75 -92  33  
 -24  95  74  
  33 -78  89  
  95  28  73  
  78  77  56  
 -78  85  42  
 -69 -48  90  
 -76  22  94  
 -66 -34  98  
  95 -55  55  
  99 -70  22  
  64 -96  43  
 100  69  18  
 -91 -56  61  
  90  -2  84  
  59  56  92  
  84  64  63  
 -28  96  72  
 -41  94  68  
 -83 -46  78  
 -92  46  67  
  -1  89  85  
  71  32  95  
  86 -82  32  
  28 -100  66  
 -91  67  49  
 -74 -75  63  
  86  72  51  
  89  -4  85  
  47 -80  81  
 -77  24  93  
 -67  89  52  
  89 -41  74  
  94 -15  78  
  18  90  82  
 -90 -21  81  
 -71  92  40  
  36 -84  82  
 -84 -68  59  
