  -2 -34   6  
 -20   0  28  
  29  14  12  
  22  15  22  
  21  -8  26  
  25 -13  20  
   0 -24  25  
  13 -31   8  
  24 -20  15  
 -11  10  31  
 -21  -6  27  
   5 -22  26  
  -5  22  26  
 -10   8  32  
 -25  16  18  
  18 -28   9  
   6 -30  16  
  -2 -30  17  
 -23 -23  11  
  19 -12  26  
  21 -27   4  
 -27  21   6  
 -33   6   8  
  12  16  28  
  33   9   5  
 -12 -32   3  
 -13  17  27  
 -22  21  16  
  19  12  26  
  11  28  17  
   3  -4  34  
  31   8  13  
  27  21   2  
  15  -3  31  
  22 -26   4  
  25  18  16  
  -5   8  33  
 -10  11  31  
  17 -25  17  
   6 -33   9  
  -1   7  34  
 -23  23  12  
  16  19  24  
 -13  32   1  
 -15   1  31  
   7 -20  27  
   3 -27  21  
 -23  24  10  
  33  -2  10  
  16 -30   7  
 -29  18   3  
  17  30   4  
  -1 -26  23  
   1 -34   6  
   5  14  31  
   6  18  29  
 -14  19  25  
 -11  26  20  
  15  18  25  
  32  12   3  
  24  -5  24  
  21  18  21  
 -20  19  21  
  25  20  13  
  -5 -14  31  
  -3  30  17  
 -18  -3  29  
  -6   8  33  
  17  -2  30  
 -14  18  26  
 -20   2  28  
   4  26  22  
  23  25   6  
 -24   5  24  
   2  33   9  
  12   3  32  
  26 -20  10  
  -4  -4  34  
  -9 -18  28  
  -8 -13  31  
  14 -19  25  
  -4 -22  26  
  -2  34   6  
  -3  32  12  
  28 -18   9  
   7   8  33  
 -33   8   6  
 -10  -2  33  
  28 -19   6  
 -22 -19  19  
 -13 -32   3  
  19 -21  20  
 -31 -13   8  
  -3  21  27  
  -6  26  22  
  33   9   4  
 -27 -13  17  
 -25  14  19  
  25   1  24  
   7  23  25  
  -9   6  33  
  24  21  13  
  29  18   5  
 -18   5  29  
  -2  24  25  
   8 -20  27  
  30 -15   8  
  27 -10  19  
 -20 -28   4  
 -28 -20   1  
 -16  16  26  
  -3  -9  33  
   2  31  15  
 -11  -6  32  
 -23  16  20  
  31  14   5  
 -23   6  25  
  -7  31  13  
 -13  11  30  
 -17 -26  15  
   8  15  30  
  13  29  14  
 -32 -10   8  
 -15 -31   1  
 -15   9  30  
 -27  14  16  
 -23 -24   9  
 -20  -3  28  
  -3 -32  12  
   2 -13  32  
  11  15  29  
  -2  21  27  
  21  21  18  
  22 -11  24  
  17 -30   2  
   4   3  34  
  -7  28  19  
 -32  -7  11  
   6   2  34  
 -28  -1  20  
 -24   9  23  
 -13  28  15  
   5  25  23  
  21  19  20  
  15 -26  17  
 -16 -10  29  
 -22 -11  24  
 -18 -29   5  
 -15  -9  30  
  -4  29  18  
 -28  19   7  
  26 -22   4  
  12  27  18  
  28 -14  15  
 -26 -10  20  
  29   2  19  
  -2  -9  33  
  21  27   6  
 -25  17  17  
  -4   5  34  
  34  -6   0  
   2 -34   5  
  17  -8  29  
  24 -23  10  
  10 -14  30  
   5 -33   8  
 -23  23  11  
  22 -12  24  
 -27  15  15  
  25  24   0  
 -14  29  13  
  31  14   7  
   8 -30  15  
  31  15   4  
  -7 -33   7  
 -17  29   8  
 -32   6  12  
 -24 -22  11  
  16   6  30  
  31   3  15  
 -16 -20  23  
  27  18  11  
  15  27  15  
 -15   8  30  
  21  11  25  
  27 -20   7  
 -33  -8   6  
 -21 -23  15  
   0  34   6  
  32  13   2  
  18 -26  14  
  24  25   1  
  10   4  33  
  34   2   5  
   1   7  34  
  -3   5  34  
 -10 -19  27  
 -31 -12   9  
  -7  13  31  
  33   2  10  
   3 -13  32  
  23 -17  19  
 -27   2  21  
  27 -18  11  
  -1 -17  30  
  13 -32   1  
  -2 -27  21  
  21 -24  13  
   7  33   6  
 -33  -6   7  
  -8  33   5  
  24 -24   7  
 -28  16  12  
   5 -34   4  
  -9 -33   4  
  13  15  28  
 -17  11  28  
  22 -23  13  
 -11  27  18  
  34   0   6  
 -18   6  29  
  25 -15  18  
 -17  17  25  
  17  30   2  
  26  20  10  
 -11  32   7  
   1 -31  15  
  20 -11  26  
  -9  -9  32  
  17 -30   4  
  -6 -16  30  
 -21  27   2  
 -23  -5  25  
   8  17  29  
 -16  -6  30  
  30  -7  16  
   5 -32  12  
  -6   9  33  
 -10 -20  26  
 -32  -1  13  
 -20  -2  28  
  29  19   1  
  16 -18  25  
 -10  -3  33  
  13   1  32  
  15  22  22  
  15  25  18  
  22  26   5  
   5  27  21  
 -34   4   2  
 -33   6   7  
  30 -17   3  
  -4 -34   4  
  -9  30  14  
  -7 -11  32  
  16  22  21  
   9  16  29  
  -6 -34   3  
   3  18  29  
 -13  27  17  
 -24  22  11  
  27   6  21  
  23  24   9  
   5 -30  16  
  20   3  28  
 -30   0  17  
  30   7  16  
  18  29   4  
  11 -31  10  
  21   6  27  
 -18  29   6  
   6   8  33  
  23  26   0  
 -16 -12  28  
  17   3  30  
  14 -30   9  
 -30  16   7  
  -7  17  29  
  -4 -10  33  
  13  28  15  
 -33  -5   9  
  12  24  22  
 -28   3  20  
  -3  18  29  
  27  -3  21  
  31   7  13  
  19  10  27  
  19 -29   1  
  15 -23  21  
   3   5  34  
   9  10  32  
 -22  24  12  
 -28  11  17  
 -15 -27  15  
 -21  15  23  
   4 -26  22  
  30  15   7  
 -33  -3  10  
  18 -29   4  
  13 -11  30  
