  82 100  33  
 -95 -39  85  
 -83  90  53  
  36  98  83  
 -87 -81  61  
  -3 -94  95  
  82 -80  69  
  93  56  78  
 -63  77  89  
 -61 -88  80  
 -88  97  25  
  80 -61  88  
 -89   8  99  
  92  46  85  
  61 -73  94  
 -21  87  99  
  13 -97  91  
  79 -79  73  
 -88 -91  43  
  56 -75  95  
  85  77  68  
 -91 -81  55  
 -98  25  87  
 -99 -79  42  
 -92  97   1  
 -86 -29  98  
 -84 -70  77  
 -84 -97  36  
  77  83  71  
 -73  71  86  
 -55  97  73  
  98  26  87  
 -22  93  93  
   2  94  95  
 -82 -96  44  
 -99 -62  65  
 -95   4  94  
  44 -82  96  
  96 -87  33  
 -45  79  98  
  92  80  54  
  94  84  44  
 -96  93   3  
 -85 -40  95  
  59 -95  73  
  77  68  85  
  68 -100  57  
  78 -84  68  
 -66  60  99  
  50  99  74  
 -41  88  92  
  34  82 100  
  80  40  99  
 -84  32  99  
 -79 -84  67  
 -65 -62  99  
  99 -86  25  
 -85  50  90  
  81 -51  93  
 -43 -81  97  
 -53  80  93  
  43  95  83  
  91 -78  59  
 -69 -82  80  
 -71  72  87  
 -96 -69  62  
  84  28 100  
 -33 -94  89  
  93  26  92  
  98  82  38  
  52 -73  99  
  91 -79  58  
  64 -96  67  
 -58 -98  70  
 -84  65  81  
 -79 -57  91  
  -8 -89  99  
   1  94  95  
 -91  74  64  
 -47  99  76  
  95 -90  27  
 -82 -79  70  
 -89 -90  42  
  90  27  95  
  99 -74  50  
  34 -82 100  
 -95  53  77  
 -84 -96  40  
  93 -22  93  
  64 -91  74  
 -75  75  81  
 -89  16  98  
 -97  50  77  
  73 -89  68  
 -89 -99   9  
 -100 -19  86  
  91  27  94  
 -94  13  94  
 -83  98  37  
 -93  96   2  
  54 -96  75  
  94 -87  37  
 -62  96  69  
 -78  86  66  
 -47 -99  76  
  19  90  97  
 -26 -99  86  
  99  67  59  
  91 -97  10  
 -85 -87  55  
 -100 -25  85  
  91 -74  64  
 -100  20  86  
  46 -85  92  
 -71 -77  83  
 -86 -69  75  
 -40 -88  92  
  54  70 100  
 -24 -95  91  
  90 -11  98  
 -49  99  75  
 -79  51  95  
  86  24  99  
 -48 -100  74  
 -85 -29  99  
 -40 -91  89  
 -95 -86  38  
  96 -77  52  
 -92  97   2  
 -97 -88  27  
 -84  85  60  
 -94 -88  36  
 -93  93  23  
 -89  81  58  
  57  87  84  
 -94  67  67  
  -8 -100  88  
 -88 -12 100  
  88  -8 100  
 -74 -52  98  
  82  79  70  
 -51 -81  93  
  94 -33  89  
  71 -94  63  
  91 -54  81  
  49 -94  81  
 -90  95  26  
 -93 -85  44  
 -98  26  87  
 -20 -95  92  
 -90  12  98  
  90 -76  63  
  27 100  84  
  99  36  82  
 -55 -85  87  
 -97  83  39  
 -49  94  81  
 -87  56  84  
 -91 -96  19  
 -43  77 100  
  49 -100  74  
 -40  92  88  
  42  80  98  
 -73  76  82  
 -72  70  88  
 -91  98   2  
 -55 -99  71  
 -95 -85  40  
  50  98  76  
 -79  56  92  
  39 -81  99  
  99  80  41  
 -86  92  45  
 -79 -62  88  
 -83  83  64  
  88  47  89  
 -84  92  48  
 -67  83  80  
 -95  58  74  
  94 -22  92  
  62  86  81  
  90  45  88  
  29  89  95  
 -90  -9  98  
  77  98  48  
  83  99  33  
 -36 -99  82  
  82 -71  78  
 -89 -58  81  
  93  54  79  
  37 -97  84  
 -91  89  41  
 -86  94  40  
 100  72  51  
 -74 -61  93  
  46 -99  77  
 -94  -2  95  
  87 -50  88  
  -1  95  94  
 -73  90  66  
  94 -63  71  
  88  45  90  
 -90 -96  21  
  69 -85  76  
 -88 -71  71  
  25  89  96  
 -95 -73  59  
  64  92  73  
 -78  93  55  
 -98  77  48  
  81 -64  85  
  89  46  88  
 -94  75  58  
 -98 -29  86  
  86 -83  59  
 -99 -40  80  
  94 -90  30  
  75 -83  73  
  29 -93  91  
 -95  94   3  
  93 -95  14  
 -91 -67  71  
 -73 -54  98  
 -97 -76  52  
 -49 -81  94  
 -86 -65  79  
  73  89  68  
   1  92  97  
 -81 -65  84  
  82 -55  90  
 -40 -86  94  
 -78 -52  95  
 -91 -74  64  
  98  91   0  
 -80 -76  75  
  85  53  88  
  54 -75  96  
  41 -95  84  
 -84 100  28  
  84 -42  95  
  72 -95  60  
  94  60  73  
 -97  10  91  
  96 -14  92  
 -84 -88  55  
  90  47  87  
  85 -91  48  
 -95  90  27  
   0 -98  91  
  96 -64  67  
 -24  99  86  
 -54  70 100  
 -96  80  47  
 -99 -48  76  
 -96  88  30  
 -23  96  90  
 -92 -74  62  
 -94  73  61  
 -84  64  82  
  39 -96  84  
  52  91  83  
 -89 -59  80  
 -41  98  81  
  80  59  89  
 -60 -93  75  
  95  54  77  
  87  77  66  
  70  59  97  
 -48 -76  99  
 -74 -73  84  
 -82 -89  56  
 -82  69  80  
  44 -92  86  
 -64  98  64  
 -97  51  76  
 -93  23  93  
  85  57  86  
  87  96  33  
 -93 -90  32  
 -74  92  62  
 -62 100  63  
  80  94  51  
 -80 100  38  
  96 -56  74  
 -96  64  67  
 -75  95  56  
 -85 -96  38  
 -92 -41  88  
  67 -98  61  
   8 -99  89  
  49 -79  96  
 -96  84  40  
  93 -32  90  
  82 -82  66  
 -39 -82  98  
  91 -95  22  
 -79 -91  58  
 -100 -40  79  
  97 -66  64  
 -30  97  87  
