  99  91  45  
  75  89  81  
  75 -73  96  
  70  98  75  
 -98  64  80  
 -88 -67  89  
  91  60  91  
  54 100  85  
 -56  84 100  
  42 100  92  
 -88  63  92  
 -90 -73  82  
 -78  98  67  
  72  88  85  
 -92 -94  53  
  51 -91  96  
 -76 -90  79  
  89 -86  70  
 -94  37 100  
  78  91  76  
  53  95  91  
 -68  99  76  
 -90 -87  67  
 -90 -90  63  
 -87 -94  61  
  98 -81  63  
  77 -95  72  
 -66  93  85  
  46  99  91  
  98  30  98  
  73  96  75  
 -81  94  69  
 -53  94  92  
 -53  90  96  
  78 -68  97  
 -80  91  74  
 -96  73  75  
 -87  63  93  
 -92 -66  86  
  97  60  85  
  73 -99  71  
 -80 -99  63  
  98 -30  98  
  24  99  99  
 -96 -50  92  
  88  51  99  
  45 -90 100  
 100  43  91  
 -94 -98  42  
  88  84  73  
 -60 -100  81  
 -98 -76  69  
 -89  48 100  
 -80 -82  84  
  99  50  89  
 -80 -64  98  
 -90  47  99  
  89 -87  68  
 -68 -89  87  
 -93  90  58  
  79 -82  85  
  52  89  98  
 -95  99  36  
  97 -65  81  
 -83 -97  62  
 -72 -78  94  
 -67  98  78  
  84  74  87  
  98  74  71  
  76 -83  87  
 -100 -89  48  
  98  71  74  
  97  82  63  
  80  72  93  
 -90  45 100  
 -57 -95  89  
 -99 -77  67  
  91 -85  68  
  90  45 100  
  76 -92  77  
  90 -76  79  
  41 -99  93  
 -60  87  95  
  92  91  58  
  95  90  55  
 -83 -74  88  
  70  95  79  
 -100 -25  98  
 -72 -97  75  
  88 -97  55  
 -81  68  95  
 -80 -95  69  
  82  97  64  
  86 -88  71  
  98  25 100  
 -31 -100  96  
  44  97  94  
  87  73  85  
 -100  98  24  
  94 -79  71  
  97  79  67  
 -78  87  81  
 -94  72  78  
 -50  96  92  
 -82 -83  81  
  72 -86  87  
 -87  93  63  
  94 100  36  
 -91  77  77  
 -52 -86 100  
  80  79  87  
  82 -71  92  
  99  65  78  
 -91  45  99  
 -88  64  91  
  79  92  74  
 -91  75  79  
  73  80  92  
  50  96  92  
  52 -90  97  
  78  75  92  
 -95 -91  53  
 -99 -34  96  
  96  99  34  
 -57 -92  92  
 -78  82  86  
  98 -55  87  
 -96  44  95  
 -79 -79  88  
  76  83  87  
 -34  98  97  
  99  96  33  
  91  48  98  
 -96 -31 100  
  51 -96  91  
 -94 -63  86  
  70 -93  81  
  67 -96  80  
 -98  93  44  
 -96  40  97  
 -97  73  74  
 -46 -92  98  
 -94  79  71  
 -91 -90  62  
 -90 -57  94  
  33 -97  98  
  63  95  85  
 100 -44  91  
 -97 -64  82  
  94 -88  60  
 -77 -84  85  
 -99 -49  89  
 -96 -40  97  
  55 -99  86  
  97  99  32  
 -59  92  91  
 -96 -71  77  
 -97 -28 100  
 -92 -83  69  
  75 -90  80  
  72  86  87  
  67 -88  89  
 -49  89  99  
  81 -94  69  
  95  97  42  
  99 -98  27  
 -50  89  99  
 -50 -90  98  
  94 -52  93  
  80  90  75  
 -68  92  84  
  74  86  85  
  82  95  66  
  85 -74  86  
 -86 -54  99  
  93 -84  67  
  98  81  63  
  96 -79  69  
 -97 -41  95  
  80 -86  80  
 -97 -97  37  
 -42 -93  99  
  88  73  84  
 -70 -99  74  
 -46  97  93  
  44 100  91  
 -95 -91  54  
  64 -98  80  
 -63 -81  98  
  98 -93  43  
  90 -70  85  
  99 -100  20  
  50 -97  91  
  86 -100  52  
 -79  93  73  
 -99 -82  60  
  93  82  69  
 -99 -68  76  
 -80 100  61  
  91 -99  46  
  96 -61  85  
  68 -99  76  
  72 -81  92  
  32 -98  98  
  62  85  95  
 -82  95  66  
 -68  93  83  
 -30 -100  96  
  88  78  80  
 -78 -74  93  
  94 -42  98  
  89  74  82  
 -95 100  33  
 -96 -30 100  
 -100 -91  44  
 -70 -87  88  
  77  96  71  
 -100  94  37  
 -80 -72  93  
  37  96  98  
  66  80  97  
  98 100  24  
 -63 -94  86  
  69  97  77  
 -100 -99  18  
  94 -69  81  
 -93 -68  83  
 -86 -92  66  
  97 -90  52  
 -58 -84  99  
  83  57 100  
 100 -86  53  
  58  90  93  
  68 -87  89  
  99 -94  39  
  97 -56  87  
  64  90  89  
 -93  57  91  
 -91 -89  63  
  66 -76 100  
 -92 -73  80  
 -81  91  73  
  99 -42  93  
  92  53  94  
  74 -95  75  
 -58 -97  86  
 -90 -63  90  
  73  85  87  
  54  91  95  
  57 -83 100  
 100  66  76  
  73  92  80  
 -74  86  85  
 -84 -59  98  
  70 -99  74  
 -95  34 100  
  96  85  61  
 -78 -90  77  
  83  94  67  
 -100  91  44  
  83  80  83  
 -46  98  92  
  68 -85  91  
 -78 -65  99  
  76 100  66  
  61  96  85  
 -85 -85  76  
  48 100  89  
 -91 -67  86  
 -40 -97  96  
 -72  96  76  
  62 -92  89  
 -51  96  91  
 -100 -100  12  
 -98 -89  52  
 -91  86  67  
  60  81 100  
 -78  72  94  
  91  97  50  
  77  75  93  
  95 -73  76  
 -69 -99  75  
  52  86 100  
  88 -79  79  
  86 -79  81  
 -99  94  39  
 -69  80  95  
  80 -70  94  
 -83 -72  90  
 -99 -97  32  
  74 -74  96  
 -73 -85  87  
 -58 -96  87  
 -28 -99  98  
 -98  68  77  
 -69 -83  92  
 -100  90  46  
 -100 -71  72  
 -98  23 100  
 -79 -80  87  
