  70 -70  28  
   7 -96  36  
 -81 -31  56  
 -25  86  51  
  91 -41  25  
  29 -71  69  
 -42 -94   3  
 -84 -32  50  
 -21  56  84  
 -29 -41  90  
  35 -85  47  
 -46 -90  21  
  42  69  64  
 -22  -100  11  
 -32 -93  30  
 -85  30  50  
  20  37  94  
 -54  47  74  
  -8 -63  81  
 -46 -42  82  
  95  39   7  
 -36  42  87  
  10 -64  80  
  69 -64  42  
  25 100   5  
 -78  65  17  
 -28   4  99  
  27  99  10  
 -72 -72  17  
 -77  68   9  
 -26 -50  86  
 -24 100   9  
  40  64  70  
  52 -83  32  
  93  -4  44  
 -35 -85  46  
 -86 -54  18  
  54 -46  75  
 -36  30  92  
  61  83   5  
 -89  31  41  
 -60  84   2  
   9 -64  80  
  86 -37  43  
  46 -79  47  
  54  60  64  
  27  22  97  
  53  50  73  
 -86 -10  56  
  96 -36  10  
 -98 -27  16  
 -60 -81  21  
  18  84  57  
  79  35  56  
 -85  48  33  
  73 -59  42  
 -90  48  13  
 -68  62  46  
  39  24  92  
  47  89  22  
 -90  49  11  
 -68  76  15  
  82   9  62  
 -89   6  51  
 -80 -29  58  
 -30 -44  88  
  60 -80  25  
 -28 -49  86  
  41  62  71  
 -41 -52  79  
 -80 -56  32  
  19  16 100  
  52 -63  63  
  37  66  70  
 -89 -52   5  
  14  37  95  
 -64 -75  29  
  -3 -37  96  
 -98   8  31  
 -78  30  60  
 -15  55  86  
 -62 -82   8  
 -89 -19  48  
  10  26  99  
 -16 -98  27  
  10 -54  87  
  16 -68  76  
  18 -90  47  
 -96 -34  16  
  88 -43  32  
 -14  82  61  
 -33  83  51  
 -38 -48  83  
  -9  83  60  
  -9  33  97  
  92  46   0  
  88 -49  22  
  94  27  32  
 -84   9  59  
  93 -19  40  
  -9 -41  94  
 -23  -6 100  
 -42 -90  28  
  78 -66  13  
 -22  74  68  
 -83  42  44  
 -91 -43  21  
  68 -56  53  
  59 -83  17  
  75  18  68  
 -19 -93  40  
 -56 -65  57  
  -2  85  58  
  59  -5  84  
  -6  93  44  
  79   5  66  
  94  32  28  
 -14 -69  75  
  56 -56  66  
 -32   1  98  
  87  18  52  
  16  86  54  
 -32 -98   2  
  70 -10  75  
  70 -68  33  
  68 -23  74  
  15 -68  76  
  18 -97  29  
  94 -39  16  
  47 -25  88  
 -84   8  59  
  78  67   1  
  11 -78  66  
 -52  85  27  
  69 -23  73  
 -97  33  11  
  96 -35  13  
 -19  59  82  
 -94 -40  12  
  55  39  78  
  29 -23  96  
 -51  34  83  
  87 -42  36  
  96 -36  11  
 -98 -20  24  
 -61 -64  53  
  73 -42  59  
 -56 -21  84  
 -91 -42  24  
  77 -60  33  
  48 -66  63  
 -14  93  42  
 -64 -71  38  
  61   5  83  
  60 -16  82  
  75 -23  67  
  95  16  36  
 -67  77  14  
  76 -62  31  
 -62   9  82  
  94  33  27  
 -27  62  78  
  49 -43  80  
 -46  80  46  
   6  -100  24  
 -68  61  48  
  69  16  75  
 -73  44  58  
 -38  91  30  
 -61 -14  82  
 -51  56  70  
  43 -56  75  
 -39 -21  93  
 -78 -49  46  
  70  70  29  
 -82 -48  40  
  52  34  82  
   5 -76  69  
   0 -93  44  
  76 -48  50  
 -98 -30   9  
 -65  53  60  
  37 -24  93  
  83  53  31  
 -70  -9  75  
  94 -38  18  
  74 -28  66  
 -13 -94  40  
  15  53  87  
  -1  84  60  
 -37  70  66  
 -98 -17  26  
  39  93  21  
 -39  94  15  
  40 -36  88  
  32  83  52  
  -6  81  63  
  12  67  77  
  34  24  94  
 -54 -21  85  
 -40 -69  65  
  16  87  53  
  43 -76  55  
 -37 -49  83  
  87 -55   2  
  98 -29  14  
  42  38  86  
 -69  15  75  
 -19 -22  99  
 -28 -46  88  
 -19 -26  98  
  -9  45  92  
  37 -96   3  
  65 -24  76  
 -89  -6  51  
  36  92  30  
 -66  43  66  
 -99  18  22  
 -23 -45  90  
  90  -8  49  
  79  66   5  
  80 -17  63  
 -87  52  19  
 -100  22  12  
  63  -9  81  
  -5  44  93  
 -37  36  89  
  59  32  78  
  93  31  31  
  77  68   9  
  71 -29  69  
 -71  55  50  
  54  21  85  
 -57  50  70  
 -93  25  37  
  41 -91  26  
  99 -28   6  
   6  96  37  
 -57  57  64  
  24  76  65  
  48  67  62  
 -93 -27  35  
 -28 -61  78  
 -98 -14  28  
 -43 -22  91  
 -40  88  36  
  17  84  57  
  -9  94  41  
  15  81  62  
 -16 -64  79  
  91  46  13  
 -86  52  23  
  53 -80  38  
  16 -95  36  
 -14  44  92  
 -96 -37   3  
 -97  32  15  
 -21 -99  19  
  56 -59  63  
  77 -24  64  
  98   3  32  
  55  22  84  
 -60 -54  64  
  15 -31  97  
 -12  49  90  
   4 -32  98  
  39  95   9  
 -70  75   8  
   6 -85  58  
 -13  99  26  
 -23 -86  52  
  39 -41  86  
 -39   6  95  
 -36  -8  96  
  65  -1  80  
 100 -19  17  
  34 -72  65  
 -39 -94  16  
 -83  50  35  
  84  27  53  
  18  80  62  
 -29 -47  87  
  59  64  55  
  77  54  42  
 -29  54  83  
  57 -40  76  
 -94   0  42  
  52  44  77  
  92 -45  12  
 -52 -49  74  
  65  68  42  
  99  -2  29  
 -92 -35  31  
  77 -68   7  
  50 -76  48  
  95  38  10  
 -69 -46  61  
 -36  95  16  
  54 -29  83  
 -10 -51  89  
