  81 100  30  
  90 -91  33  
 -81  53  90  
  83  72  73  
 -57  92  76  
 -75 -99  45  
  89 -96  16  
 -75 -94  54  
 -61  68  95  
 -57 -76  92  
 -97 -89   9  
 -65  86  76  
 -68  71  88  
 -95 -47  79  
  86  32  95  
 -56  81  88  
 -64 -81  82  
  95  -1  92  
 -92 -90  29  
 -64  96  64  
  78  61  87  
 -97  -9  89  
 -89  62  75  
  29  89  93  
 -66 -82  80  
 -80 -99  35  
 -99 -68  55  
  26 100  82  
  92 -85  42  
  61  77  88  
  74 -65  88  
 -88  96  21  
 -93 -10  93  
 -91  94  17  
 -23 -88  96  
  84  91  46  
 -56  65 100  
 -93 -29  89  
  55 -94  75  
  80 -99  35  
  85 -99  19  
  54 -95  74  
 -53 -82  89  
 -67 -71  89  
  88 -64  75  
 -28 -86  96  
 -49 -88  85  
 -85 -75  68  
 -89  78  59  
  43 -83  93  
  99 -80  35  
 -69  63  93  
 -46  95  79  
  85  71  72  
  96  63  65  
  73 -54  96  
   8 -86 100  
 100  86   6  
 -10 -93  93  
  83 -89  51  
 -56 -100  65  
  95 -88  25  
 -86 -95  31  
  79  86  62  
  68  84  76  
 -89  67  71  
 100  85  13  
  90 -17  95  
 -60  76  90  
 -52 -91  80  
  93 -22  91  
  75 -65  87  
  77 -76  76  
  40  76 100  
 -68  80  80  
  72 100  48  
  60 -68  96  
  99 -50  72  
 -82 -62  83  
  78 -84  65  
  69 -87  71  
  94  88  30  
  90 -49  83  
 -71 -89  67  
 -91 -86  42  
 -54  80  90  
 -92  91  26  
  96  66  62  
  98  84  27  
  60 -78  88  
  46 -88  87  
 -87  53  84  
 -30  82  99  
  14 100  85  
  48  91  83  
 -89  94  26  
  95  82  41  
 -18 -89  96  
 -100  42  75  
  99  72  50  
  82 -49  91  
  94 -60  71  
  99  25  84  
  86  53  85  
  99  83  28  
  88  84  51  
 -62  89  75  
  90  95  18  
 -54 -100  67  
  80  98  37  
  99 -43  76  
 -39 -99  78  
  89  17  96  
 -70  72  86  
  45 -92  83  
  98  24  85  
  -8  96  90  
 -93  12  93  
  27  97  85  
 -67 -70  90  
  34 -98  82  
  71 -78  79  
 -88  74  65  
 -56 -97  70  
   1  93  94  
  47 -90  84  
  76 -62  88  
  84  88  51  
 -69 -96  59  
 -80 -84  63  
  96  90   9  
  -8  86 100  
 -26  89  94  
 -28 -85  97  
 -67 -93  65  
  20 -85  99  
 -55  66 100  
  53  88  83  
  75 -86  66  
  66  89  72  
 -80  68  80  
  99  87   1  
  35  81  98  
  58 -95  71  
  56 -99  67  
  76 -65  86  
  66 -73  88  
 -72 -98  51  
  69 -100  51  
 -77 -97  46  
 -72 -86  70  
  82 -89  53  
 -98 -39  79  
 -49 -99  72  
  87 -76  64  
 -64  84  79  
 -53 -75  95  
 -56 -65 100  
  47 -76  97  
  91  10  95  
 -82  93  46  
 -84  28  98  
 -75 -62  89  
 -96 -13  90  
  87  98  14  
  96 -61  67  
  65  69  92  
 -88  26  95  
  72 -81  75  
  56  84  85  
 -70 -93  62  
 -85 -54  85  
  87   8  99  
 -100  16  85  
 -93 -82  45  
 -37  90  89  
  88 -72  67  
  63  74  89  
 -65  65  95  
  67  96  61  
 -80  72  76  
 -58 -94  72  
  76  94  53  
  97 -21  87  
 -88 -96  21  
  89  92  32  
  89  97  11  
 -53 -89  82  
 -16 -91  94  
 -77 -83  68  
 -39 -94  84  
  -9 -94  92  
 -97  74  51  
  74 -93  58  
 -90 -23  94  
  73  60  92  
  74  87  66  
 -61  61 100  
  89  96  15  
  91 -95   9  
  60 -82  84  
 -82  59  85  
  89 -57  79  
  98 -41  78  
 -86  -3 100  
 -86  64  77  
  95 -48  78  
  91  85  44  
 -58  96  70  
 -81 -96  41  
  56 -68  98  
  79 100  34  
 -72  70  86  
  97 -68  58  
 -71  56  96  
   0 -86 100  
  64 -97  63  
  72  89  66  
 -73 -60  92  
 -88  78  60  
  38  91  88  
  72  93  60  
  76  61  89  
  26 -88  95  
 -93 -92  19  
  63  59 100  
 -71 -96  56  
  84 -73  71  
 -55  68  99  
  87 -70  70  
 -93 -90  27  
  67  77  84  
  93  92  16  
 -47 -76  97  
  99  87  10  
  85 -83  58  
  91 -76  58  
 -97  87  20  
  63 -96  65  
  84  23  99  
 -96  56  71  
 -83  22 100  
 -89  97   8  
  44 -85  91  
 -59 -79  88  
  65  77  85  
  87  -1  99  
  86  -4 100  
 -85 -14 100  
 -87 -99   6  
  91  83  48  
  65 -77  85  
  94  81  45  
 -85 -73  70  
 -91 -47  83  
  83  85  58  
  67  89  71  
  38  82  96  
 -60  62 100  
 -98 -84  28  
  63 100  59  
  10  92  94  
  72 -51  98  
 -57  73  94  
 -84  32  97  
  73 -86  69  
  96  48  77  
  88  97  16  
  93  62  70  
 -88  90  39  
 -99 -24  84  
  87  96  26  
  99  74  47  
  94 -87  31  
 -62 -60 100  
  29 -87  95  
 -32 -100  80  
 -84  75  69  
 100  36  78  
 -87 -99   9  
 -23 -89  95  
 -92  88  34  
 -94 -62  69  
 -84 -72  72  
 -71  97  55  
 -49  98  74  
  16 100  85  
  87 -99   9  
 -96  84  33  
  42 -79  97  
  41  77  99  
 -27  99  83  
  77 -80  71  
  75 -78  76  
 -80  56  89  
  74  59  92  
 -87 -49  86  
 -83  96  37  
 -39 -95  83  
  61  98  64  
