 100 -75  65  
 -97  58  84  
  98 -65  78  
 -88  99  49  
  89 -96  53  
 -90  54  94  
  88  76  80  
  50  87  99  
 -68  92  82  
  99 -96  30  
  68 -94  80  
  83  74  87  
 -73 -80  90  
 -56  99  83  
 -94  78  70  
 -87  99  50  
  81 -89  73  
  80  97  64  
 -87  71  85  
 -43 -98  92  
 -96  43  94  
  85  87  71  
  79 -99  62  
 -99 -18  99  
  89  71  83  
  83  99  56  
 -100  62  78  
  73  98  70  
 -99 -94  36  
  75  93  75  
  53 -84 100  
  71 -97  74  
 -45 -90  99  
 -92 -73  78  
  81 -88  75  
 -83  85  76  
  45 -90  99  
 -82 -56 100  
 -74  97  71  
  98  83  58  
 -71  70 100  
 -93  88  59  
 -83  79  82  
 -71 -97  74  
  91 -79  73  
 -74  78  91  
  92 -76  75  
  69  85  89  
  90  65  87  
  80  81  83  
  25  99  97  
  81 100  58  
 -98 -80  62  
  77 -89  78  
  52  87  98  
  98  92  42  
 -56  95  88  
  82 -90  71  
  62 -100  78  
 100 -72  69  
 -42 -96  94  
  98 -79  63  
 -89 -70  84  
 -96 -61  83  
  73  96  73  
 -38  98  94  
 -69  96  77  
 -96 -90  50  
 -71  71  99  
  90 -69  84  
  98 -29  97  
  85 -87  71  
 -94  99  35  
  17 -98 100  
  81  83  80  
 -98  88  50  
  96 -74  72  
  47  98  90  
  70 -78  94  
 -92  47  96  
 -98 -100  16  
  90 -43 100  
  41  97  94  
 -84 -67  91  
  92  87  62  
  93  87  60  
  91  79  73  
 -33 -96  98  
 -89  93  58  
 -30 100  95  
  91 -85  66  
  95  93  47  
 -92 -81  70  
 -83  75  86  
  86  77  81  
  56 -97  86  
 -94 -90  54  
  75  77  91  
  52 -96  89  
 -98 -94  38  
 -60 -96  84  
  80  59 100  
 -94 -33 100  
 -96 -100  26  
  95 -88  56  
  97 -84  59  
 -69  99  73  
  97  66  78  
 100  96  25  
  63  96  82  
  84  95  62  
 -98 -90  47  
  98  21  99  
  98  81  61  
 -83 -80  81  
  68  90  85  
 -68 -79  95  
 -82  85  77  
 -90 -95  53  
  77 -73  93  
  87  90  65  
  83 -96  62  
 -100  11  99  
 -93 -83  66  
  99 -90  45  
  87 -83  74  
 -95 -74  73  
  79  62  99  
 -64 -94  83  
  98 -45  91  
  59 -84  97  
  93 -42  97  
 -76 -96  70  
  99  -6 100  
  75  87  82  
  97  81  62  
  85  60  95  
  94  77  72  
 -65 -98  78  
 -67  73 100  
  96  98  33  
 -91 -69  83  
  70  91  82  
 -72 -75  95  
 -99  81  59  
 100 -58  81  
 -63  93  85  
 100  72  69  
 -100 -45  89  
  99  97  27  
 -38 -99  93  
 -52 -89  96  
  88  88  66  
  83  96  62  
 -93 -99  37  
  89  91  61  
 -85 -78  81  
  74 -90  79  
 -82 -88  74  
  99 -40  92  
  99 100   7  
 -94 -58  88  
  15  98 100  
  61 -93  87  
 -90 -88  64  
  81 -84  79  
  51  96  90  
 -95  79  68  
  94 -72  77  
 -40 -93  98  
  68 -82  92  
 -89 -62  90  
  51  97  89  
 -100   9  99  
  99 -97  25  
 100 -99   5  
  89 -65  88  
  99 -21  98  
 -69 -89  85  
 100 -71  70  
  45 -95  94  
 -94  56  89  
  90 -67  85  
  33 -100  94  
  92  52  93  
 -64 -82  95  
  97 -83  60  
 -72 -89  82  
  90 -94  54  
 -87 -78  79  
  47 -93  95  
  81 -86  77  
 -72  69 100  
  64 100  76  
 -95 -56  88  
  69  96  77  
  44 100  89  
 -94  92  51  
 -100 -90  43  
 -80 -84  80  
 -77  84  83  
 -68 -87  88  
  71  98  72  
 -35 -94  99  
 -89 -80  75  
 100 -16  98  
  66  84  92  
  79 -72  92  
  79 -87  78  
  74  88  82  
 -80 -81  83  
 -80  96  65  
 -81  97  63  
  98 -21  99  
  33 -95  99  
 -25 -98  98  
  30 -95 100  
 -90 -65  87  
  90 -92  58  
  51  85 100  
  98  93  40  
  92  80  71  
 -61  91  89  
 -95 -79  68  
  98 -99  22  
 -66  91  85  
  93  99  37  
  83  80  81  
 -56 -82 100  
 100  71  70  
 -62 -87  92  
  99 -17  99  
 -92  82  68  
  93 -38  99  
  85 -82  77  
  78  97  66  
 -72 -77  94  
  98  30  97  
  79 -91  73  
 100  -5  99  
 -93  93  51  
 -100  60  79  
 -99 -59  81  
 -80  85  79  
 -99 -92  40  
  88  98  51  
 -94 -42  96  
  88 -93  59  
 -74 -85  85  
 -92  38 100  
  98  90  47  
  47 -94  94  
 -53  99  85  
 -98 -40  93  
 100 -11  99  
 -92 -59  89  
 -91 -98  44  
 -97  54  87  
 -99 -87  50  
 -100  84  53  
 -71 -71  99  
 -85  85  74  
 -52  92  93  
  32  99  95  
 -63  94  84  
  89 -100  45  
  99 -80  61  
  71 -98  72  
 -99  10 100  
  99  77  64  
  42 -95  95  
  56  93  90  
  43  92  98  
  94  59  87  
 -94  58  88  
 -100  12  99  
  98 -96  33  
 -95 -63  83  
 -69  76  97  
  77  96  69  
  90  57  92  
  99 -10 100  
 -85  54  99  
  88 -50  98  
 -35  94  99  
 -68  79  95  
 -98 -99  21  
  81 -75  88  
 -67 -81  94  
  91 -71  81  
 -44 -98  91  
  93 -100  35  
 -81  79  84  
  89  53  96  
  98  99  22  
 -94 -63  84  
 -97 -79  65  
  71  90  82  
 -99  52  86  
 -45  95  94  
