  91 -98  68  
 -99 -74  85  
 -57 100  96  
  -100 -88  69  
  66  99  91  
 -64  92 100  
 -96 -72  90  
  96 -72  90  
  78 -90  91  
  78 -85  96  
  93  89  77  
 -65  92  99  
 -75  97  86  
  86 -93  80  
 -81 -94  84  
  93 -67  97  
  -100 -84  74  
  69  92  96  
  86 -74  98  
  74  99  85  
  83  83  93  
  95  84  80  
 -77 -88  94  
  98  81  80  
 -61  -100  94  
  99 -95  60  
 -94 -96  67  
  96  65  95  
 -72  93  93  
  94 -70  94  
 100  77  81  
  83  82  94  
 -88  92  79  
  85 -85  90  
  94  96  67  
  76  84  98  
 -91 -68  98  
 -91  87  82  
 -98  99  56  
 -90 -78  91  
  90 -90  79  
  99 -99  54  
  83  96  80  
 -96  85  78  
  99  61  95  
 -63  92 100  
 -57 -97  99  
 -92 -99  65  
  -100  94  60  
 100 -69  88  
  90 -76  93  
  91  78  90  
  97  65  94  
  69 -93  95  
  88  96  74  
  72 -94  92  
  96  98  61  
 -71  98  89  
  89  69  99  
 -91  92  76  
 -89  91  79  
  88 -88  84  
 -84 -94  81  
 -91 -91  77  
 -80  82  97  
  95  65  96  
  86  97  75  
  84 -86  90  
  84 -80  95  
  99  55  98  
  80 -81  98  
 -69 100  88  
 -80  94  85  
  93 -94  71  
 -98  72  88  
 -89  82  89  
  -100  88  69  
 -57  -100  96  
 -97  91  69  
 -77  86  96  
  94  79  86  
 -97  82  80  
 100  70  87  
  98 -64  94  
 -80  79  99  
  97 -85  77  
 100  54  98  
 -85  98  75  
  66 -91  99  
 -54 -98 100  
 -58  97  99  
  73 -94  91  
 -72 -89  97  
  79 -99  80  
  90  79  90  
  73 -98  87  
 -62 100  93  
  -100 100  50  
 -95 -93  70  
  88  93  78  
  76  90  93  
  75  89  95  
 -73  -100  85  
 100  80  78  
  82  77  99  
 -91 -72  95  
 -98  85  75  
 -83 -94  82  
  97 -81  81  
  60  -100  94  
  81  95  83  
 -93 -73  92  
 -73  96  89  
 -96  -100  57  
  99  95  60  
 -91  78  90  
  94 -94  70  
 -79 -79 100  
  91  87  82  
  98  71  89  
  80  84  95  
 -76  96  87  
  89  97  72  
  78  96  85  
 -97  67  93  
 -83 -76  99  
 -91 -90  78  
 -67  98  92  
 -99 -94  62  
 -94  92  72  
  90  84  86  
  81 -93  85  
 -97 -79  83  
 -98  88  72  
 -92  88  79  
  99 -66  91  
  98 -59  97  
  99  82  77  
 -61  97  97  
 -94  91  73  
  62 -97  96  
 -74 -97  87  
  98 -99  55  
 -97  97  61  
  72  94  92  
  93 -88  78  
  90 -72  96  
 -95 -99  60  
  87 -89  84  
 -74 -99  85  
 -95 -94  68  
 -92 -88  79  
 -64  96  96  
  -100  63  92  
  99  80  79  
 -81  95  83  
  90 -94  75  
  85  95  79  
 -76  92  91  
 -82  91  87  
 -84 100  74  
  97  -100  55  
 -91  91  77  
  73 -86  99  
  79 -80  99  
 -76  94  89  
  -100  65  91  
  73 100  85  
 -72  87  99  
 -83  93  83  
  93  93  72  
  95  82  82  
 -94  71  93  
 -95 -71  92  
  95  70  93  
  70  -100  87  
 -93  82  84  
  87  84  89  
  88  82  90  
  57 -99  97  
  91  85  84  
  79  80  99  
 -98 -67  92  
 -62  93 100  
 -90 -88  82  
  87  88  85  
 -77 -96  86  
  99  88  70  
  71  90  97  
  91 -77  91  
 -68 -96  93  
  67 -99  91  
  84  99  75  
  66  -100  90  
  69  89  99  
 -97  88  73  
 100 -78  80  
  88  79  92  
 -96 -99  59  
  86 -87  87  
 -86  95  78  
  98  89  71  
 -75  90  94  
 -98 -58  98  
  68 -95  94  
  82 -82  95  
  83 -97  79  
  94 -95  68  
  -100  73  85  
  93 -70  95  
 -98 -98  57  
  77  88  94  
 -80  83  96  
  88 -89  83  
 -67  91  99  
 -91  65 100  
 -98 -56  99  
  83  76  99  
 -91 -95  72  
 -73 -91  94  
  98  76  84  
  82  90  88  
  79 -90  90  
 -87  79  93  
 -64 -92 100  
  93 -95  69  
  88 -87  85  
 -99 -65  92  
  86 -97  75  
 -77 -92  90  
  96 -93  68  
 -94  70  94  
  98  94  64  
  97 -93  67  
  99 -80  79  
 -71 100  86  
 -99 -98  55  
 -89 -98  71  
  85 -97  77  
 -97  92  68  
  92 -64 100  
  87  97  74  
 -79  95  85  
  -100  97  56  
  99 -55  98  
  62  97  96  
 -71 -94  93  
  61 -97  97  
 -95 -87  77  
 -65 -95  96  
  59  99  96  
 -68 -93  96  
  97 100  55  
  60  95  99  
 -64 -94  98  
  60  99  95  
  94  72  92  
 -89 -89  82  
 -73 -90  95  
  75  98  85  
  85 -81  93  
  73  98  87  
 -93  92  73  
 -69  91  97  
  87  74  97  
 -93 -94  71  
  99  79  80  
 -87  83  90  
 -91  94  73  
 100  50 100  
  73 -96  89  
 -93 -69  95  
 -72 -94  92  
  82 -87  91  
 -88  96  74  
  61 -96  98  
 -87  74  97  
 100 -75  83  
 -87 -90  83  
 -59  95 100  
  54 100  98  
 -84  99  75  
 -74 100  84  
  57 -98  98  
  -100  75  83  
  75  94  90  
  81 -94  84  
  99  97  57  
 -93 -72  93  
  84 -93  82  
  94  84  81  
 -70  88  99  
  89 -96  73  
 100 -54  98  
  99 -52 100  
 -95 -72  91  
  99 -94  62  
 -93 -98  65  
 -76  93  90  
 -97 -86  75  
