  88 -50  12  
  25 -80  58  
 -96 -17  30  
 -11  38  94  
  78 -63  18  
  95  22  30  
  44  67  63  
 -11 -57  84  
  88 -17  49  
  58  52  66  
  56  81  26  
  46 -59  69  
  51  88   4  
  82 -61   1  
 -56  78  34  
  72  -4  72  
 -35  95  13  
  54 -74  45  
  61 -63  52  
  -2  96  34  
 -76 -66  17  
  86  45  32  
  92 -33  30  
 -77  58  33  
 -83  34  49  
 -72 -33  64  
  93 -42   2  
 -66 -71  32  
   9 -71  73  
  65  66  43  
  89  43  26  
 -55  67  54  
 -25 -89  43  
  30  73  65  
  85  56   2  
  41  57  74  
   7 -87  53  
 -25 -23  96  
  73 -70  12  
  50  12  88  
 -68 -60  47  
   4 -42  93  
   0 -72  72  
  91 -40  22  
  26 -63  76  
  31  58  78  
 -47  86  29  
 -20 -49  87  
  12  92  42  
  -4  95  37  
  80 -61  16  
  31 -49  84  
 -73  70  13  
 -29 -79  58  
  78  11  65  
 -55   0  86  
 -82 -59  15  
  83  -5  59  
  70  68  29  
  -9  96  33  
  96  -5  34  
  96  34   3  
   8  34  96  
  64  64  47  
  88   8  51  
 -14 -80  62  
  24 -83  54  
  38  91  26  
 -78  19  63  
  79  45  46  
 -70  46  58  
 -74 -40  58  
  73 -53  48  
  90  47  10  
  65   9  78  
 -84  44  37  
 -74  45  54  
 -76 -36  58  
  23  66  74  
  39 -31  89  
 -72 -68  24  
 100   7  18  
 -50  86  22  
 -40 -61  71  
  13 -91  44  
 -27  56  81  
 -42  62  69  
  95  32  19  
 -24 -79  60  
 -56 -46  72  
  -8  60  82  
   7 -53  87  
 -98   3  29  
 -14 -98  24  
  66  38  68  
 -16  95  33  
 -73 -54  46  
 -85   6  56  
 -57  72  44  
  10 -36  95  
 -21 -88  47  
  96  31  14  
 -36 -60  74  
  32  18  95  
 -18 -52  86  
  38  40  86  
  89  26  42  
 -59 -82  13  
  63 -63  50  
  48 -90   4  
  73 -68  21  
 -95 -11  36  
 -73  65  30  
  98  19  20  
  83 -57  15  
 -44  92   1  
 -34 -45  85  
 -100 -20   5  
   6 -46  91  
  59  52  65  
 -27 -83  53  
  96 -11  33  
 -24  99   1  
  29 -13  97  
  75  33  61  
  27 -29  94  
  17 -94  36  
 -30  97   7  
  -1  74  70  
 -57 -27  80  
  33 -63  73  
  51 -14  87  
  26 -82  55  
 -55  38  77  
 -41 -43  83  
 100  18   8  
 -55 -82  26  
  79 -62  17  
  63 -39  70  
  53  84  24  
  21 -33  94  
  88 -36  37  
  81 -31  54  
  30 -96  18  
  10 -89  49  
 -81  62   7  
  18  97  25  
  49  34  83  
  93 -32  27  
 -30  69  69  
 -81  27  56  
  91   7  46  
 -21  81  58  
  33 -72  64  
  83  59   8  
 -25 -18  97  
 -50 -69  56  
 -88 -19  48  
  50  88  11  
  46  78  47  
  -3  67  77  
 -76  10  67  
  -3  62  81  
 -77 -49  45  
 -12 -95  35  
 -37 -89  34  
 -55  36  78  
 -37  42  85  
  29 -70  68  
 -30 -33  92  
 -89 -50   5  
   3  61  82  
  86  24  49  
 -37 -34  89  
  64  79   5  
  12  75  68  
 -42  -2  93  
 -37 -94  15  
  46 -89  18  
 -74  46  53  
 -31 -94  24  
  39 -79  51  
  59 -31  77  
  22  91  41  
  65  -8  78  
 -37  31  90  
 -92  -7  44  
  48  41  80  
 -35  50  82  
 -27 -68  71  
   9  33  96  
  -6  67  77  
  14  44  91  
  30 -70  68  
 -93  31  28  
  64 -51  61  
 -89  19  46  
 -97  25  20  
  -3 100  21  
  49  59  67  
  88  40  32  
  -8 -79  64  
 -90  27  40  
  21 -65  76  
  46  71  57  
  13 -20  99  
  81 -11  61  
  33 -40  88  
 -32  48  84  
 -42  93   5  
   0  96  34  
 -38 -65  69  
  81  -4  62  
 -46  88  24  
  17 -99  18  
  40  83  44  
  82 -15  59  
  35  75  60  
  -1  55  86  
  94   9  38  
  51   6  88  
 -47  66  62  
 -30 -12  97  
 -18 100   7  
 -75 -18  67  
 -60 -58  59  
 -35  95  14  
 -34 -24  93  
 -85  11  55  
 -65  33  71  
  34 -21  94  
  56  85   1  
 -14  31  96  
 -67 -20  74  
  78 -47  46  
  -9  47  90  
 -33  17  95  
 -24 -97  21  
  38  33  89  
  37 -77  56  
  21  97  23  
 -46  40  82  
  64  66  44  
  -9  23  99  
  -4 -100  19  
  15 -93  39  
  31  34  91  
 -91  16  43  
  88  42  30  
 100  20   3  
  46  87  27  
  49 -40  80  
  23 -91  40  
  16  36  94  
  69 -13  74  
 -57 -80  27  
  18  82  58  
  73  70  12  
 -74 -16  68  
  10  93  41  
  24 -93  35  
  55 -26  82  
  13  46  90  
  37 -92  24  
 -26  44  88  
 -92 -22  38  
 -29 -93  31  
  86  33  44  
  29  94  27  
  38  23  92  
  78 -43  50  
 -65  -7  78  
  81 -51  35  
 -82 -50  35  
 -47  81  41  
 -83 -23  55  
 -19  32  95  
 -94 -18  35  
 -16 -47  89  
 -38 -59  74  
 -70  69  28  
 -99  17  17  
  78  63  19  
 -98  27  10  
  -7  89  49  
 -69 -45  60  
  66 -20  75  
 -31 -59  77  
 -48 -88  20  
 -52  65  59  
  79  64   7  
  25  99   1  
 -58 -84   3  
  67 -70  32  
 -61  25  78  
   2 -59  83  
  96  10  33  
 -56  51  68  
 -99 -16  19  
 -70   5  74  
