   3  98  42  
 -90  36  44  
 -88  41  44  
   1  46  96  
  69  14  80  
 -92 -32  43  
  82 -66  15  
 -94 -10  49  
  16 -76  73  
  99  35  19  
 -60  87  12  
 -61 -85  19  
 -66 -51  66  
  14  93  50  
 -22  64  82  
 -66  47  69  
  36  82  58  
 -82  67   9  
   1  69  81  
  45  12  96  
  40 -19  97  
  82  30  61  
  72  41  67  
  31 -51  88  
 -15  89  57  
 -69  60  55  
  89 -55  21  
  95 -41  25  
 -72 -56  55  
 -46  43  86  
  87  -1  61  
 -25 -36  97  
  74  74  19  
  35  10 100  
 -70  75  28  
 -50 -81  48  
  98 -40  13  
  76  54  51  
  15 -57  89  
  -8  81  69  
  47  89  35  
 -89  53  25  
  41 -17  97  
 -99  34  20  
 -90 -53  21  
  55 -65  64  
  64  61  59  
  28  66  79  
  21  97  39  
 -63 -52  68  
  46 -55  79  
 -86  51  37  
 -87 -12  60  
  70  44  67  
  93  41  32  
 -84  27  60  
 -37   2 100  
 -70 -46  66  
 -42 -34  92  
  55  40  82  
  16 -97  41  
  47  86  42  
 -27  98  31  
  53  69  61  
  52  55  75  
 -78  72   9  
 -58  28  85  
  45 -63  73  
  48 -95   5  
  94 -20  46  
 -43  90  37  
 -88   4  60  
 -13 100  35  
 -33 -21  99  
 -37 -75  66  
  18 -69  79  
 -58 -89   3  
 -99  20  34  
 -38 -43  90  
 -76  36  65  
  41  54  82  
  54   0  92  
 -15  72  77  
  76 -49  56  
 -100   7  36  
 -83 -67   3  
 -90   4  57  
  10 -85  63  
  78  48  54  
 -39 -90  41  
  18 -37  98  
 -64 -31  79  
   7 -98  41  
  73 -42  65  
 -41 -97  16  
  72 -31  72  
 -100  34  14  
  69  56  59  
 -49 -41  85  
  89  33  48  
 -35  88  49  
 -84 -28  59  
  33 -63  79  
  -1  44  97  
 -66  60  58  
  72 -15  77  
 -98 -39  15  
 -69 -55  60  
  -2  93  52  
 -81  56  40  
 -94  32  38  
  92 -42  34  
   7  99  38  
 -100  -9  36  
  85 -42  48  
 -70 -62  51  
 -43 -61  76  
 -59 -50  73  
 -32  36  95  
 -53 -75  54  
  28  71  74  
 -72 -69  37  
  88 -46  39  
 -86 -26  57  
  68 -76  30  
  66 -15  82  
 -99 -35  18  
 -92 -51  17  
 -96  20  42  
 -88  -3  60  
  18  99  35  
 -81  51  47  
 -36  98  22  
  24 -80  66  
  10  98  40  
  60  88   5  
  54 -47  79  
 -14  60  87  
  14 -76  73  
 -97   4  44  
  22 -95  43  
 -26 -76  70  
   5  46  96  
   7  48  95  
 -61  15  86  
 -28 -61  83  
 -23  49  92  
 -100 -31  20  
  81 -52  46  
 -35 -88  49  
  84 -36  55  
  98  42   1  
  28  99  28  
 -72 -37  69  
  95 -40  27  
  92 -33  42  
 -71 -66  44  
 -58  71  54  
 -16  66  82  
  99  37  15  
  29 -95  39  
 -45 -95  17  
   4 -50  94  
 -79 -14  70  
 -96 -14  44  
 -37  34  94  
  82  33  59  
 -52 -49  79  
 -30  21 100  
 -44 -73  64  
 -84 -31  58  
 -84 -61  24  
 -70  62  51  
  73  76  17  
 -70 -37  71  
  42  -4  98  
 -46 -30  91  
 -21  79  68  
  14  36  99  
 -67  83   2  
   8 -43  97  
 -59 -56  69  
 -45  89  37  
  55  27  87  
 -25  86  58  
  98  -1  42  
 -22  63  83  
 -57  89  12  
 -57  84  33  
 -31  99  24  
 -28  56  86  
  46  96   6  
 -98 -41   5  
 -85  60  22  
  67  78  27  
  51  74  57  
  38   9  99  
  91 -31  46  
 -54 -26  88  
  46 -94  20  
  88 -49  34  
  32  60  82  
 -99  37  12  
 -59  53  71  
  94 -28  41  
  97  -8  43  
 -82 -67  11  
  20  53  90  
  63 -81  28  
  44 -97   0  
 -88 -24  55  
 -23 -97  38  
 -97  33  29  
 -75 -73  19  
 -98 -18  38  
  83  66   8  
 -91 -53  16  
 -31  93  42  
 -54  17  90  
 -60 -71  52  
  52 -93   4  
 -82  27  62  
 -42 -43  88  
  -6  71  79  
 -100  -5  37  
 -93  23  46  
 -35 -23  98  
   8 -85  64  
   5 -52  93  
 -10 -95  47  
  80 -45  54  
 -85  26  59  
  26  99  30  
  36  99  15  
  77 -22  70  
 -76  -7  74  
  28  75  70  
  91 -55   7  
 -77 -43  60  
  51  93  10  
 -73  47  62  
  70 -78  20  
  98  39  14  
 -62 -72  48  
 -77  52  52  
 -99  11  37  
 -79  70  15  
 -65  10  84  
  95  48   8  
 -66 -49  68  
  40 -40  90  
 -100 -25  26  
 -60  58  66  
  67   9  82  
 -27  96  38  
 -93   3  52  
  62  79  36  
  81  69   2  
 -50  71  62  
  94 -50   5  
  77 -67  31  
  33  69  74  
  57 -27  86  
  74 -75  17  
 -85 -12  63  
  57  86  27  
 -10 -61  87  
 -42  95  23  
  44 -15  96  
  -8  90  56  
  64 -85   2  
 -100  22  29  
 -39  99   7  
  40 -98  10  
  13 100  34  
  89 -32  49  
  26 100  26  
 -41  98   3  
  -3  79  71  
  45 -96   9  
 -75 -15  74  
 -45  96  10  
 -96  -4  46  
   7  45  96  
 -39  71  69  
  16  86  61  
  11  67  82  
 -29 -88  53  
 -89 -54  23  
  -7 -98  41  
  81   5  69  
 -40  38  91  
  86 -31  55  
  50  -4  94  
  23 -72  75  
  52 -18  91  
  25 -36  97  
 -14 -90  55  
  67 -74  37  
 -65 -66  53  
