 -91 -34  11  
  -5 -90  39  
  77  53  30  
 -14   0  97  
  42  54  70  
 -89 -22  35  
   7  53  82  
  75  50  38  
  61 -70  31  
  64 -18  72  
 -38   4  90  
  17  96   8  
 -95 -23   6  
  29 -88  32  
  14  95  20  
  86  47   0  
  59 -74  25  
  96  20   1  
  73 -64  15  
 -12  97   5  
 -49 -34  78  
  -5 -27  94  
  27 -91  24  
  46 -85  17  
  49  75  40  
 -16  18  95  
  25 -95   1  
  36  79  46  
 -83 -50  13  
  50  79  30  
 -55 -74  33  
 -33  83  40  
  39 -51  74  
  49  -4  85  
 -36 -70  58  
 -94  21  17  
  91  17  32  
  26  28  90  
 -81   8  55  
  24 -34  89  
  92  31  14  
  65 -67  30  
 -48  71  48  
 -76 -27  56  
  32  12  92  
  57 -11  79  
 -75  -5  63  
 -13 -63  74  
 -74  57  29  
 -91  26  26  
 -80  24  51  
  78  54  24  
   5  98   1  
   9 -93  30  
  87 -36  27  
 -86 -47   1  
  37  65  63  
 -94  -9  26  
 -16 -68  69  
 -37  10  90  
  48 -44  73  
 -55   3  81  
   8 -95  23  
 -70 -68  11  
  68 -37  60  
  60  -9  77  
 -49  85   2  
 -34 -12  91  
 -14 -31  92  
  92  30  16  
  27  36  87  
  83  24  46  
  86 -20  42  
 -42  45  76  
 -12 -97   6  
 -13 -90  37  
  14 -97   4  
  88  40  15  
 -86 -20  43  
  80 -51  24  
  75 -61  16  
 -88  40  17  
  72  61  26  
 -11  97  10  
  75 -10  62  
  64  58  46  
  74 -60  22  
  66 -65  32  
 -13  96  16  
  30 -25  90  
  25 -81  49  
  42 -12  88  
   6  80  56  
  45 -13  86  
  -5   3  98  
 -76 -53  32  
 -26 -16  93  
 -63  41  63  
  89  -8  40  
  36   0  91  
  39 -27  86  
   5 -96  18  
  -1  74  64  
   6 -65  73  
  -8  68  70  
 -49  70  48  
 -68  61  36  
  69  66  22  
 -85  24  42  
  -4  98   2  
  27  75  57  
 -13  14  96  
 -12 -57  79  
 -24 -82  48  
 -37 -82  39  
 -78  55  23  
 -68 -69  14  
 -31  -5  93  
 -29  17  92  
 -54  71  41  
  44 -36  80  
  34  41  82  
  82 -24  48  
 -23  55  78  
   2  39  90  
  39  18  88  
 -25  79  52  
 -51 -25  80  
 -77  21  57  
  96  19   1  
 -20 -54  79  
  57  29  74  
  68  16  69  
  64  19  72  
 -61 -77   1  
 -95 -23   2  
 -47 -70  50  
 -23 -92  25  
 -14  67  70  
 -91  32  17  
  92  10  32  
  64 -66  34  
 -36 -90  15  
  84  -8  50  
 -72  29  60  
  84  20  46  
 -51 -68  49  
 -51 -35  76  
  25  64  70  
 -65  72  13  
   1  14  97  
 -54 -24  78  
 -46  43  75  
 -90 -29  26  
  34  77  50  
 -71  66  14  
 -53 -75  34  
  24 -84  44  
  58  51  60  
 -28 -36  87  
  77   1  61  
  94  15  24  
 -47  85  13  
  36  89  19  
 -17  86  44  
   8 -56  80  
  -9 -38  90  
  58 -48  63  
 -94 -24  14  
  83 -24  46  
 -96 -18   5  
  92 -27  21  
  13 -64  73  
   6  84  50  
  49 -10  84  
 -68  64  29  
 -44 -73  48  
 -49 -85   2  
 -59  77  13  
  10  26  94  
 -80  56   9  
   1  59  78  
  37  76  50  
  34 -52  76  
  43  87  14  
 -41 -41  79  
 -98   3   6  
 -68 -23  67  
  37  34  84  
 -82 -12  52  
   8 -22  95  
 -69 -28  64  
   4 -98   1  
  -7  23  95  
  88  -5  43  
  48 -60  61  
 -19 -95  14  
 -22 -12  95  
 -45 -63  60  
 -68  -9  70  
 -19 -95  15  
  44 -11  87  
 -30   4  93  
 -97 -13   7  
  17  88  40  
 -52 -54  63  
  69  31  62  
  40 -24  86  
 -72 -36  56  
 -13 -97   2  
  -7  40  89  
 -79  27  51  
  55 -72  38  
  26  55  77  
  -2 -87  45  
 -45  57  66  
  48  54  66  
  13 -78  58  
  41 -12  88  
  84  -2  50  
 -22  94  17  
  51 -78  30  
  19  -3  96  
 -72  64  19  
  45  85  18  
 -30  89  28  
  19  93  24  
  37  90  12  
 -42 -88  12  
 -57 -74  30  
  59  51  59  
 -62  64  41  
 -91 -20  30  
 -54  27  77  
  24  72  62  
  60  14  76  
 -46 -49  71  
  29  93  12  
  45  74  46  
 -91  -8  36  
  88 -26  35  
 -58 -43  66  
 -94 -28   3  
 -44 -15  86  
 -19  76  59  
  84  50   0  
  36 -83  38  
   8 -60  77  
  87  33  30  
  19  84  47  
 -30  78  51  
 -31 -93   5  
 -44 -67  56  
 -12  97   9  
 -60  68  37  
  36  -1  91  
 -43 -70  53  
 -70  19  66  
  98   5   4  
  19 -78  56  
 -97 -12   6  
  81   5  55  
  -5   2  98  
  67  65  30  
   2  -3  98  
 -12  74  63  
  47  22  83  
 -15  97   2  
 -45  71  50  
  23  88  37  
  43 -51  72  
 -14 -91  34  
  87  37  25  
  69   8  69  
  11  10  97  
  61  65  41  
 -71  42  53  
  73  -3  65  
 -40 -76  47  
  70 -41  55  
  79  -9  57  
  43 -88   2  
 -65  19  71  
  13  97   1  
  50 -84   0  
  95 -16  19  
  52  -5  83  
 -94 -27   5  
  66 -72   9  
  86  36  31  
  67 -16  70  
  70  67  16  
  91   0  36  
   8  60  77  
  76  36  50  
  86 -32  34  
 -20 -90  33  
 -96  -3  20  
 -35 -16  90  
 -54 -63  52  
