 -24  30  80  
 -68  38  42  
  15 -66  57  
  62 -13  62  
  85  10  23  
 -49 -57  47  
 -59  66   2  
 -48 -50  55  
  79  40   3  
 -55 -49  49  
 -51  68  24  
  82 -29  15  
 -85  10  23  
  66  54  23  
 -38  76  24  
  81  -4  35  
 -52 -38  61  
 -14 -56  67  
 -55 -25  65  
  40 -79   0  
  40 -77  18  
   2 -28  84  
 -84   8  26  
 -17 -36  79  
 -22  78  35  
  45  49  58  
  42  74  25  
  85   2  24  
 -38 -37  71  
  38 -73  33  
  51   6  72  
 -83 -15  27  
  -7  -4  88  
  27   8  84  
 -46 -53  54  
  51  72   3  
 -52   9  71  
  34 -45  68  
  80  33  19  
  85  13  21  
  51  -3  72  
 -23 -85  11  
 -68 -15  55  
 -58 -54  39  
 -28 -58  61  
 -46  40  64  
  48 -32  67  
 -87   9  15  
   2 -78  42  
  24  -8  85  
  31 -82  11  
 -44 -66  39  
  48 -55  50  
 -70 -50  20  
 -74  22  43  
  54 -66  23  
  72 -11  50  
  36 -64  49  
  48  41  62  
  47  62  42  
  19 -25  83  
  35  -2  81  
  82 -28  19  
  34 -70  42  
  25 -34  78  
  45 -57  51  
 -20 -15  85  
  83  30   2  
  23 -64  57  
 -47 -12  74  
 -52  45  56  
  38  -1  80  
  54   4  70  
  35 -23  78  
 -83  24  20  
  66  57  15  
  55   3  69  
 -57  10  67  
  36 -80  10  
 -75  47   2  
  75 -41  22  
 -28 -51  67  
 -72   8  51  
  69   3  55  
  42  69  36  
 -67 -57  11  
  30  49  67  
  83 -25  17  
  47  17  73  
  74  21  44  
  85 -22  12  
  61 -56  31  
  65  27  54  
  87  -8  14  
  54 -68  16  
  46 -24  72  
 -74 -42  25  
 -81 -23  28  
 -51  72   4  
 -25  84  11  
  88   6   9  
  35  -8  81  
 -46   7  75  
  15  57  66  
 -59  12  65  
  79 -40   0  
 -28 -25  80  
  23 -21  83  
  45 -43  63  
 -77 -42  11  
  -9 -67  57  
 -38  45  66  
 -25   3  85  
 -53  17  69  
  43  58  51  
   7 -88   9  
  12 -84  25  
 -52 -42  58  
  82   6  33  
  41 -44  65  
 -27  73  42  
  40  -4  79  
 -27 -34  77  
 -56 -31  61  
 -22 -45  73  
 -40 -67  42  
 -82  -7  33  
   6 -45  76  
 -15  -8  87  
 -48  22  71  
 -64 -56  25  
  45  40  65  
  56 -65  22  
   5  76  45  
 -74  19  45  
 -71  14  51  
   0   7  88  
  83  30   4  
  22  21  83  
  56 -54  42  
  -9  66  58  
  63  43  45  
 -72 -46  23  
 -72  51   9  
 -56  46  51  
  84  -3  27  
 -61 -17  62  
  72  -2  51  
 -62 -25  58  
  18  36  79  
  63 -60  16  
 -41  63  47  
   4 -79  40  
   5  87  14  
 -77  42  10  
  16  53  69  
 -20 -35  79  
  52 -67  26  
 -70  52  16  
  25  83  19  
  44  70  32  
 -66 -55  22  
  48  72  18  
  55 -31  62  
 -20 -39  77  
  47 -59  46  
  -3  42  78  
 -70 -44  32  
  71 -30  43  
  42  41  66  
  34  81  11  
  31  -2  83  
 -62  -5  63  
 -64 -59  15  
 -11  44  76  
 -32 -35  75  
 -46  75   9  
   5 -16  87  
 -79 -10  39  
  15 -43  76  
 -26  53  66  
 -62 -22  59  
  79  11  38  
 -71  45  27  
  20 -35  79  
  58  67   0  
  10  36  80  
  41 -19  76  
 -64  60  10  
 -14 -30  82  
 -57 -59  33  
 -74 -45  19  
  30 -71  43  
  22  56  65  
  85 -22  10  
 -85  23   6  
  44 -34  69  
 -81 -35   2  
  73 -44  24  
  50  68  27  
  79 -37  15  
 -37  79  16  
  15 -87   0  
 -37 -51  62  
 -76  45   2  
 -81 -32  17  
 -86  -5  21  
 -70  54   6  
  60 -40  51  
  52 -22  68  
 -18  70  51  
  83 -30   5  
 -84 -22  16  
 -41 -19  76  
  14 -51  71  
 -73  32  38  
 -12  18  86  
 -47 -66  35  
  -7  20  86  
 -69 -37  41  
  60 -54  36  
  18 -31  81  
 -66  56  18  
 -60 -46  46  
 -51   4  72  
  41 -75  23  
  57   0  68  
  38 -76  25  
 -47  73  16  
  13 -87   9  
  11 -46  75  
  33  60  56  
  30 -65  52  
  48 -74   8  
   5 -80  37  
  12  82  31  
 -16 -42  76  
 -31   1  83  
 -78 -36  22  
  80 -35  15  
  46  11  75  
  57 -39  55  
 -23 -10  85  
 -29 -72  42  
  80  13  36  
  84  13  25  
  50 -17  71  
 -10 -85  22  
 -45  54  54  
 -15   2  87  
  22  33  79  
 -78 -37  20  
  29 -74  39  
 -20   7  86  
  11   2  88  
   9  -2  88  
  68 -30  48  
   5  79  40  
  15  41  77  
 -74  20  44  
 -65  12  59  
 -55 -12  68  
 -29 -79  28  
  88   2   9  
  13   8  87  
 -15  87   4  
  86  17  13  
 -36 -10  80  
 -32 -58  59  
 -30   9  83  
   5 -25  85  
  36  79  18  
 -43  29  72  
  44 -74  20  
 -25  36  77  
  47 -24  71  
  76  45   7  
  72 -50  12  
 -29  61  57  
  37 -79  16  
  52 -65  30  
 -58 -43  51  
 -65  32  51  
  47 -65  37  
  44 -36  68  
 -16  81  32  
  53  54  46  
 -40  74  27  
  32  76  32  
 -52 -53  48  
  47   0  75  
 -64  47  39  
  88  -5   7  
 -36 -12  80  
  61 -58  27  
 -85  21  14  
  24 -56  64  
  11 -85  22  
  30 -73  40  
 -76  -3  45  
