 -19 -81  94  
 -52  72  89  
  93   8  84  
  61 100  45  
  71  71  75  
  74  73  70  
 -33 -71  98  
  77  62  77  
 -65 -66  85  
  92 -85   7  
 -49 -64  96  
  64 -68  84  
  43 -99  64  
  81  27  92  
  94  77  32  
 -14 -95  81  
 -92 -16  84  
  25 -78  95  
 -75  99  19  
  72 -94  41  
 -97  49  63  
  59  50  99  
  -3 -81  96  
  60  65  89  
 -66 -76  75  
 -86 -42  81  
  81 -33  90  
  94 -51  66  
  77 -84  52  
 -88 -71  55  
 -94 -28  78  
 -81  31  91  
   3 -92  85  
  92 -82  24  
  21 -89  86  
 -69 -77  71  
 -95 -68  46  
 -57 -80  78  
 -74 -21  99  
  40 -85  83  
  82 -68  66  
 -51  56 100  
 -76  13  99  
 -98 -78  10  
  90 -81  33  
 -47 -59 100  
 -61  79  76  
   9  83  94  
  58  98  53  
 100  72  25  
  93 -84   1  
 -63 -89  62  
 -97 -74  29  
 -87  85  30  
 -93  80  27  
  84 -74  57  
 -88 -22  87  
 -92 -59  62  
  49 -61  98  
  36  68  99  
  86 -87  29  
  71  51  90  
   1  97  80  
  85 -76  52  
 -43 -94  71  
 -63 -72  81  
 -94 -51  66  
  76 -24  97  
 -82   1  95  
 -77  82  56  
  15 -87  89  
 -98  66  42  
  94 -41  72  
  77 -94  31  
 -71  94  44  
 -40  66  99  
  91 -51  70  
  85 -92   8  
 -27 -84  89  
 -90 -22  85  
   5 -100  76  
 -73 -52  88  
 -100  52  55  
  88  52  73  
  12 -100  75  
 -75  55  84  
 -69  79  69  
  -8  84  93  
 -76 -84  54  
 -47 -97  64  
  96 -25  77  
  92  19  83  
  22 -99  74  
  31  94  77  
 -88 -86  25  
 -90  82  31  
 -43 -95  70  
  92 -63  58  
 -94  78  28  
  74 -70  73  
  75  99  18  
   7 -87  90  
 -95  82   1  
  50 -78  85  
 -84  72  59  
  75 -92  40  
  11 -76  99  
 -50 -84  79  
 -49  76  87  
 -93  37  76  
 -51  82  80  
  95  50  65  
 -86 -70  59  
 -77 -65  75  
  67  73  77  
  -8 100  75  
 -86 -66  63  
 -31  75  96  
 -62 -55  94  
 -70 -56  88  
  88 -20  87  
  80  40  88  
  95  69  44  
 -41  70  96  
 -94  58  60  
 -55  87  72  
  90 -86  17  
 -53 -95  63  
 -79  87  44  
 -96  53  61  
 -59 -72  84  
  77 -32  94  
 -52 -98  59  
  93 -73  42  
 -49  83  80  
 -80  86  44  
 -25 -72 100  
 -90 -53  70  
 -83  -4  94  
 -70  33  99  
 -93 -78  31  
  41 100  64  
  99 -37  68  
 -87 -52  74  
 -10  84  93  
 -22  87  88  
 -50  66  94  
 -90 -80  35  
 -14 -92  84  
  72 -98  32  
 -92  50  69  
 -72 -59  84  
  73 -96  34  
 -87  17  89  
  93  -2  84  
 -59 -92  62  
  56  87  71  
 -34  69  99  
  18 -88  88  
 -51 -89  72  
 -100  74  18  
 100  68  33  
 100   6  76  
 -77 -98  16  
  53 -81  80  
  80 -42  87  
  77  98  15  
  99  50  59  
 -78 -69  70  
  68 -57  89  
  64  58  91  
 -59 -78  79  
  58 -96  56  
  -6  99  77  
  83 -41  85  
 -95 -75  33  
  95 -26  78  
  98 -70  35  
  68  58  88  
   8  79  97  
 -91 -15  85  
  72  81  63  
 -83 -90  28  
  81  75  60  
  94  79  25  
 -69  99  35  
 -30 -89  83  
  85  77  51  
 -27  81  92  
  59  91  63  
 -21 -84  91  
 -79  65  73  
 -33 -98  71  
  92  32  79  
 -100   1  76  
 -64  92  57  
 -94 -71  43  
 -95  69  45  
 -80 -71  66  
  12  81  95  
 -59 -50  99  
   1 -99  77  
  68 -79  70  
  49 -93  69  
  78  37  91  
 -15 -99  76  
 -82  95   6  
 -19 -99  75  
 -37 -80  89  
  89  64  61  
 -11  92  85  
 100  62  43  
  14 -76  99  
  64 -97  48  
  92 -85   9  
  51  70  91  
 -85 -83  40  
 -66  79  72  
 -75  81  60  
  91  86   8  
  55 100  52  
  13  92  84  
  81 -18  94  
 -69  48  93  
  46  60 100  
  89 -21  86  
 -95  60  56  
 -86 -55  73  
 -81 -95  11  
 -79 -79  57  
 -59  57  95  
  66 -56  91  
 -80  96  14  
  34 -98  71  
 -89  42  78  
  98  53  58  
 -88 -58  68  
  82 -78  54  
 -94 -65  52  
 -15  98  77  
 -75  73  69  
 -40  87  81  
  78  -6  98  
 -83  94   4  
 -71 -41  95  
 -54  99  55  
 -49 -95  66  
  76 -62  78  
 -36 -98  70  
 -71  92  48  
 -57 -89  68  
 -60  98  51  
 -63 -47  98  
 -87  81  40  
 -27 -100  71  
 -44  62 100  
 -89 -68  57  
  85   9  92  
  74 -92  42  
  31 -99  71  
  -2 -99  77  
 -56  71  87  
  57 -74  84  
  70 -59  86  
  47 100  60  
 -95  38  73  
 -98 -58  53  
 -79 -97   9  
 100  20  73  
 -40 -72  95  
 -84  92  13  
   9 -78  98  
 -74 -98  25  
  84  24  90  
  88  64  63  
 -77  42  90  
  82  57  76  
 -78  98  10  
 -59  84  72  
  53 -78  83  
 -60 -80  76  
 -44  94  71  
  95  72  40  
  81  54  79  
  99  48  60  
 -85  66  65  
  94  33  76  
  57  98  54  
  99  -3  77  
  60 -69  86  
  94  66  51  
 -58  68  88  
 -28 -99  72  
 -77 -98  13  
 -78 -97  15  
 -83  94   3  
  85  92   4  
 -81  96   6  
  73 -100  21  
  85  92  10  
