  19 -88  43  
  41 -87  28  
  92   7  38  
  35  87  35  
  14 -65  75  
  31  89  33  
 -86 -46  21  
 -21  55  81  
  88  19  43  
 -26 -75  61  
  -1 100   2  
 -69  65  32  
  88  36  31  
  51 -31  80  
 -43 -85  31  
 -93  10  35  
   2 100   3  
 -67   9  74  
 -67  -8  74  
 -75  39  53  
  -2 -88  47  
 -67  58  46  
 -54 -77  34  
 -55  28  79  
 -43 -25  87  
  19  -1  98  
  73  65  21  
  34  40  85  
  11 -91  40  
  99  -7  11  
 -51  76  40  
 -69 -25  68  
  50  74  45  
 -89  -8  45  
  99  14   7  
  78  43  45  
 -70  61  37  
 -87 -23  44  
 -24 -96  13  
  90  12  42  
 -62 -66  43  
 -84  52  14  
  14  54  83  
 -77 -53  36  
  35  10  93  
  66 -41  63  
 -17 -72  67  
 -83 -17  53  
  62 -59  52  
  89 -37  27  
 -59 -47  66  
 -12  96  25  
  -4 -65  76  
  36  79  50  
  68 -58  45  
 -79  56  24  
  58  53  62  
  27 -95  17  
 -99  12  10  
  46 -82  34  
 -30 -65  70  
  21  23  95  
  27 -70  66  
  61 -28  74  
 -64  -4  77  
 -60  47  65  
 -37 -26  89  
  77 -24  59  
  69  38  62  
 -54 -69  48  
  90  31  30  
  42 -85  32  
  33  55  77  
   3  45  89  
 -37 -93   2  
  19 -52  83  
   4 -54  84  
 -52 -47  71  
  40  86  31  
  94 -24  24  
 -53 -26  81  
 -31  91  28  
   7 -94  34  
 -28  77  57  
  97 -24   7  
 -65  13  75  
  89 -19  42  
  28  96   4  
  39  86  33  
  71 -58  40  
 100   3   2  
  98 -13  14  
  81  57  12  
  19  60  78  
 -51 -49  71  
 -41 -40  82  
 -82   0  57  
 -11   9  99  
  22  60  77  
 -21  86  46  
  66  74  11  
  24  21  95  
  62 -53  58  
 -92 -33  22  
  90   0  44  
  99 -14   2  
  95  16  26  
  59  12  80  
  79 -19  58  
  70  30  65  
  18 -98   7  
  81  41  42  
  -3  75  66  
  -6  65  76  
  43 -44  79  
 -41   5  91  
 -15 -30  94  
  34 -90  27  
 -66  72  21  
  27 -93  24  
  13  53  84  
  77 -61  19  
 -70 -66  28  
  66  53  53  
 -22 -69  69  
  76  59  27  
  26  11  96  
  51 -18  84  
  32  19  93  
  37 -92  11  
 -38 -62  69  
   1  51  86  
  51  18  84  
  61 -72  33  
 -65  34  68  
 -68  50  54  
  20  -5  98  
 -11 -17  98  
  10 -99  12  
 -47  81  35  
  39  49  78  
  27 -77  58  
  46 -88  11  
  89  46   3  
 -54 -84   1  
 -98 -14  14  
 -94 -21  27  
  99  -8  13  
  34  90  28  
 -46  86  22  
 -29 -73  62  
  43  77  47  
  86 -51   2  
  88 -33  34  
 -80  60   1  
  92  39   0  
 -18 -68  71  
  -3 -19  98  
  12  76  64  
 -67  74   1  
 -91  22  35  
 -19  34  92  
  10  12  99  
  28 -28  92  
  46 -39  80  
 -12  60  79  
   0  -1 100  
 -72  39  57  
 -75 -53  40  
 -25  24  94  
  42  72  55  
  77  63   8  
 -45 -37  81  
  28 -79  55  
 -98 -16  11  
  99 -11   6  
 -81  45  38  
 -50  37  78  
  -5  13  99  
  14 -67  73  
 -84  53  10  
 -62  71  33  
  10 -45  89  
 -24  83  50  
 -41  -1  91  
  67 -66  34  
 -71 -47  52  
  -9 -87  48  
 -87 -14  47  
  -1  91  42  
 -95  16  27  
 -30 -89  34  
 -28  -7  96  
  40 -77  50  
 -61 -53  59  
  14  -4  99  
 -32  47  82  
 -44  82  37  
 -10  11  99  
  76  -5  65  
 -98 -17   9  
  78  46  42  
  77 -62  15  
  79  60  13  
  -9  80  59  
 -96  28   2  
   4 -61  79  
  58  34  74  
  38  16  91  
 -84 -46  28  
  54 -51  67  
 -10  10  99  
  -6 -84  54  
  45   9  89  
 -92  -1  39  
  90 -16  41  
 -74 -53  41  
  93  18  32  
 -90 -33  29  
  39 -87  30  
  81   9  58  
 -76  65   7  
 -54 -84   8  
  92 -31  23  
  38  81  45  
 -52  69  50  
  63 -68  38  
 -18 -26  95  
  27  81  52  
 -65 -44  62  
  82 -51  26  
 -71 -59  38  
  41  91   0  
  41  75  52  
 -59  27  76  
  74 -55  39  
   7  51  86  
 -95   3  31  
  16  87  47  
  83  43  36  
  18 -56  81  
  92 -39   5  
 -28 -96   1  
 -15  83  54  
 -76  15  63  
 -45 -89   3  
 -37 -19  91  
  22 -73  65  
  73 -62  28  
 -30 -87  39  
 -39 -52  76  
 -13  98  16  
  95 -31   2  
  29  86  42  
  19 -16  97  
   5 -75  66  
 -79 -40  47  
 -39 -65  65  
  43 -58  69  
  23  95  20  
 -71  13  69  
 -88 -47   5  
  97  25   3  
   2 -66  75  
  30  -7  95  
 -78  32  54  
   3  65  76  
  44  59  68  
 -44  62  65  
  96 -24  16  
  45  57  69  
  62  31  72  
 -34 -83  44  
  95 -20  24  
 -23  57  79  
  25  60  76  
  57  69  45  
 -37 -83  42  
 -81  30  50  
 -28  84  46  
  83  55   9  
  11  93  35  
 -74 -67   4  
  54   8  84  
  53 -12  84  
  -7  58  81  
  54 -72  44  
 -24  69  68  
  22  10  97  
  50 -38  78  
  80  30  52  
  97  24   0  
  69 -42  59  
  91  18  38  
 -96  -8  26  
 -15 -52  84  
 -54 -80  27  
  96 -16  23  
 -21 -89  40  
  43 -76  49  
