 -43 -24   2  
   5 -40  29  
  -8   9  48  
 -36 -24  24  
 -18  46   3  
  39  20  23  
 -30  20  34  
 -23  41  15  
   8  23  43  
  29 -28  29  
  20 -41  19  
  33   9  36  
  21 -38  24  
  -2 -11  48  
  45  17  11  
  -5 -48  12  
 -12  23  42  
   7  48  11  
  30  21  33  
 -27 -35  22  
  45 -18   9  
  36  30  16  
  33  24  28  
  25  -1  43  
 -43 -21  12  
 -27 -41   8  
  19  18  42  
  24  24  36  
  34 -24  27  
 -25 -28  32  
 -20  45   7  
  30  39   7  
 -14   6  47  
  24  27  34  
 -18   2  46  
 -35  31  17  
 -37  -4  33  
  13  21  43  
  -1 -15  47  
   4 -49   5  
 -23 -44   1  
 -21  44   9  
 -32 -37   7  
 -12   5  48  
 -34 -20  30  
 -44  -6  22  
  18  23  40  
 -24  43   6  
 -32  23  30  
  41 -28   1  
  25 -42   9  
  31 -14  36  
  -7 -40  28  
  45   3  21  
  22 -37  24  
 -33  -2  37  
  35  -2  35  
  24  42  11  
  33 -23  29  
  44 -14  18  
  45  11  18  
 -38  21  24  
 -31  33  20  
 -40  20  21  
 -25 -41  13  
   7 -49   0  
  18 -46   2  
 -14  33  34  
  11  48   4  
  32  25  28  
   8  48  10  
  27  41   8  
 -32  34  17  
  16  37  29  
 -41  -5  27  
 -38   7  31  
 -29  39   9  
   4  35  35  
 -19  45   7  
 -11 -11  47  
 -47   5  14  
 -29 -37  16  
 -18 -44  13  
   4 -37  33  
  49   8   2  
  32  18  33  
   0  48  12  
  -2 -45  21  
 -40 -27  10  
  30  39   5  
  39  17  25  
 -16 -30  36  
 -15 -42  21  
  23   0  44  
  33 -19  32  
 -16  39  26  
  48 -12   2  
  19 -20  41  
 -13  -8  47  
 -39 -16  26  
  46  18   5  
   2  18  46  
 -39  16  26  
  17  17  43  
  34  29  21  
 -48  -7  11  
  21  39  22  
 -26  -5  42  
 -33  36   8  
  25  12  41  
  23 -29  33  
  18  46   5  
  49  -2   7  
  17  33  33  
  44 -22   5  
 -33 -18  32  
  -1 -37  33  
  31 -12  37  
 -35  18  30  
   2  45  21  
 -48  -7  10  
   4  34  36  
 -20 -30  34  
 -49   4   5  
  25 -29  31  
  21 -20  40  
 -48 -12   3  
 -41 -13  24  
 -15 -47   5  
  40  28   9  
  -6  38  31  
   7 -28  40  
  48  12   5  
 -14 -32  35  
  49   3   6  
 -26  40  13  
 -23 -39  20  
   0  26  42  
   8 -44  21  
  25 -32  28  
 -21  43  13  
 -37 -31  12  
   8 -23  43  
  -9  36  33  
 -15 -19  43  
  17  -8  46  
 -15  46  11  
 -20  21  40  
 -13  30  37  
  35   0  35  
 -17  18  43  
   0 -47  16  
 -16  -3  47  
 -32  -1  38  
  11  46  14  
  39  28  11  
  44 -23   3  
 -23  15  41  
 -31  30  24  
 -27 -17  38  
   0  38  32  
 -38  -6  31  
 -29  -4  40  
  29 -32  24  
  31  18  34  
   5  48  11  
 -12  43  21  
  31 -38   7  
  34  36   2  
  -8  10  48  
 -10 -38  30  
   5  -6  49  
  29 -16  37  
  12 -41  25  
 -29  23  33  
 -39 -27  14  
 -26 -25  34  
  11  45  17  
  -8  -8  48  
 -10   5  48  
 -21 -36  27  
  -1  48  13  
  -6  49   6  
  40  27  12  
 -25  35  24  
 -46 -17   8  
  21 -43  13  
  32  20  32  
  13   1  48  
 -30 -11  38  
   7  23  43  
 -49   4   7  
 -34  36   3  
 -25  37  21  
 -33   9  36  
  15 -21  42  
   0  -8  49  
  44  12  19  
  41  25  11  
 -37 -31  10  
   6 -32  37  
 -37  29  16  
 -39 -25  17  
 -16 -40  24  
  38  -7  31  
  36  29  17  
  15  -5  47  
  16  34  32  
 -49   1   5  
 -46  -8  16  
 -23   0  44  
  25 -43   0  
 -20  30  34  
  32  34  16  
  11 -37  31  
  16 -37  29  
 -10  48   5  
   2 -47  15  
  12 -17  45  
  -8  17  46  
  47  12   9  
  37   1  33  
  48  11   3  
 -49   5   2  
  -5 -47  15  
 -11  35  33  
 -44  12  19  
  35   4  35  
  -7 -32  37  
  46  13  13  
  -1  12  48  
 -31 -38   5  
  25 -35  24  
 -40  -1  29  
  33  29  23  
  14 -34  33  
  24 -43   7  
 -41   5  27  
  21  37  25  
 -11  33  35  
 -46 -15  11  
   1 -29  40  
  49   4   3  
   2   5  49  
  -5 -40  29  
  10  16  46  
  16  35  31  
  43   9  23  
  40  -2  29  
 -33 -17  33  
  12 -27  40  
 -36  29  17  
 -31  38   7  
 -15  44  17  
 -10  15  46  
 -34 -35   7  
  46  -3  18  
  19 -43  15  
  30 -33  22  
 -49   0   6  
  10  41  26  
  13  18  44  
 -24  19  39  
 -11  40  27  
 -18  -4  46  
  35 -17  31  
 -45 -19   7  
  38   7  31  
  -2  49   6  
 -48  10   5  
  38  16  27  
  33 -37   3  
 -33   7  36  
  26 -40  13  
  37  30  14  
  47 -13   9  
  22 -44   7  
 -37  14  30  
 -31 -21  32  
 -16  47   1  
 -10  24  42  
   5 -26  42  
 -29  36  17  
 -19 -39  24  
 -18  19  42  
 -33 -29  23  
  31 -16  35  
  19  43  15  
  34 -30  20  
  -7   2  49  
  11  24  42  
  -5 -49   6  
 -44   7  22  
   4 -20  45  
 -35 -35   1  
  -2  38  32  
   4 -22  44  
 -37 -20  26  
 -25  11  41  
 -15 -45  15  
