 -36   6   6  
   3  35  12  
  21 -27  14  
  28   4  24  
  12  20  29  
  34  -9  12  
 -33   3  16  
  34  14   1  
   6 -34  13  
   4 -33  16  
  -7  -4  36  
  13 -33  10  
  26  21  16  
  -7  -5  36  
 -23   3  29  
 -26  18  19  
 -21 -21  22  
   2  18  32  
 -30   8  20  
  35  -2  12  
  29  13  19  
 -27  11  23  
 -16 -12  31  
  -9  26  25  
  33  -2  17  
  15  34   0  
 -23 -22  19  
  23   3  29  
 -23  21  20  
 -33  -9  14  
 -27 -23  11  
   1  12  35  
 -37  -1   1  
  27   9  24  
  -2 -32  18  
   0  -1  37  
 -15 -33   8  
  35  -3  11  
   0  12  35  
  18  -4  32  
  12   4  35  
  16  33   4  
  29  23   4  
 -35 -11   4  
 -20  31   5  
  18 -27  18  
  23 -15  25  
 -30   5  21  
 -31  20   5  
   9 -26  25  
 -13 -26  23  
  17 -33   2  
  20  -1  31  
   4 -18  32  
  14 -10  33  
 -14 -34   5  
  32  14  12  
  11  30  19  
  24 -27   9  
  -8 -12  34  
  -3 -23  29  
  25   0  27  
  -8  30  20  
 -29  16  17  
  33   9  14  
 -25  26   8  
 -21  30   4  
  12   1  35  
   4  26  26  
  -9  18  31  
 -26  21  16  
  26 -24  10  
 -16  29  16  
   5  36   7  
 -19  -1  32  
  29  21   9  
  36   8   1  
  26 -26   3  
 -14 -34   3  
   1  36   8  
  23 -26  13  
  10 -31  18  
  13  31  16  
  -8 -25  26  
 -34 -15   2  
  20 -20  24  
  -8  20  30  
 -28  -7  23  
 -15 -23  25  
 -37  -3   1  
  -9  32  16  
  25 -26   9  
  16 -26  21  
  20 -28  14  
 -30  16  14  
  -6 -33  16  
  -8  -5  36  
 -19   6  31  
 -29  -6  22  
  -4   7  36  
   5 -30  21  
 -17 -21  25  
 -37   1   2  
 -28  -3  24  
   5 -36   8  
 -22 -23  19  
 -17   0  33  
 -29  -9  21  
  20  31   2  
  -1  25  27  
 -12  -4  35  
 -11 -20  29  
  27  -9  24  
  13  27  22  
   7 -32  17  
 -23  29   2  
  -1  36   8  
  31  -3  20  
   0  -8  36  
   3  37   2  
   7 -17  32  
   9 -31  18  
   6 -36   5  
   8   5  36  
  22  30   1  
 -26 -25   8  
   0 -30  22  
  18  32   4  
  19  -1  32  
   0  23  29  
  27  15  20  
 -20  22  22  
  26  26   1  
  23  28   8  
 -18  -5  32  
 -22 -26  15  
   7  -6  36  
 -18  32   3  
   4 -26  26  
  15 -20  27  
   7 -15  33  
   0 -36   8  
  21 -20  23  
 -13 -23  26  
  17 -30  13  
  -2  12  35  
 -23   2  29  
  15  26  22  
  -3 -14  34  
 -15 -31  14  
 -14  34   5  
 -21  26  16  
  -5 -26  26  
 -36  -5   7  
  25  17  21  
  -1   4  37  
 -34  -8  12  
 -12 -28  21  
 -29  10  21  
 -13 -25  24  
   2 -37   0  
  32 -17   8  
 -32  17   8  
  20 -31   4  
   0 -25  27  
 -10  27  23  
 -12 -30  18  
   7   3  36  
  -5 -16  33  
 -34  15   1  
  -6  22  29  
 -22 -27  13  
  33 -17   2  
  22 -15  26  
  20   1  31  
 -33 -17   2  
  22 -12  27  
 -15 -19  28  
 -14  14  31  
  26  20  17  
  12  35   4  
 -24  22  18  
  -9  35   9  
   1  -2  37  
 -13   6  34  
 -21 -20  23  
 -10  23  27  
   6  32  18  
 -28  14  20  
  24   0  28  
   8  36   0  
 -28   5  24  
 -30 -15  16  
 -23 -15  25  
  24 -16  23  
 -23 -28   8  
  31 -13  15  
 -17  11  31  
  27 -17  19  
  13 -13  32  
  37   0   1  
  36  -8   4  
  25   1  27  
 -11  19  30  
  27 -20  15  
  -2  20  31  
   9  18  31  
  30 -18  12  
  36   9   1  
 -33 -13  10  
   2  28  24  
  30  -1  22  
  -7 -36   6  
 -34 -15   1  
  -3 -18  32  
  17 -20  26  
  35   9   7  
  27  22  13  
  33  13  11  
  -7  -3  36  
 -15   7  33  
 -18  18  27  
 -36  -7   3  
  33  15   8  
  21 -30   4  
  -9 -30  20  
 -25   8  26  
  25  -9  26  
 -23 -10  27  
 -36   7   5  
  19  -6  31  
  10 -21  29  
   3  37   0  
  20  19  25  
   8 -17  32  
 -12  -3  35  
  22 -28  10  
   7  36   3  
  26   8  25  
  36   9   2  
 -25  16  22  
 -23  20  21  
 -24 -24  15  
   0 -23  29  
  35 -11   4  
 -11  15  32  
  35 -11   6  
 -35   4  12  
 -12 -33  12  
 -12  -9  34  
 -14 -29  18  
  16  32   9  
 -17  17  28  
 -19 -20  25  
 -10  24  26  
  11  35   4  
  37   2   3  
 -14  12  32  
  10 -18  31  
   7  23  28  
   9  20  30  
 -25  -3  27  
 -29 -23   2  
   1 -17  33  
  22 -18  24  
 -15   0  34  
 -26  14  22  
   9 -35   7  
  12  16  31  
  -4 -23  29  
 -15 -33   7  
  33 -11  13  
 -28  24   3  
  21  24  19  
 -23  15  25  
  34  -2  15  
   7  -4  36  
  20 -19  25  
  14   0  34  
 -16   3  33  
 -10  18  31  
 -10  16  32  
   9  -3  36  
  18 -28  16  
 -22 -26  14  
   3 -11  35  
  37  -3   2  
  13 -34   7  
 -28 -13  20  
 -10  19  30  
  13 -30  17  
   2   2  37  
 -20  24  20  
  -9  -9  35  
 -27 -25   5  
 -22   7  29  
  20 -15  27  
   1  37   3  
   7 -36   4  
 -31  19   6  
