  -2  69   5  
 -16  32  59  
  59  29  21  
 -52  -7  45  
  11  20  65  
   4  67  15  
 -60 -10  33  
 -12 -68   5  
  48 -32  38  
 -42 -53  14  
 -40 -43  36  
  33 -60  10  
 -49 -42  24  
  20 -58  32  
 -15 -45  50  
  25  38  52  
 -13  64  23  
 -64 -26   4  
  68   2  12  
  -6 -35  59  
 -36 -59   2  
  38   8  57  
   9 -68   5  
 -23 -20  62  
  30 -42  46  
  36  15  57  
 -44 -37  38  
 -26  15  62  
 -57   8  38  
   3 -16  67  
  33  36  49  
  44 -53   2  
 -52 -38  25  
  58  -5  37  
  30 -20  59  
  40  54  16  
  30 -47  41  
   3 -67  16  
  26  27  58  
 -62   3  30  
  26  59  25  
 -57  31  23  
 -15  61  29  
 -44 -46  26  
 -36  23  54  
   4  68  10  
  -9  -7  68  
  55  38  18  
  65  18  14  
  17  27  61  
  -8 -66  19  
 -40  56   5  
 -53 -37  24  
  47  50   8  
  46  50  13  
 -57  34  19  
  23  28  59  
  35 -20  56  
 -66 -15  13  
 -40  36  43  
 -39 -23  52  
 -59  15  32  
 -64 -22  14  
  -8 -33  60  
 -51 -36  29  
 -59 -26  24  
  16  16  65  
  -2  30  62  
  41  42  36  
 -26 -60  22  
  30  43  45  
   4 -28  63  
  39  50  27  
 -17 -59  31  
 -32 -19  58  
 -43 -47  27  
 -20  62  23  
  24  54  36  
 -19  36  56  
  24  24  60  
 -11  46  50  
  56  32  25  
  25  47  44  
  -3 -10  68  
 -27  33  54  
 -33  18  58  
 -35 -54  25  
 -19  46  48  
 -26  42  48  
  65  -5  22  
 -33  57  20  
 -49  -7  48  
  13  54  41  
 -17   1  67  
 -15 -51  44  
  64 -22  14  
 -33  42  44  
  54   3  43  
  60 -34   0  
   1  60  34  
 -44  -1  53  
 -33 -58  17  
  69  -2   2  
  56 -23  33  
   1 -60  34  
 -17  32  59  
  59  16  32  
  38 -29  50  
 -23  -6  65  
 -57 -21  33  
 -56 -39  10  
 -46 -50  12  
  -2 -64  26  
 -34 -52  30  
 -14 -67   8  
  32 -29  54  
  52  45   7  
 -11 -53  43  
 -53  -6  44  
 -49   7  48  
   0 -20  66  
   8 -22  65  
  51  -5  46  
  41  20  52  
 -27 -40  49  
  65 -15  18  
 -23  64  13  
  64  25   3  
 -36  37  46  
 -62   7  29  
  27 -43  47  
   2  32  61  
  21  65  11  
  42  44  33  
 -45 -35  39  
 -54  20  38  
 -44  10  52  
 -65  23   4  
 -38   8  57  
 -24 -36  54  
  -5  12  68  
  48 -46  19  
  35 -48  35  
 -20  66   2  
  49  42  24  
  13 -50  46  
  62 -28  11  
  41   5  55  
 -15  66  13  
  43   0  54  
 -65 -23   5  
 -32  19  58  
 -62  29   9  
 -38  54  20  
   5  65  22  
 -38  29  50  
  50   8  47  
   2  66  20  
  16  50  45  
  52  37  26  
  34   5  60  
  38  18  55  
  19  21  63  
   0  44  53  
   2  67  16  
   2 -40  56  
  30  -7  62  
  53 -23  38  
 -52 -45   7  
  48  -5  49  
  24  61  22  
   4 -51  46  
   4 -36  59  
 -46  12  50  
  29 -50  38  
 -53 -43  10  
 -36 -37  46  
  -2  52  45  
  -5 -59  35  
  48  -7  49  
  48 -48  12  
 -63  28   5  
  34  36  48  
 -12  63  25  
  35  14  58  
 -28   6  63  
  23 -48  44  
  38  50  29  
 -28  63   5  
  32 -17  59  
 -40 -51  24  
  63 -19  20  
  -6 -28  63  
  59   9  35  
 -37  17  56  
  42 -25  49  
   1 -68  12  
 -69  -3   3  
  60 -20  27  
  47  12  49  
  13  48  48  
  63 -15  24  
  10  -4  68  
  -8 -65  21  
  35   7  59  
 -26 -48  42  
   5 -61  32  
 -54  35  25  
 -35 -39  45  
 -59  33  14  
  32  39  47  
 -14  66  14  
  32 -15  59  
  38 -30  49  
 -26 -61  19  
 -53 -16  41  
 -16  -7  67  
  25  12  63  
 -16 -20  64  
 -40  56   1  
 -59  30  20  
  -5 -46  51  
 -31  23  57  
 -24  -8  64  
  65 -10  21  
  60  32  11  
  19  28  60  
 -52  31  33  
  45  30  43  
  67  -8  15  
  60  28  20  
  -9   5  68  
  49 -37  32  
 -59  34  10  
  52 -10  44  
  -6  40  56  
  50  -8  47  
  22 -38  53  
 -66 -20   5  
  52 -31  33  
  -1  45  52  
 -57 -38   7  
 -24 -10  64  
 -27 -59  24  
 -68 -11   1  
  41  32  45  
  55  26  33  
  30  60  17  
  20  44  49  
  54  -3  43  
   4 -37  58  
   9  60  33  
 -51  11  45  
  17 -67   4  
 -37  56  17  
  57 -39   2  
  57 -28  27  
  46  48  19  
  37   5  58  
  -4 -65  23  
 -41 -12  54  
 -23 -65   3  
 -59 -19  30  
  59  27  24  
 -52   5  45  
  -3   4  69  
 -25 -33  55  
 -24 -62  18  
 -63 -17  22  
  26  56  31  
 -45 -52   4  
  41  52  20  
  10  28  62  
  45  42  31  
  -4  54  43  
  34 -56  21  
 -60  17  30  
  66 -19   7  
 -69   5   1  
  -5  41  55  
 -33  49  36  
 -63   6  28  
  22  37  54  
 -32  60  13  
  51  16  44  
 -36   0  59  
  26  40  50  
   6 -40  56  
  45  33  41  
 -33 -45  41  
 -34   1  60  
 -38  45  36  
  33 -36  49  
  55  42   0  
  47  41  29  
  -1   5  69  
   8 -57  38  
 -57  35  16  
 -28 -63   3  
 -53 -10  43  
