 -49  87  14  
 -26  95  23  
  30  90  34  
 -12 -89  46  
  88  39  30  
 -27  29  93  
 -60 -70  41  
 -96  24  21  
 -17 -36  93  
  13 100   8  
 -67 -70  28  
 -66  76   6  
  62 -62  50  
  83 -40  41  
  49  33  82  
 -27 -73  64  
  56  -7  84  
 -58  51  65  
   4 -57  83  
  94 -21  31  
  52 -66  56  
  19 -97  21  
  79  19  60  
  59  64  51  
 -21 -96  24  
  64  66  42  
 -75  39  55  
  78  55  33  
  71  12  71  
  34  53  79  
 -63 -57  55  
 -29  77  59  
  56  77  33  
  35 -17  93  
 -72  52  48  
  19  -8  99  
  14  94  34  
  25 -12  97  
 -28  47  85  
  41  59  71  
  52 -77  40  
 -55  67  52  
 -72  67  22  
  25  96  19  
 -80 -38  49  
 -71 -70  17  
 -87  51   2  
   9 -39  93  
 -47  89   7  
  71  52  50  
  58 -79  24  
 -70  59  43  
  25  64  74  
  21 -39  91  
 -20  34  93  
  13 -64  77  
 -92 -31  27  
  81 -13  59  
 -44  26  87  
 -94 -32  18  
 -34 -83  46  
  56  66  52  
 -29  95  18  
  38 -57  74  
 -87  39  33  
 -56 -67  51  
  60 -15  80  
 -55 -82  22  
 -11 -62  79  
 -81  -5  60  
 -74 -64  25  
  44 -13  90  
 -90  42  19  
  98 -10  22  
  33  90  32  
  35 -79  52  
 -93  25  31  
 -76  47  47  
 -42 -76  52  
 -35 -74  59  
  35 -51  80  
  91  41  14  
   5  87  51  
 -12  35  94  
  47  15  88  
   1  51  87  
  72  71   1  
  -8 -89  47  
  44 -91   3  
 -91 -21  38  
 -37 -51  79  
 -28  36  90  
 -39  88  31  
 -51  46  74  
 -54  30  80  
 -80  -8  61  
 -73 -70   2  
 -33  65  70  
 -69  63  39  
  83  16  55  
 -64 -78   4  
 -20  90  41  
  98 -23  10  
 -24  98   5  
  88 -37  33  
 -16 -31  95  
 -85  39  38  
  19 -91  39  
  41 -52  76  
 -80 -52  33  
  16 -96  27  
 -72 -53  47  
  92 -22  35  
 -75  54  41  
  29  -1  97  
  15  70  71  
 -19   9  99  
  91 -17  40  
  72  11  70  
  51  45  75  
   4  90  46  
  27   8  97  
 -11 -100   9  
  66  76   6  
 -79 -12  62  
  76  32  58  
  18 -95  30  
 -13 -40  92  
  89  48   2  
  86  16  50  
 100  -2  14  
  13 -35  94  
  64 -34  70  
 -52  79  35  
  30 -84  47  
  76  37  55  
  98  24   0  
  43  46  79  
  -7  61  80  
  97  28   1  
  29 -27  93  
 -17  23  97  
 -41  91  14  
 -54 -60  61  
 -82  22  55  
  16 -12  99  
  55  21  82  
  22  66  73  
 -10 -96  29  
  39  16  92  
 -57 -66  51  
   3  63  79  
   6 -14 100  
  27 -29  93  
  23  97  15  
  44  85  33  
   2 -70  73  
  13  99  14  
 -20 -91  39  
 -27  15  96  
 -12  -8 100  
  -2  98  24  
  65  -4  77  
 -20 -67  73  
  79 -48  41  
 -20  41  90  
 -96  28  14  
 -60  40  71  
  55  83  18  
  26  96  18  
  28 -83  50  
  66  55  53  
  76 -13  65  
   6 -96  30  
 -84 -56   3  
 100 -14   3  
  98  18  16  
 -83  56  14  
 -47  88  15  
  94 -29  23  
 -76  46  48  
  13 -55  84  
  93 -19  34  
  36 -90  28  
  56 -76  36  
  24 -39  90  
  -8 100  13  
  32 -64  71  
  54  26  81  
 -44 -14  90  
  81  60   5  
 -19 -59  80  
   8  52  86  
 -77  25  60  
  66 -14  75  
 -92 -36  21  
 -20   6  99  
  55 -69  49  
 -47  67  59  
 -59  77  28  
  62  55  58  
  99  16  13  
 -83  18  55  
 -17 -99  12  
  81   9  60  
  89 -29  38  
  47  70  56  
  -8 -95  33  
  12   5 100  
 -88 -41  28  
 -60  74  33  
 -16  68  73  
 -70  56  47  
  -4  87  51  
 -28 -43  87  
 -98  18  15  
 -44 -79  45  
  50 -53  70  
 -23 -91  37  
  24 -25  95  
  24 -52  83  
 -76  64  18  
   8  11 100  
  83  35  46  
 -81 -13  59  
  -1 -88  50  
  90 -34  31  
 -20 -92  37  
  63  69  39  
 -36  94   5  
  50 -25  84  
  20 -66  74  
  19  91  40  
 -22  10  98  
 -88 -11  48  
 -22 -93  33  
  37 -63  70  
 -38 -22  91  
 -39 -63  69  
 -36  78  53  
  28  34  91  
  -6 -94  37  
 -28 -97   7  
 -85  53  13  
  49  40  79  
  -1  21  99  
  76 -55  37  
 -72  60  37  
 -96 -31   3  
  57 -48  68  
  -8  75  67  
  82  59   4  
 -53  42  75  
 -49  79  39  
  86  -2  53  
 -80 -19  59  
  93  40   0  
  79  60  20  
 -34  43  85  
  54   7  85  
 -87 -13  50  
 -73  50  49  
 -93  39   8  
  79  39  49  
  18 -94  32  
  52 -27  82  
   2  63  79  
  49  51  72  
  27   7  97  
 -31 -79  55  
 -88 -47  16  
  80  -1  62  
 -86  28  45  
  80 -13  60  
 -51  84  23  
 -25 -66  72  
  14 -39  92  
  43 -61  68  
 -59 -47  67  
   7 -100  11  
  86  33  42  
 -85 -17  52  
   4 -79  63  
 -57 -65  52  
 -40 -60  71  
  91  19  40  
  94 -33  16  
 -99 -18  11  
  94  35  10  
 -59  69  44  
  69  60  43  
  53 -82  25  
  12  -3 100  
 -26  89  40  
  88 -44  23  
   1 -48  89  
 -57 -75  36  
  55  37  76  
 -79   5  63  
  61  40  70  
