  13  -8  26  
   2   0  30  
  23 -19   5  
 -19  -2  23  
 -21  -8  20  
  20 -22   5  
   6  25  15  
   2  26  15  
  18   1  24  
  -2  13  27  
   9 -27   9  
  23 -12  15  
  -1  29   8  
  13  14  23  
  25   4  16  
  10   2  28  
   8 -29   3  
  30  -1   2  
 -14 -22  15  
  22  20   4  
   8 -22  19  
 -29  -6   5  
   5   9  28  
 -28  -6   9  
  23  19   3  
  -1  30   1  
   0   0  30  
 -29   7   5  
  24 -18   0  
  -3 -29   6  
  -1  30   3  
   2  19  23  
  -8   8  28  
   5 -28  10  
   2  -2  30  
  -5  28  10  
  26  15   0  
 -15  22  14  
 -16   5  25  
  23   7  18  
  -5 -22  20  
  28   0  11  
 -13   1  27  
  21  -7  20  
  16  13  22  
  -7  29   3  
  -5  14  26  
 -15 -26   2  
  29   3   7  
 -20   5  22  
   8  11  27  
   8 -24  16  
   2  21  21  
 -30  -3   1  
  21 -21   4  
 -20 -18  13  
 -27   4  13  
 -15  26   1  
   9 -10  27  
  16  25   3  
 -14  25   9  
  -8  20  21  
   6 -29   5  
 -25 -17   1  
  -5   6  29  
   5  19  23  
  -3  28  11  
   6  29   4  
  -3  18  24  
 -17 -24   7  
  29   6   3  
  28   7   9  
 -25   0  17  
  14 -24  11  
 -20  -3  22  
  10 -11  26  
   2 -30   0  
  -9 -27  10  
 -30   3   2  
   8   1  29  
  28  -9   5  
  20 -15  17  
   7   9  28  
 -25  15   8  
 -18 -19  15  
  12  20  19  
  19  -1  23  
 -28  -7   8  
 -18  -1  24  
  -9 -25  14  
 -27  12   6  
  29   6   4  
   7  19  22  
  20  16  16  
   3 -10  28  
 -16  25   5  
   6 -12  27  
 -25  -1  17  
  -1  11  28  
  18  11  21  
   6  -3  29  
   7 -25  15  
 -29  -2   8  
  16 -22  13  
  -6  29   5  
  17 -21  13  
 -18   9  22  
  -8  -7  28  
  -5  29   6  
  -6  -9  28  
 -29  -1   8  
 -19   7  22  
   2 -28  11  
  27  -2  13  
  23  19   1  
  27 -13   1  
  15 -10  24  
   8 -29   1  
   2  -8  29  
 -29  -5   6  
  23   9  17  
  29  -7   3  
  25   8  15  
   3   8  29  
  -5 -24  17  
  15  18  19  
  17  17  18  
 -15 -24  10  
   7  -9  28  
 -21 -19  10  
 -18  -6  23  
  -3  21  21  
  18  12  21  
   0  11  28  
 -19  10  21  
 -26   9  12  
  26 -15   3  
  14  -6  26  
 -29  -3   8  
 -12 -25  11  
   7 -26  13  
  -1 -27  13  
  27   0  13  
  27 -12   4  
 -14 -26   6  
  -3  -7  29  
  23  19   2  
  -8 -11  27  
  23  -5  19  
 -10   9  27  
 -18  15  19  
 -11   6  27  
  13 -10  25  
  -7  -8  28  
 -11 -10  26  
 -10 -15  24  
  30  -3   0  
 -24  -5  17  
 -28 -11   1  
 -21 -21   5  
 -21  21   3  
  -2 -30   1  
  19  10  21  
 -13   0  27  
 -30  -1   3  
  27 -12   6  
 -15  26   3  
  -2  24  18  
 -14   9  25  
  19 -17  16  
  23 -18   7  
 -19  -1  23  
  13   7  26  
   5  20  22  
  10  28   5  
 -29   8   2  
 -12  11  25  
  14 -13  23  
  16 -25   5  
  10  13  25  
  13 -23  14  
  -3  -2  30  
 -14  22  15  
 -28   3  11  
  29  -6   3  
  14  21  16  
  18  21  11  
  -6  29   3  
 -15   3  26  
  19   1  23  
 -26 -13   7  
  17  25   0  
  16  16  20  
  -9 -16  24  
  -3  27  13  
  -7 -25  15  
  -4  27  12  
  29   6   5  
 -13  27   3  
   0  19  23  
  17   5  24  
  20  -8  21  
  26  -1  15  
 -25  15   6  
  21 -17  13  
  19  21  10  
 -21  12  18  
 -23  -3  19  
  15 -26   2  
  28   2  10  
  -7  -4  29  
  12  18  21  
  18  -7  23  
  13   3  27  
  -6 -28   9  
 -27  -8  11  
  15   2  26  
  -9   7  28  
  24   8  16  
 -26 -15   1  
  -2   7  29  
 -16 -14  21  
 -28  -2  10  
 -26  -1  15  
 -18  13  20  
   8  -7  28  
  13 -27   1  
 -17 -23   9  
 -28  -9   6  
   5  14  26  
   2  28  10  
  28   4  10  
 -23   4  19  
 -15   1  26  
 -30  -1   2  
  29   3   8  
   5 -24  17  
  27  13   2  
   0  27  13  
  22  14  15  
  15 -25   8  
  17  13  21  
 -13   3  27  
   5 -21  21  
 -14 -21  16  
 -24  -2  18  
  -1 -26  15  
 -23 -19   1  
  24 -18   1  
  17 -22  11  
  14 -15  22  
  15  23  12  
  -1 -17  25  
  -4 -19  23  
 -16  -5  25  
  26 -11  10  
  21 -21   2  
  20  19  12  
 -21  -4  21  
   1  17  25  
  25 -16   5  
  -3 -19  23  
   2  29   7  
   5 -29   7  
   2   3  30  
  24 -13  13  
  -6 -15  25  
  20 -21   7  
  22 -10  18  
   9  16  24  
 -14   5  26  
  25 -17   1  
  -8  29   1  
   1  -1  30  
  13   8  26  
  12  27   4  
   0 -17  25  
  -7 -27  11  
   7  -8  28  
  15  17  20  
 -23  15  12  
  -2  19  23  
 -19 -18  15  
   4  26  14  
 -25 -15   6  
  17  11  22  
 -17  22  11  
 -12  27   6  
  -4  16  25  
 -23  13  14  
  14  23  13  
   0 -28  11  
 -24  15  10  
 -13 -11  25  
 -28  11   1  
  17  19  16  
   3   1  30  
  24  15  10  
  -3   1  30  
   6 -27  11  
