 -94  84   8  
  -1 -86  93  
 -79 -76  63  
 -94  50  68  
  78  50  86  
  84  94   7  
 -38 -90  80  
 -26 -78  96  
  57 -87  72  
 -87  64  66  
 -92 -74  46  
  87 -71  58  
  71  80  68  
  59 -64  92  
 -85 -18  92  
 -88  47  78  
  81  -8  97  
  84 -39  86  
 -75  77  67  
  75 -75  69  
  74  51  89  
  92 -16  85  
  75 -99  25  
  98 -13  79  
  93  25  82  
  82 -96  10  
 -96  45  69  
  66 -75  78  
 -86 -40  84  
 -91 -40  78  
 -80  52  83  
  88  57  71  
 -95 -25  80  
 -85 -69  63  
  -1 -93  86  
 -88  87  26  
 -52 -94  67  
  99 -56  55  
 -89 -90   3  
 -97 -81   8  
 -74 -91  47  
 100  76  14  
 -92  -5  87  
  22 -93  83  
  76  89  48  
 -41 -87  82  
 -93 -86   2  
  62  64  90  
  86 -75  55  
 -80 -93  31  
 -71 -74  74  
 -79 -24  96  
 -87   5  92  
 -50  64  97  
 -66 -76  77  
 -94  27  80  
 -30 -84  90  
  41 -84  85  
  99  67  41  
  56 -73  87  
 -13  81  96  
  21  96  80  
 -96 -31  76  
 -92  72  49  
  97 -38  72  
  60  88  68  
  83 -92  25  
 -98 -72  34  
 -82  54  80  
 100  24  74  
  62  76  80  
  93  76  39  
 -19 -88  89  
  89  90   0  
 -68  93  52  
 -45  98  66  
 -26 -76  98  
  53  89  73  
  92  25  83  
 -61 -92  62  
  85 -23  91  
  -4 -98  80  
  98  18  78  
  99   1  79  
 -62  78  78  
  47  80  86  
  89 -90   5  
 -78 -82  57  
 -37  68 100  
  68 -57  90  
 -77   4 100  
  91  21  85  
  88 -90  10  
 -34 -92  80  
  84 -82  47  
  31 -79  94  
 -26 -88  87  
 -44 -67  98  
 -78  44  89  
 -55  96  61  
  89  75  49  
 -73  93  45  
  99  79   3  
  73 -72  74  
 -50  96  65  
 -71  97  39  
 -10  93  85  
 -83  50  81  
  86  78  50  
  69 -90  56  
 -84 -85  42  
 -79 -91  38  
 -84 -39  86  
 -85 -93  13  
  -4 -89  90  
  46 -64  99  
   3  89  90  
  76  96  31  
 -81  78  58  
  70 -39  98  
 -75 -70  74  
  75 -23  99  
 -87  35  85  
  56 -72  88  
 -58 -88  70  
  -1 -87  92  
 -45 -90  77  
  -2 -85  94  
  57 -53 100  
  93  26  82  
 -100  29  72  
  61  69  87  
 -89  56  70  
  82 -66  70  
  75  85  56  
 -60 -63  92  
  59  56  97  
 -78 -17  98  
  31 -99  72  
 -38 -98  70  
  99 -64  46  
  58  70  88  
 -99 -13  78  
  63  95  55  
  65  90  61  
  75  78  66  
 -80  23  95  
 -25  76  98  
  78 -43  90  
  54  82  80  
  79  93  33  
 -90 -82  35  
  79 -49  86  
 -31  76  96  
 -77  81  59  
  81  97   5  
  94 -18  83  
 -96   6  82  
 -66 -49  96  
 -22  92  84  
 -89  90   3  
  82  82  51  
  54 -89  72  
 -80 -97  14  
   2 -80  98  
 -82 -86  43  
 -72 -82  64  
 -94  35  77  
 -64  70  84  
  95  80  24  
  69  51  93  
  24 -94  81  
  83  22  93  
 -93  68  52  
 -53 -85  77  
 -34  75  96  
  70  48  94  
  92  83  26  
  73 -51  90  
  80  62  76  
 -77 -75  67  
  48  86  79  
  85  94   0  
 -57 -90  68  
 -66 -58  91  
  42  78  90  
 -64  92  59  
 -76  91  44  
  41 -91  78  
  98 -60  53  
  85  86  38  
 -58  88  70  
  96 -66  49  
  78  94  33  
  81  45  86  
 -83 -81  50  
  55 -92  67  
  37 -76  94  
  64 -93  57  
  -2 -99  79  
  98  47  65  
 100 -57  53  
 -70  65  83  
  80 -19  96  
 100 -66  40  
 -81   7  97  
  89 -41  80  
  41  81  88  
 -96   4  82  
 -38  77  93  
  86  83  41  
  70  73  76  
  98 -80   1  
  63 -87  67  
 -63 -91  61  
  77  15  99  
  60  74  83  
 -93  55  66  
 -47  82  84  
  57  60  96  
 -77 -36  94  
  80  50  84  
  99 -76  22  
 -35  83  89  
  64 -48  98  
  45 -88  79  
 -20  80  96  
  37 -75  95  
 -95  52  65  
  76  73  70  
  72 -88  55  
  44 -84  84  
  54  93  67  
 -77 -21  98  
  95  40  73  
 -74 -59  84  
 -39 -67 100  
  81 -95  19  
  90 -89   2  
  23 -75  99  
  95  65  53  
 -91  13  87  
  58 -80  79  
 -88 -30  86  
 -97 -56  59  
 -54  95  64  
  89 -46  77  
  94  70  47  
 -96  82  10  
  99  65  45  
  61  72  84  
  -5 -90  89  
  81 -14  96  
  43  64 100  
 -30  99  73  
 -73  71  75  
 -73 -89  53  
 -84 -79  52  
  76 -95  34  
 -75  98  28  
 -69  98  40  
 -91 -21  85  
  94 -79  31  
  62 -94  58  
  77 -40  92  
  78  16  98  
  -6 -95  83  
  90 -77  44  
  99  26  74  
 -73  60  84  
 -18  83  94  
 -94  82  20  
 -84  50  80  
  87 -92   4  
 -63  61  91  
  82   6  96  
 -44  65  99  
  89  90   4  
  89  -1  90  
  87  87  29  
 -79  79  59  
 -89  88  19  
  26 -100  73  
 -84 -71  62  
 -84 -90  29  
 -95 -21  81  
  59 -87  70  
  82  80  54  
 -79 -81  57  
 -26  92  83  
 -98  64  48  
  93 -74  43  
  87 -13  91  
  25 -100  73  
  30  80  93  
 -61  81  76  
 -62 -76  80  
 -96  74  36  
  95  65  52  
 -18  97  79  
