 -43 -26  27  
 -20  49  21  
  38 -38  19  
  21 -47  25  
  28 -45  21  
  -7  42  38  
  33 -42  20  
  23  37  37  
   9  13  55  
  46  16  30  
   1  56  10  
  43  35  14  
 -55  -2  15  
 -47 -31  10  
  10  53  19  
  45  14  32  
 -48  25  18  
 -35 -28  35  
  45 -32  14  
 -39  41   6  
  36  42  14  
  25  11  50  
  42  24  30  
  -6  41  39  
 -19  29  45  
 -55  14   5  
  28 -47  16  
 -56  -8   7  
  33  46   6  
 -55   3  14  
  28  49   6  
  51 -12  23  
  -3  57   3  
  28  46  19  
 -35 -42  16  
 -21  24  47  
 -28 -34  36  
  33 -44  14  
  -4  33  46  
  14  53  15  
   1 -57   1  
 -45 -28  21  
  48 -30   7  
 -31  18  44  
  56  -9   2  
   4  17  54  
   4 -25  51  
 -14  -5  55  
   4  38  42  
 -12  31  46  
 -17  49  24  
 -22 -50  17  
 -50   2  27  
 -16 -39  38  
  35  22  39  
 -40  24  33  
  54 -12  13  
 -39  -7  41  
  12  49  26  
 -43  -2  37  
 -23   1  52  
 -26 -50  10  
  -5  39  41  
  23 -23  47  
   5 -36  44  
 -46  -7  33  
 -14  -3  55  
 -31 -16  45  
  36  13  42  
  37 -11  42  
  24  -9  51  
  27 -12  49  
 -40  29  28  
  -3 -57   2  
  21 -52  10  
  -9  50  26  
 -15 -11  54  
 -31  48   3  
  10  -4  56  
  -8  55  12  
  24  39  34  
  34  38  25  
  -3  57   1  
   3  51  25  
   0 -34  46  
  20  44  30  
  -8 -56   5  
 -23  35  39  
  32  46  11  
 -56 -11   3  
 -37  32  29  
 -13 -13  54  
  22  43  30  
 -34  33  32  
 -17 -13  53  
  -5 -10  56  
 -46 -24  24  
  36  44   2  
  54  18   2  
 -15 -52  18  
 -19  36  40  
  36 -26  36  
   5   9  56  
 -25 -29  42  
  47 -31   9  
  27  42  28  
 -36 -27  35  
 -39 -36  21  
   1 -57   5  
 -47 -25  21  
  -5 -56   9  
 -13 -52  19  
 -12 -49  26  
 -36  28  34  
 -33  22  41  
  53 -16  13  
  26  46  21  
  55  -4  14  
  39 -41   5  
 -51   1  25  
  18  28  46  
 -45  -9  34  
  22  30  43  
 -40 -39  12  
  11 -47  30  
 -24 -46  23  
  26  16  48  
  50  24  14  
  44 -30  21  
 -56  -7   7  
 -21  -1  53  
 -52  22   6  
 -42  32  21  
 -43 -37   2  
 -34 -27  37  
 -22 -50  16  
 -38  42   8  
 -26 -34  38  
   3  50  27  
  -9  35  44  
 -29   0  49  
 -46  15  30  
 -51   7  24  
 -14  26  49  
 -23  24  46  
  44 -36   4  
 -33  33  33  
 -44  15  33  
  40 -28  29  
  22  19  49  
 -10 -10  55  
 -12 -25  50  
  -7  41  39  
  10  -6  56  
 -40 -38  14  
 -47  22  23  
 -50   3  27  
 -49 -27  11  
 -41  35  19  
  29 -39  30  
  16  49  24  
 -24 -35  38  
 -12 -18  53  
  47 -23  23  
 -54   8  17  
 -37 -28  33  
 -42  28  27  
  26 -16  48  
 -28 -49   9  
  51  -3  25  
   6  28  49  
  12  48  28  
  42  25  29  
 -15 -45  32  
   1  57   1  
  -9 -15  54  
 -40 -37  16  
  41  35  18  
  40  19  36  
  31  33  35  
 -11 -36  43  
 -23 -52   4  
  22 -29  44  
 -37 -43   6  
  51 -21  14  
 -36  11  43  
 -34   2  46  
 -28  49   7  
  14 -21  51  
 -36  24  37  
 -21 -48  22  
 -22  50  16  
 -50  -3  27  
  47 -32   4  
  55   9  11  
  54  -8  17  
 -24   8  51  
   2 -15  55  
 -54   6  17  
 -19 -37  39  
  -5 -42  38  
 -18  47  27  
  33  46   7  
 -10  25  50  
 -35 -29  34  
 -47 -32   5  
 -34  -7  45  
 -16 -22  50  
  11 -56   4  
  20 -13  52  
 -26  17  48  
 -40  11  39  
 -13 -54  12  
 -15 -49  25  
  56   5   8  
 -51  24   8  
  55 -14   7  
 -33 -43  17  
 -26  42  28  
 -54   5  18  
 -23  23  47  
 -14 -23  50  
 -32  10  46  
  40  38  14  
  30  39  29  
  27 -10  49  
  -3 -18  54  
  10 -56   1  
  19   9  53  
  32  47   0  
  29 -43  24  
  22 -48  22  
 -48  -7  30  
   5 -47  32  
   5 -43  37  
  43  34  15  
 -11  52  20  
   3 -56  11  
  20 -43  32  
  41  33  22  
 -23  52   4  
  -6 -22  52  
 -28  19  46  
  23  51  12  
 -24 -19  48  
  10  56   1  
  29  17  46  
   8 -51  24  
 -21 -17  50  
   7  42  38  
  -2  -9  56  
 -43 -35  13  
   6  13  55  
  -3  31  48  
 -52 -23   2  
   4  23  52  
  -8  -7  56  
 -33  18  43  
 -43  -3  37  
 -11 -55  10  
 -12 -45  33  
  26 -43  27  
  -4 -20  53  
 -25 -51   2  
 -18 -12  53  
 -27  28  42  
  27  50   5  
  54  13  13  
 -28   8  49  
 -48  29  11  
  27 -49  12  
   0   4  57  
  41 -38  10  
  46 -20  27  
 -18  15  52  
 -18  45  30  
 -49 -29   5  
  28  45  21  
  31 -26  40  
 -46 -24  23  
  16 -24  49  
  30 -24  42  
  20  23  48  
  11  11  55  
 -18 -54   3  
 -10 -39  40  
 -37 -29  32  
 -25  29  42  
  13  51  22  
 -20  13  52  
  31  47  10  
  -5   8  56  
 -41  15  37  
 -38   7  42  
  -4 -44  36  
 -17   6  54  
  -4  57   2  
  33 -46   8  
 -40  -5  40  
  30  43  22  
