  25   7  30  
  37   5  13  
  23  30  12  
  32   5  23  
  -3  24  31  
   5 -37  13  
  14  36   7  
 -29  14  23  
  -3 -31  24  
   9 -31  23  
  30  -7  25  
  -6  32  22  
 -21  10  32  
  -7  28  27  
 -36 -13  10  
  15  14  34  
   0 -35  18  
   0 -26  30  
 -21 -12  31  
  34   3  20  
 -26  28  10  
 -23 -20  25  
 -21  12  31  
  -5 -29  26  
 -38   5  10  
  22  25  21  
  38  11   3  
  38   1  11  
  16   1  36  
   3  38  11  
  32   3  23  
  12   7  37  
  37 -11   8  
 -22 -11  31  
 -22  32   7  
  22 -28  17  
  24   4  31  
 -27  24  16  
 -25  27  14  
  13  37   4  
 -35  -5  18  
 -14  12  35  
 -21 -33   6  
  22 -33   1  
  -4  36  16  
  24   6  31  
  31 -21  13  
  13  37   3  
  10 -32  21  
  33  15  16  
  16  15  33  
  19 -10  33  
  28  28   2  
  -4  -2  39  
  16 -35   9  
  31 -10  22  
 -10  -9  37  
 -32  20  11  
  27 -12  26  
 -30 -14  22  
  13  35  13  
  30 -21  15  
 -31 -24   2  
 -21   4  33  
  33 -16  15  
  -7  38   8  
 -20 -34   3  
  21 -31  12  
  33 -21   7  
  16  36   0  
 -16 -28  23  
 -28 -27   6  
 -15  36   7  
  13 -26  27  
  15 -30  21  
 -28 -25  13  
 -38  10   2  
  16  31  19  
  33 -14  16  
  37  -6  13  
 -15  13  34  
  27  13  26  
  31  15  19  
  20  24  24  
  -2  -6  39  
   4  23  32  
  17 -26  24  
  18   5  35  
  10  32  21  
  12 -31  21  
 -35 -17   8  
 -28  16  23  
   5 -10  38  
  31   4  24  
  34  14  14  
 -34  -7  19  
 -34 -18   8  
 -26  22  20  
 -26  29   6  
 -38   6  10  
  26  21  21  
  33 -21   6  
  26 -27  12  
  19  28  20  
 -11  30  23  
 -28 -25  12  
   3  -5  39  
  38  -9   4  
   6  37  12  
 -30 -25   7  
  21  28  18  
  39   1   6  
 -26  16  25  
  -6  29  26  
  21  21  26  
   5 -39   1  
 -38  11   1  
   2 -35  18  
  -2  39   5  
 -13 -35  13  
  13  37   6  
 -39   7   1  
  36   8  14  
  -3  31  24  
   1 -18  35  
  -9  32  21  
  35 -18   2  
  18  31  16  
 -21 -32  10  
 -24   2  31  
   7 -39   2  
   1  38  10  
   5  35  18  
 -30  -5  25  
 -10 -34  18  
 -33  -2  22  
  22 -13  30  
 -12 -11  36  
 -19   5  34  
  12  20  32  
  20 -23  25  
   7 -22  32  
  23  31   9  
  10  -4  38  
 -17  22  28  
  31 -12  21  
  -1 -11  38  
   2  38  11  
  -2  39   4  
  35   8  16  
  31  16  18  
  -6 -38  10  
  24 -20  24  
  37  13   3  
  38 -10   2  
 -13 -17  33  
   9  31  23  
  17 -21  29  
 -13  37   5  
 -23  32   1  
  18  12  33  
 -17 -30  19  
 -19  25  24  
 -31 -24   5  
 -33  -4  21  
 -25  19  24  
 -26 -10  28  
 -38  -4   9  
  11  34  17  
 -39  -5   4  
   4  21  33  
 -15 -13  34  
  38   4  10  
 -13 -22  30  
 -31 -11  22  
  27  15  25  
 -23  31   8  
  10   6  38  
  -6  33  21  
  33  -6  21  
  24  26  17  
  39  -6   3  
  10  10  37  
 -33   1  22  
  26  19  23  
  23  11  30  
   9 -37  10  
  24  26  18  
  35   9  16  
  28  16  23  
 -35 -11  15  
  39  -5   4  
  -9  37  11  
 -14  11  35  
 -25  29  10  
  -6 -36  15  
 -16 -14  33  
   9  21  32  
 -22  -6  32  
  22  27  19  
  -1 -39   5  
  27  21  20  
 -11  -9  37  
  33 -18  12  
 -17 -29  21  
 -30 -23  11  
  -5  -5  39  
 -24  19  25  
  34  19   5  
 -34  -8  18  
 -23   8  31  
  28 -20  19  
  34  19   6  
  14  -7  36  
 -38   4  10  
  16 -34  12  
 -35   1  18  
  25  29   9  
 -25  26  16  
  28 -22  17  
   7 -35  17  
  -6 -10  38  
  16  -1  36  
 -38  -3  11  
  -5 -38   9  
 -15  36   6  
   5  36  15  
 -38  10   3  
 -28  14  24  
   3 -34  20  
 -20 -34   1  
  38   5   9  
 -17  35   7  
  26  13  27  
  23 -20  25  
  -7   1  39  
  15 -36   6  
 -17 -22  28  
 -12  32  20  
  31  -6  24  
 -35 -17   7  
  14  37   2  
  10 -34  17  
 -17 -35   8  
  22 -26  20  
 -27  23  17  
 -31   3  24  
 -31  10  22  
  38  10   0  
  39   7   3  
 -25 -15  27  
 -19  24  25  
   0 -37  14  
   2 -34  20  
  17  29  21  
  32 -11  20  
   7 -39   1  
 -13 -37   2  
  27 -24  16  
 -21   7  33  
  -2  11  38  
   8 -38   7  
  11 -36  12  
  11  38   0  
   1  18  35  
  32 -18  15  
 -18  35   1  
  -6 -39   1  
  29  12  24  
  22  33   1  
 -33  -8  20  
  14  -9  36  
  -9  29  25  
 -23 -32   5  
  19  10  33  
  31 -14  20  
 -25  29   9  
  -4  38  10  
  14 -33  17  
 -13  10  36  
 -15 -11  35  
  24  10  30  
 -33  -1  22  
   6   4  39  
  12  28  25  
  32 -21  10  
 -23 -21  24  
  26  10  28  
 -33 -20   9  
   3  14  37  
  15  13  34  
 -17 -33  13  
 -25  12  28  
 -29 -26   6  
  35  17   8  
  39   1   5  
 -29   1  27  
 -25  30   6  
 -13 -28  25  
   0 -39   5  
