   8   2   9  
   7  10   0  
 -10   5   4  
  -8   9   1  
   7 -10   0  
   5  11   2  
  11   2   5  
  12   0   0  
  -4  -5  10  
  10  -3   6  
   5 -10   5  
  -5  11   1  
  -8   6   7  
  -3 -11   4  
   9   8   1  
  -2   9   8  
   0 -10   7  
  -3  10   6  
   9   8   0  
   7   3   9  
   1  11   5  
  -1   1  12  
 -10   6   3  
   9   6   5  
   3   6  10  
   2 -11   5  
  -8   1   9  
   2   1  12  
 -11  -1   5  
   3   7   9  
  -2  -1  12  
  -7  -3   9  
   4   9   7  
  -5   0  11  
   3  -9   7  
  -6   9   5  
   8  -6   7  
  -7  -8   6  
  -7  -7   7  
 -10   0   7  
  -4  -3  11  
   5   2  11  
  -1 -12   1  
  -7   0  10  
  -6   8   7  
   7  -7   7  
  -4   8   8  
   7  -9   3  
  10   6   2  
  -2 -10   6  
   0  10   7  
  -4   2  11  
   8   0   9  
  -7  -9   4  
  -7   9   3  
 -12   0   2  
   9  -7   4  
   5   0  11  
   3  -6  10  
   9  -8   2  
  -1 -12   2  
  -3  -3  11  
  -1 -11   5  
  -1  12   1  
  -9   7   4  
   7   1  10  
  -9   3   7  
  11  -3   3  
   7  -3   9  
 -10   2   6  
  11  -3   4  
  -8   2   9  
 -11  -4   2  
   8   4   8  
  -6  10   3  
 -12   2   1  
   2 -10   6  
   7  -4   9  
   8  -9   0  
   1   0  12  
  -9  -6   5  
   0 -12   1  
  -9   5   6  
   5 -11   0  
   5  10   5  
  -7   7   7  
  10   4   5  
  -2   8   9  
   5  11   0  
   7   9   3  
   3  -7   9  
  -6  -5   9  
  -9  -2   8  
  -3 -11   3  
  -6  -2  10  
 -10   3   6  
   6   9   5  
  -7 -10   1  
  -5  -2  11  
 -11   2   5  
   9   3   7  
  -8  -6   7  
  -3  11   4  
  -2   6  10  
  -2  10   6  
   9   2   8  
  -1  -8   9  
   9  -8   1  
  12   2   0  
   2   0  12  
   7   8   6  
   3   4  11  
  -2   1  12  
  -9   8   2  
  -5   2  11  
  10  -6   3  
  -5  10   4  
   5   4  10  
  -8  -4   8  
   6 -10   3  
  -2   5  11  
 -11   4   3  
 -12   1   1  
   2  -6  10  
   2  -9   8  
  11   3   4  
  11   5   2  
   4  10   5  
   2   4  11  
   9   5   6  
   1  -8   9  
  -8  -9   2  
  10   5   4  
  -5  -5  10  
  11  -1   5  
 -11   3   3  
   4   7   9  
  11   2   4  
  -8   7   6  
   0   0  12  
   1   9   8  
  -1  -2  12  
   2  -5  11  
   5  10   4  
  -2  11   4  
  -6  -8   7  
  -3   6  10  
   1 -12   0  
   3  10   6  
  -1  12   2  
  -1  -9   8  
   3 -10   6  
   9   8   2  
   9   4   7  
   5  -9   6  
   5  -4  10  
  -3  -4  11  
  -7   1  10  
   1  12   0  
   0  -1  12  
  -5  10   5  
   8   1   9  
  -4  -8   8  
   0  -5  11  
   8  -7   6  
  -2   0  12  
  -6  10   2  
   0   1  12  
  -7   6   8  
 -10  -4   5  
  12   1   2  
  10  -5   5  
   1   5  11  
   2 -11   4  
   0  -7  10  
  -2  11   5  
  -3 -10   6  
  -3   9   7  
   5 -10   4  
  -2  12   1  
  10   6   3  
   2  12   1  
   8  -2   9  
  -3  -9   7  
  10   7   0  
  -1   8   9  
  -4 -10   5  
   7   6   8  
 -11   0   5  
  12   0   1  
   9  -7   3  
 -10   7   1  
  -4  11   2  
  -3   3  11  
  12  -1   2  
  -9  -4   7  
   4  11   2  
   2 -12   1  
  11   5   1  
   6  -9   5  
  -1   5  11  
 -11   3   4  
  11  -4   3  
  -5   5  10  
   1  10   7  
 -12  -1   1  
   6  10   2  
  -4   7   9  
   8  -1   9  
 -10  -3   6  
   6  -2  10  
  -5 -10   5  
 -10  -2   6  
  -5 -11   1  
  10  -5   4  
 -10  -6   2  
   4   2  11  
   4  -7   9  
   5  -1  11  
   9  -3   7  
   7  -9   4  
  -8  -9   1  
  -5   4  10  
  -2  -4  11  
  -1 -10   7  
  -1   2  12  
  -5   1  11  
  -5   6   9  
   1 -11   5  
  12  -2   1  
   4 -11   2  
   5   6   9  
  -9   7   3  
   4 -10   5  
   8  -9   1  
   8   9   2  
   0   2  12  
   1  -2  12  
  11  -5   2  
  12   2   1  
  11   4   2  
  -2  -8   9  
   7   4   9  
  -3  11   3  
 -11  -4   3  
   5   1  11  
  -4   5  10  
   4 -11   3  
   0 -12   2  
   1  12   1  
  -1   7  10  
  11   4   3  
   6   2  10  
   4   5  10  
   1  -7  10  
   3  11   3  
   2  -4  11  
   5 -11   1  
  -2  -6  10  
 -11  -5   2  
  10  -4   5  
   2  -8   9  
 -11  -5   1  
  10  -1   7  
  -3   7   9  
 -11   5   1  
  -8   9   2  
   1 -12   2  
 -10   4   5  
   2   6  10  
   5 -11   2  
   3   3  11  
   4  -8   8  
   4  -9   7  
   8  -9   2  
   5   5  10  
  10   5   5  
   1  12   2  
   0  -8   9  
   1   8   9  
   7   9   4  
   4  -3  11  
  10   0   7  
   5  -5  10  
 -12  -2   1  
   4   8   8  
  12   1   1  
   1 -10   7  
 -11  -3   4  
  -6   7   8  
  -7   4   9  
  -9   1   8  
  -4 -11   3  
   0  12   2  
   4  11   3  
   4  -2  11  
   1 -12   1  
  -2 -11   5  
   9  -6   5  
   0  -9   8  
