 -25 -31  17  
 -12  28  31  
 -14  20  36  
 -39  10  17  
   6  -4  43  
  23 -25  27  
   8 -23  36  
  -6 -22  37  
 -43   6   1  
   3  14  41  
  25  23  27  
  28 -27  19  
  16 -20  35  
 -38  13  17  
 -11 -39  16  
 -31 -24  19  
 -32  -5  29  
  36  21  12  
  -9  35  24  
  42   0  12  
  26 -30  18  
  24  27  24  
  -1  21  38  
  27 -22  26  
 -24  26  25  
 -29   6  32  
 -39  18   8  
  -5  43   4  
 -28  24  23  
   0  11  42  
  17  20  35  
 -10 -22  36  
  41  13   7  
  11   4  42  
  35 -23  12  
   1  23  37  
 -33 -17  23  
 -14  27  31  
  25   5  35  
  31   7  30  
   7 -41  13  
 -36  -8  23  
 -32  28   8  
 -42 -11   2  
  28  24  23  
 -16  -5  40  
 -13  41   5  
  10  42   3  
 -41 -12   7  
  23  14  34  
  17  40   1  
  30   4  31  
 -22 -36  11  
 -39 -19   2  
  -9 -38  19  
 -34  18  20  
  -9 -34  26  
  24  24  27  
  29  32   3  
  31  29  10  
  12  27  32  
  32  -7  29  
  27 -30  16  
  37  19  12  
  33 -24  15  
  34 -14  23  
   4  36  24  
 -35   6  25  
 -26 -27  22  
 -14   6  41  
  26 -23  26  
 -17 -34  21  
  25  11  34  
  17  37  16  
  28 -28  18  
  -7  36  23  
 -11 -41  10  
 -39  19   1  
 -36 -16  19  
  27  34   2  
 -10 -41  10  
 -27 -33   8  
  37  -3  23  
   7 -42   8  
 -27   2  34  
  34  19  19  
 -42 -12   2  
  21  35  15  
   4  37  23  
   9 -30  30  
  -7 -41  13  
   2  34  27  
  -9  12  41  
  14  27  31  
   8  33  27  
   3 -39  19  
  -5  16  40  
  27 -21  27  
 -42   9   8  
 -23  -4  37  
  -1 -11  42  
 -43   0   8  
 -12  15  39  
  21 -32  21  
  38 -10  19  
  36  24   3  
   3  -5  43  
  26  29  19  
  42  10   3  
  25  18  31  
 -35 -17  20  
  -4 -17  40  
  40  -9  14  
 -12 -41   7  
  43   3   5  
 -43   5   2  
 -17  10  39  
  33  27   8  
  -5 -11  42  
  33  28   5  
  17  -2  40  
 -25  17  31  
   4  21  38  
 -34  -9  26  
 -23  33  17  
 -26  26  23  
  -4  37  23  
  42   3  10  
  16 -37  16  
 -32 -25  15  
 -19  36  15  
 -27  26  22  
  13   8  41  
 -28  -4  33  
  37 -19  12  
   3 -19  39  
  24  -5  36  
  -8 -38  20  
 -30  14  28  
  23  33  17  
  43   4   7  
  14  -6  41  
  13   6  41  
   6  32  29  
 -40  -4  16  
   6   9  42  
  27  29  18  
  27  34   4  
 -23  25  27  
 -29  19  26  
   1  21  38  
 -38  18  11  
 -14 -23  34  
 -18  12  38  
 -22 -23  30  
 -32  24  17  
  36 -21  13  
 -10  37  21  
   3 -27  34  
  15 -37  17  
 -37 -13  19  
  13  -8  41  
   2  41  14  
 -36 -23   8  
 -16  14  38  
 -18 -39   8  
  17 -12  38  
 -13 -31  28  
   2 -26  35  
  29  -7  32  
  25 -32  15  
  23 -33  16  
 -24  17  32  
 -12  17  38  
  21   4  38  
   6 -10  42  
 -19  25  30  
 -25   6  35  
  29  -4  32  
   6  25  35  
   8 -33  27  
  -5 -42  10  
  22 -33  18  
 -34 -25  11  
  -8 -18  39  
  10  -3  42  
  19   9  38  
  39  19   2  
 -27  21  27  
  20 -35  16  
  12  26  33  
 -41   6  14  
   3  -4  43  
 -15   0  41  
  42 -10   3  
  28  10  32  
 -36  -7  23  
 -11 -25  34  
   5 -32  29  
 -24  20  30  
  28  18  28  
 -35   9  24  
  25 -32  16  
 -36   0  24  
 -37  -2  23  
 -26  30  18  
 -35  -2  26  
 -27   9  33  
  32  24  17  
  19  34  19  
   3  32  29  
  10  11  41  
  38 -15  15  
 -38   4  21  
  -6  42   9  
 -25  35   6  
 -15  29  29  
 -37  16  16  
  -5  19  39  
  28   6  33  
  18 -11  38  
 -13 -35  22  
 -11 -18  38  
  40  12  12  
  43   2   7  
 -29  32   7  
  22  36  11  
 -18 -29  27  
  -1  14  41  
  41  14   6  
 -33  16  23  
   2 -11  42  
  33  15  24  
 -39  19   2  
  17  13  38  
  27  31  14  
   1  -7  43  
 -37  23   1  
 -35 -11  23  
   0 -37  23  
   0  -5  43  
  18  -7  39  
 -33  26  11  
 -26 -32  14  
  31 -23  20  
  35 -14  22  
   2  11  42  
  36  24   1  
 -43   1   6  
   8 -43   1  
 -37 -23   3  
  24 -13  34  
 -27  28  19  
  34 -17  21  
 -43  -6   2  
 -16  39  11  
  29 -22  24  
 -19 -28  27  
 -23   8  36  
 -38  20   8  
 -34  19  19  
   4  43   6  
  18 -38  12  
  39 -19   1  
 -15 -37  17  
  18  22  33  
 -17 -38  13  
 -41  -5  14  
  18 -16  36  
  -4  11  42  
  31  29   9  
  36   1  24  
 -22 -30  23  
  26   8  34  
 -39  -8  17  
  43   0   7  
  29  30  12  
   5  28  33  
  18 -38  11  
 -27  14  31  
  21  -3  38  
 -20 -34  18  
  -6   0  43  
  18  11  38  
 -23 -34  15  
  18 -39   6  
  -1  19  39  
 -32  18  23  
  35  24   9  
  29  29  14  
   7  18  39  
  10  37  21  
  42 -10   4  
  14  34  23  
  -7 -43   3  
  10 -32  28  
 -26  34   8  
 -23  -2  37  
   4  10  42  
  -5 -31  30  
