  86  90  65  
 -88  96  53  
  88  95  55  
  66 -95  80  
 -88  88  65  
  93 -73  76  
  96 -86  56  
  90  47  97  
 -76 -65  99  
  76 -86  81  
  99  57  82  
 -96  60  83  
 -95 -78  68  
   9  99  99  
 -91 -98  43  
 -95  82  63  
 -94 -47  93  
  41  98  92  
  93  70  79  
  64  90  87  
  92  64  85  
 -88  99  47  
  71  88  83  
 -95  99  31  
  61 -90  89  
 -53  89  95  
 -87 -76  80  
 -85  90  66  
 -83  60  96  
  68  79  94  
  50 -93  93  
 -24 -96 100  
 -100 -78  60  
  93 -64  84  
  82  86  75  
  91  87  62  
  99   1 100  
  44  95  94  
 -93 100  32  
 -84 -90  68  
  73  88  82  
  94  56  88  
 -70 -75  96  
 -98 -90  45  
  83 -85  75  
 -47  98  89  
 -98  99  19  
 -82 -82  79  
  87 -79  77  
 -62  94  84  
  86 -98  52  
 -90 -80  72  
 -100 -95  28  
 -67  98  75  
  41  92  98  
 -98 -99  18  
 -68  72 100  
  79  91  72  
 -70 -80  92  
 -97 -68  76  
 -95 -51  90  
 -96  46  92  
  44 -100  88  
  97 -91  46  
 100 -85  50  
 -83  71  88  
  13  99  99  
  22 -98  98  
 -36 -100  92  
  83 -86  74  
  89 -42 100  
  69  87  86  
 -89  67  86  
 -92  94  49  
 -76  66  98  
 -100 -30  94  
  58 -86  95  
  85  90  66  
  72  93  77  
 -77 -87  79  
 -89  61  90  
  78 -79  86  
  61 -89  90  
  98 -98  23  
  97 -100  18  
 -72  76  94  
  86  80  77  
  87 -91  62  
 -99  97  22  
 -66  84  91  
 -69 -75  97  
 -99 -72  69  
  83  60  96  
 -95  51  90  
  90  92  56  
 -89  98  47  
  96 -41  94  
 -10 -100  98  
  62  83  95  
 -82 -67  92  
  82 -96  62  
 -91  89  59  
  97  27  98  
 -83 -54 100  
 -92 -62  86  
  83 -63  94  
  12  99  99  
 -91  58  90  
  -2 -99 100  
  78  90  75  
 -98 100   9  
  36 -100  92  
 -73  82  88  
 -45  92  96  
  97  69  75  
 -65  74 100  
 -98 -94  36  
  76  96  69  
 -79 -72  91  
 -80 -61  98  
 -100  95  27  
 -87 -96  54  
   2 -100  99  
  83  53 100  
 100  87  47  
 -84 -83  76  
  96 -98  31  
  89  55  94  
 -53  98  86  
  74 -82  87  
  78  88  77  
  58  91  90  
  73  95  73  
 -86  53  98  
 -74  86  83  
  90 -69  83  
 -90  60  90  
  92  41  98  
  86  77  80  
  64  78  98  
 -78 -69  94  
 -93 -100  33  
 -90 -93  55  
  36 -98  94  
  66  95  80  
  94  98  37  
  57 -81 100  
  98 -94  37  
  91 -55  92  
  22 -99  97  
  88  86  68  
  97  85  56  
 -89 -42 100  
 -100 -17  97  
 -86  98  52  
  75  85  83  
  65 -76  99  
  76  64  99  
 -100  38  91  
  20 -100  97  
  82 -88  73  
  99 -36  93  
  80 -68  93  
 100  35  92  
 -89 -59  91  
  92 -84  65  
  58 -92  89  
 -81 -76  86  
 -58 -92  89  
  93 -99  36  
 -87 -98  51  
 -90  58  91  
  87  90  64  
  48 -87  99  
  59 -97  83  
 -81 -56 100  
  95 -97  37  
 -87 -91  62  
  49 -98  88  
  89  45  99  
  73 -77  92  
  59  82  98  
  72  68 100  
 -68  85  89  
  98 -65  77  
  74 -96  71  
 -81 -92  69  
 -93  49  93  
 -56 -88  94  
 -92 -38  99  
 -96 -24 100  
 -46  92  96  
 -69  75  97  
  82  73  88  
  86 -76  81  
  95  45  93  
 -87  51  98  
  38  96  95  
  95 -64  81  
 -100  99   3  
 -47  94  93  
 100  92  36  
 -93  56  89  
  72  98  70  
  77 -69  95  
 -100 -45  88  
  56  85  97  
 -95 -83  62  
 -26 100  95  
  90 -49  96  
 -96  51  89  
 -98 100  12  
  95  99  30  
 -85 -66  90  
  99 -48  87  
  70  86  86  
 -96  80  64  
 -90  70  82  
  44 -88 100  
 -77 -88  78  
 -92 -73  77  
 -98   9 100  
  89  87  65  
 -94  53  90  
 -49  95  91  
 -73  94  75  
 -87 -56  95  
 -98 -91  43  
  59 -85  95  
 -51  95  90  
 -85 -73  85  
  80 -59  99  
 -71  96  74  
 -24  99  97  
 -96 -55  87  
  59  79 100  
  82 -78  83  
 -93 -77  72  
 -90 -66  85  
  70 100  70  
 -85 -56  97  
 -93 -92  51  
  73 -84  86  
  67 -74  99  
  95  98  34  
 -62  87  91  
  59 -84  96  
 -96  28  99  
  98 -27  97  
  76 -67  97  
 -92  96  46  
 -90 -99  43  
 -13 -99  99  
 -78  71  93  
  48 -96  91  
 -73  95  73  
  17  98  99  
 -77 -82  84  
  68 -94  79  
 -99 -86  51  
 -95  84  61  
 -79  89  75  
 -77  96  68  
 -62  85  93  
  75 -64 100  
 -77 -84  82  
  87  77  79  
 -61 -91  88  
  63 -84  93  
 -87 -97  52  
 -93  64  84  
  95  30  99  
 -58  85  96  
  79  98  62  
  96  57  85  
 -85  98  54  
  99 -100   3  
  62 -93  85  
 -98 -78  64  
 -55  93  90  
 -80 -100  58  
 -75 -83  85  
 -13 100  98  
  58  85  96  
 -94  90  53  
 -36 -96  96  
 -60 -80  99  
 -81  95  64  
  50  93  93  
 -87 -52  97  
  86  79  78  
   0  99 100  
  60  98  81  
 -57 -100  81  
  37  97  95  
 -38 -95  96  
 -64  98  78  
 -57 -99  82  
 -87 -92  61  
 -67  89  86  
