  95  51  26  
  81  39  65  
  67 -72  51  
  86 -58  40  
  62  -5  92  
 -27  93  54  
 -75 -62  53  
 -73 -66  51  
  97  19  50  
 -44  93  41  
 -25  74  79  
  87  -1  69  
 -99 -47  16  
  71 -78  34  
  -3 -78  79  
 -45  21  99  
  67  61  64  
 -29 100  38  
  62  73  56  
  21  74  80  
 -93  -2  61  
  36  67  81  
 -32 -55  91  
   8 -47 100  
  80 -53  56  
   5  62  92  
 -49 -96  27  
 100  48   7  
 -59 -68  65  
 -57 -57  76  
 -86 -24  66  
 -13 -51  98  
   2 -78  79  
  43  57  85  
  16  97  52  
  66  43  78  
  89  65  12  
  67 -88  10  
 -55  58  77  
 -24 -92  57  
  92 -61  11  
  90  -4  65  
  63 -90  16  
  41 -75  71  
  77   5  80  
  98  31  42  
 -69 -82  28  
  88  60  31  
 -20  60  91  
  45 -81  61  
 -91 -31  55  
 -73  39  74  
  64  58  70  
 -67 -31  83  
 -54  96  15  
  76   2  81  
 -78  78  14  
   8  99  49  
 -94 -32  50  
  82 -63  40  
  59  68  65  
 -47 -80  61  
 -96   5  55  
  97  50  19  
  80   2  77  
   0 -74  83  
 -21 -79  75  
  46 -82  59  
 -48  -4 100  
 -67  71  53  
 -43 -30  98  
  86 -67  22  
  66 -69  57  
  75 -24  78  
  37  60  86  
  80  28  72  
  55  96   5  
 -19  78  77  
 -69  14  86  
 -61 -61  70  
  80  77   5  
  33 -74  76  
  90 -36  54  
  79  48  61  
  45 -49  89  
  24 -50  96  
  58 -92  23  
 -53  96  16  
 -27  94  52  
  -5  97  54  
 -100 -46  16  
  58  58  75  
 -54  79  56  
  28  83  68  
  27 -79  73  
 -89 -11  65  
 -66  20  87  
 -86 -38  59  
  66 -53  72  
  12  53  97  
  89  65  14  
  81 -70  29  
  80 -38  67  
  42 -59  84  
  60  93   9  
  -7 -96  55  
 100   4  48  
  79  35  70  
  25  80  73  
   7 -84  72  
 -71 -77  36  
  88 -48  48  
 -65 -90   2  
 -69  86  12  
 -89 -37  55  
  73  77  33  
 -32  80  70  
  88 -46  50  
 -50  92  37  
  74 -81  17  
 -18 -69  85  
  37 -31 100  
  51 -56  81  
 -48 -100   4  
 -80  41  65  
  84 -44  58  
 -95   1  57  
  62  53  75  
  44 -75  69  
  43  94  41  
  38 -89  54  
  65 -87  24  
 -70  70  50  
 -91  63   9  
  20 -75  79  
  -7  54  97  
 -88 -64  23  
  78  -2  79  
 -83 -64  36  
 100 -29  39  
  79 -22  75  
  40  71  75  
 -93  55  25  
 -31  78  73  
  23  62  89  
  97 -22  49  
  78 -48  63  
  30 -100  37  
 -66 -88  16  
  30  91  56  
  83  64  36  
 -64  10  90  
  90 -65   7  
  55 -61  75  
 -52  84  51  
  84  15  71  
  87  50  48  
 -61  49  79  
  85 -61  37  
  88  28  62  
 -62  -3  92  
  99 -40  30  
  53  92  33  
 -88  66  16  
 -96  39  40  
 -79 -27  73  
 -44 -94  40  
 -76 -61  53  
  93 -17  58  
  29 -97  45  
 -77 -32  73  
  56  93  24  
   3 -69  87  
 -53  -7  97  
  87 -27  63  
  99  21  45  
  97  46  28  
 -90  52  39  
 -26 -82  70  
 -98  -4  52  
  58 -26  91  
  99 -46  21  
   3  69  87  
 -80 -44  63  
  22  73  81  
 -72 -35  77  
  65 -84  32  
 -94 -31  50  
  71  -7  85  
  53 -80  56  
  87  53  44  
 -55  88  39  
 -92 -24  57  
  19  94  56  
   6 -88  67  
  -3 -74  83  
  73 -80  24  
  19 -65  88  
 -29 -45  97  
 -68  81  33  
  21 -96  52  
  76 -65  48  
   6  86  70  
  60  93   6  
  80  63  44  
 -79  75  20  
 -79 -17  76  
  74 -81  16  
   1  57  95  
 -73  54  64  
  31 -78  73  
 -49 -91  41  
 -86   6  70  
  42 -56  86  
 -24 -93  56  
 -100 -44  19  
  98 -44  28  
  99 -28  42  
  58  93  18  
  47  50  87  
 -23  89  62  
 -29 -51  94  
 -95  46  34  
 -30 -76  75  
 -85 -71   7  
 -45 -23  99  
 -61  17  91  
 -33 -95  47  
 -18  69  85  
  81  71  27  
 -80 -76  12  
 -94  53  26  
 -97 -11  53  
 -23 -61  90  
  56 -33  90  
  77  78  19  
  72 -27  80  
  76 -54  60  
 -61  22  90  
  84  37  62  
 -80 -10  76  
  36 -89  56  
  88  19  65  
 -89  34  57  
  79   0  78  
 -79 -73  28  
 -78  77  17  
 -73 -58  60  
  71  85   6  
  61  66  65  
  17  89  64  
 -92  60  15  
  77 -73  32  
  42 -78  67  
 -30 -49  95  
  52 -68  71  
 -44 -80  63  
  95  53  23  
  70  73  46  
  10  61  92  
 -66  78  43  
  64  74  52  
 -87 -66  19  
  84 -48  54  
 -21 -96  52  
  56  81  51  
  96 -55  10  
  98  32  41  
  47  96  30  
 -63  15  90  
 -93 -50  34  
 -95  34  46  
  71  84  16  
 -54 -76  60  
  52 -13  97  
 -74  25  79  
 -78 -59  52  
 -74  70  44  
 -43 -36  96  
  69 -83  25  
  45  89  49  
  41  60  84  
 -54  39  89  
  71 -85  10  
  40 -75  71  
  99  13  48  
 -23  92  58  
 -33  76  74  
  65  75  50  
  42  24 100  
  76 -79  16  
  93  29  53  
  88  10  67  
  95 -57   2  
 -85  68  21  
  79  53  57  
 100  17  45  
  52   2  98  
 -66  68  58  
 -22  53  95  
