 -15 -17   6  
  -7  19  12  
 -12  -4  20  
  23   2   5  
  12  -7  19  
   7 -20  10  
 -18  -3  15  
   5 -23   1  
 -14  16  10  
 -19   1  14  
 -22   8   3  
  -1 -11  21  
   0 -16  17  
  20  -9   8  
  12  -4  20  
 -11 -14  15  
  18   8  13  
   7  22   3  
 -13 -14  14  
 -19  -2  14  
 -14   6  18  
 -17  16   3  
   3  18  15  
  13 -17  10  
  -1 -17  16  
 -17   6  15  
 -10   1  21  
  19  14   2  
  -9 -15  16  
  16 -17   0  
 -16  10  14  
   8   6  21  
 -14  14  13  
  10 -16  14  
  -6  16  16  
   5  23   2  
  20  10   7  
 -18  -2  15  
  -8   4  22  
  -3  21  10  
  -8  17  14  
  10  18  11  
   2  15  18  
 -22   3   8  
  -1  -8  22  
   2 -23   4  
 -11 -21   1  
  -6  20  11  
  19  -8  11  
  -9 -10  19  
  20  -6  11  
 -12  19   7  
   8 -22   4  
  -9  -6  21  
   5  23   1  
  23   4   4  
   2  -5  23  
 -13 -11  16  
  17  10  13  
  21  -9   6  
  17 -16   1  
  18  15   1  
   8 -20  10  
  -2  23   3  
  19 -13   4  
  23   4   0  
  12  17  11  
 -11  16  13  
  23   3   5  
 -19   0  14  
 -23  -1   4  
  16  14  10  
  -7 -10  20  
   7 -22   3  
  19  12   6  
  10  -8  20  
  15 -17   7  
 -16  16   7  
  -6 -16  16  
 -14 -18   5  
 -20   3  12  
   3  22   8  
 -11  15  14  
  23   5   0  
  18 -15   0  
  14 -19   1  
 -10 -20   7  
 -14  19   2  
  -3 -12  20  
  23  -3   5  
  13 -11  16  
  -2  12  20  
 -20  11   5  
 -17   0  16  
  -2  15  18  
  -9  15  16  
 -20   2  12  
  -8   1  22  
 -16  16   6  
  20 -12   1  
   4 -23   3  
 -16   7  16  
  -8  16  15  
  20 -12   0  
  10  21   2  
 -12  -2  20  
  16  -3  17  
  18 -15   2  
   3 -10  21  
   8   7  21  
 -17   4  16  
  -1  16  17  
  -8  -4  22  
   0   5  23  
   0 -15  18  
   6  21   8  
  -9  16  15  
   2 -14  19  
 -19   9  11  
  -7  18  13  
  -5 -18  14  
  -8  -9  20  
  11  18  10  
   8  18  13  
  -4 -20  12  
 -16  -9  15  
  -3 -16  17  
   7  10  20  
  16 -17   2  
   7 -12  19  
  -2 -23   4  
   2 -20  12  
  13  -7  18  
   0 -23   4  
 -10 -21   1  
 -16 -17   3  
  -1  19  14  
  20  -8   9  
 -14  10  16  
  12 -20   1  
   8  -7  21  
   3 -12  20  
 -10 -21   4  
  -4  13  19  
 -16  17   2  
 -12 -19   6  
 -14  19   1  
   5  -9  21  
 -11  -9  19  
 -22  -5   6  
  -7  10  20  
  14 -16  10  
 -18   5  14  
  -8 -21   7  
  20  -2  12  
  11  20   6  
  -6 -17  15  
 -13  14  14  
 -15   1  18  
  -7  22   3  
 -21  -8   7  
  16 -16   7  
  23  -2   4  
  10 -13  17  
 -17 -14   8  
  16  15   8  
  -3 -10  21  
 -14   8  17  
 -21   1  11  
  -3 -22   7  
 -22   4   7  
  -6  19  12  
 -15 -18   3  
  15 -16   9  
 -12  16  12  
  -1 -21  10  
  -1 -10  21  
  18   5  14  
 -17  12  11  
 -22  -6   6  
 -20  11   6  
 -11   0  21  
 -18 -11  10  
   2  23   3  
  10 -19   9  
   9   5  21  
 -21   6   9  
   7  13  18  
  -5 -13  19  
 -14  13  14  
 -23   2   3  
   2 -17  16  
   8 -22   0  
  10 -14  16  
   4  -4  23  
 -18   3  15  
  23   2   4  
   9  -9  20  
 -12  -9  18  
 -11  -8  19  
 -11  -6  20  
 -10  20   7  
   3  23   2  
   3  17  16  
  16  -2  17  
 -13 -16  11  
 -13   4  19  
  -1   8  22  
   8  13  18  
 -22  -4   7  
  18  15   3  
   9  10  19  
  19  -9  11  
 -23  -2   4  
 -21  -9   5  
  15 -18   0  
  18 -11  10  
 -10  -3  21  
  21  -8   7  
 -13 -19   5  
  16 -17   1  
   0  15  18  
  23  -4   4  
   9  20   8  
  -1  17  16  
 -16  -7  16  
  -4   3  23  
 -22   2   8  
 -15  18   2  
 -23  -4   1  
   8 -18  13  
  10   0  21  
   1 -19  14  
  -9 -20   8  
  -2  23   5  
  21  -4  10  
  12   9  18  
  13 -13  15  
 -19  11   9  
   5  -2  23  
   8 -22   2  
  10  -4  21  
  10  11  18  
   6 -15  17  
  -4 -17  16  
  -4 -21  10  
  19 -11   8  
  -6 -21   9  
  12  20   4  
  10 -15  15  
 -19  -9  10  
 -22  -4   8  
 -10 -18  11  
 -11 -17  12  
   6  -5  22  
  11 -21   0  
   2 -23   3  
  19   9  10  
 -18 -10  11  
  17   3  16  
  -2 -21  10  
 -15 -17   7  
   7 -22   5  
   1  21  10  
   8   4  22  
  -9   6  21  
  -4 -23   1  
   3   2  23  
  11 -21   1  
   3  23   3  
  -4  20  12  
  -3 -23   5  
  10   8  20  
  10  -7  20  
 -16 -15   9  
  18  -9  12  
  -2  -4  23  
  -3  -8  22  
  15  16   8  
 -19 -10   9  
 -22  -7   5  
 -17 -15   6  
  -8 -21   6  
   0   8  22  
  21   4  10  
  18 -10  11  
  10 -21   4  
  14 -17   8  
  -4  -2  23  
  20  12   2  
   3 -23   5  
 -13  19   5  
  15  -3  18  
  -3  -3  23  
  21 -11   1  
  10 -21   1  
 -16   2  17  
 -10 -17  13  
  -8  15  16  
  -6  -8  21  
