 -90  84  35  
  92 -12  88  
 -51 -95  69  
  94 -77  41  
 -28 -96  80  
 -47 -74  93  
  76 -65  80  
  26 -78  98  
  90  91   4  
 -85 -29  91  
  77 100  21  
  88 -92  15  
  85  17  94  
 -98  31  76  
  83   8  97  
 -15  81  98  
  95 -34  79  
 -80 -90  44  
  68 -83  70  
  81 -24  96  
  80  94  33  
 -86  94  12  
 -11 -95  85  
 -100 -78  18  
  63 -93  61  
 -77 -49  90  
  61 -62  94  
 -92 -20  87  
 -82   7  98  
  81 -98  13  
 -79  87  51  
 -12 -97  83  
  52  95  68  
  45 100  66  
 -87  17  92  
  81  62  77  
 -92 -51  73  
  30  78  97  
  36  99  73  
  34 -99  74  
 -62 -93  62  
 -36  86  88  
 -61 -92  65  
 -81 -91  39  
  76 -67  78  
 -73 -33 100  
   0  91  90  
 -92  71  54  
  98  -9  82  
  95 -82  26  
  36  71 100  
 -93  83  29  
  83  95  23  
  67 -46  99  
 -95 -85  10  
 -53 -81  84  
  81 -83  54  
  74 -93  47  
  64 -67  88  
 -100  35  72  
 -59 -65  93  
  22 -84  94  
  24 -79  98  
  82  70  69  
  42 -98  71  
  71  94  50  
 -76  93  44  
 -80  -1 100  
  45 -81  88  
 -74  99  34  
  78  64  79  
  87 -88  33  
 -100 -65  46  
 -60 -66  92  
  91  47  77  
  89 -84  38  
  61 -99  54  
  88  76  53  
 -99  81   7  
  -2  91  90  
  57 100  56  
 -75 -99  31  
  99  39  71  
  12  93  87  
 -86  12  94  
 -91 -67  60  
 -88 -86  35  
  98 -69  45  
 -93 -31  82  
 -85 -14  95  
  73 -56  89  
 -87 -30  89  
  73  54  90  
 -73  43  96  
 -85 -92  27  
  90  -5  91  
  84  91  32  
 -75 -58  86  
  80  87  49  
 -33  95  79  
 -80 -88  47  
 -75 -59  85  
 -86 -93  19  
  77  90  49  
 -97  50  67  
  98  24  79  
 -100  50  62  
   6  99  81  
 -93 -12  87  
  88  91  20  
  62 -59  95  
  87  36  87  
 -81  74  66  
 -98  22  79  
  87 -56  75  
  97  47  69  
 -67 -44 100  
  64 -75  82  
 -84  32  91  
  24 -96  81  
  71  88  60  
  95 -66  55  
  79  94  37  
 -60  67  91  
  18 -96  83  
 -87  86  37  
   0  82  98  
  85  90  32  
 -89 -91  11  
  91 -90   3  
 -23  86  92  
  99 -31  75  
  73  45  95  
 -70 -39 100  
  85  69  66  
 -26  83  94  
  47 -79  89  
  95 -13  85  
  99 -11  80  
 -87 -63  70  
 -99  18  79  
 -16  82  97  
  92 -57  68  
 -83  97  11  
  98 -80  20  
  57 -96  63  
  80  93  36  
  61 -81  78  
 -75  57  87  
  70  88  61  
  89  77  50  
  70  96  48  
  81   7  99  
  97  83   5  
   0 100  80  
  83  49  84  
   6  89  92  
 -56  87  75  
 -86  92  24  
  46  81  88  
 -81 -62  77  
  81  96  24  
  81 -20  97  
  78  89  49  
 -71 -86  63  
 -76 -48  91  
 -92  34  82  
  99  77  25  
  81  34  93  
  -9  83  97  
  89  91  13  
 -89  20  90  
  91  58  69  
  96 -71  46  
   0 -89  92  
 -52  67  96  
 -88   5  93  
 -92 -15  88  
 -89 -52  76  
 -88   1  93  
 -27  93  84  
  57  78  84  
 -88   7  93  
  91  60  67  
 -39 -93  79  
  81  81  57  
 -68 -92  57  
 -95 -82  26  
  86  81  49  
 -75 -72  75  
  98  76  32  
  96  -7  84  
  83 -97   5  
  80 -100   1  
  97  21  81  
 -100 -75  28  
  54  72  91  
 -90  42  81  
 -33 -96  78  
 -78 -32  96  
  69  79  73  
 -37 -76  96  
 -29  90  86  
 -86 -90  30  
  63  87  70  
  67 -93  57  
 -55 -61  98  
 -88  35  86  
  91   5  90  
 -100 -34  72  
  94  17  85  
 -64 -59  94  
  80  46  89  
  99 -61  53  
 -94 -26  83  
 -30 -100  74  
  65  86  69  
  15  99  80  
 -68  85  67  
  95 -72  46  
 -83  84  49  
 -77  40  94  
 -99 -11  80  
  28 -93  83  
  45  94  74  
 -80  28  96  
  93 -18  86  
 -73  75  74  
  87   3  94  
  93  86  17  
  48 -91  76  
  93  11  87  
 -58 -69  91  
 -82 -66  73  
 -85 -95  11  
 -74 -94  45  
  67  83  71  
 -90  90  15  
  68 -46  98  
 -100  74  30  
 -35  85  89  
  30 -77  98  
 -100  42  68  
   1 -89  92  
  56  79  84  
 -57  92  68  
 -99  25  77  
 -19  80  98  
  37  77  95  
  90  65  64  
 -61  71  87  
  70 -46  97  
  64  67  88  
  86 -68  66  
  11 -80  99  
  87 -12  93  
 -80 -39  92  
 -87 -71  61  
 -72  88  59  
  24  89  89  
  48  88  80  
  88 -91  19  
  18  92  87  
  47 -99  66  
  82  67  72  
  82 -31  93  
 -80 -89  46  
  88  38  85  
  84 -30  92  
  84 -72  64  
  84 -62  74  
 -51 100  61  
  88  81  45  
  24 100  76  
  84 -40  88  
 -79  74  68  
  87  65  68  
 100  75  28  
  99  54  61  
  96 -56  64  
 -89 -26  88  
 -82  77  61  
  97 -47  69  
  89  73  56  
  88 -71  60  
  58 -89  71  
  99  -2  81  
 -82 -97  17  
 -69 -42  99  
 -90   8  91  
 -36 -80  93  
 -95 -79  34  
  95  79  34  
 -85  81  51  
 -48  74  93  
  65  58  94  
 -99  73  36  
  86  95   4  
  17  95  84  
  66 -57  94  
