  58  75  80  
  70  99  27  
  69 -88  54  
 -13 -98  75  
 -95  66  44  
 -79 -55  78  
 -40  66  97  
 -84  63  66  
  91  19  82  
 -95 -13  79  
 -13 -84  90  
  85 -68  59  
  93 -81  14  
 -28 -85  86  
  93  45  69  
  74 -56  82  
  79  93  22  
 -88 -79  37  
  -7  83  92  
 -23  81  91  
  59 -90  62  
 -98  18  74  
 -88   9  87  
 -75 -69  71  
 -38 -80  87  
  71  30  97  
  13  81  93  
  99 -67  33  
  65 -68  81  
  61  40 100  
  25 -98  72  
  44 -98  62  
 -93 -62  54  
  95 -51  61  
 -59  54  95  
 -72 -85  54  
 -58 -88  65  
  56  97  53  
  -9  73 100  
 -55 -99  51  
  38 -86  81  
 -64 -73  77  
  75  59  79  
 -37 -97  68  
  24 -88  84  
  70  97  33  
  88 -86  14  
  95  -9  79  
 -28  68 100  
 -26  93  78  
  67 -54  89  
 -21 -76  96  
 -42 100  60  
 -35 -69  97  
 -50 -92  66  
   4  91  84  
  79  41  86  
 -99  70  27  
 -99  20  72  
 -76 -78  59  
  61  87  64  
  71  38  94  
 -93   2  82  
  99   0  75  
 -40 -70  94  
 -88  87  11  
 -72  89  48  
  72 -85  54  
 -91 -31  78  
 -91  41  74  
 -79   9  95  
  63 -73  78  
 -50  68  91  
 -100 -66  31  
 -58 -92  60  
  82  47  80  
  46  91  71  
  87 -28  84  
  71 -54  86  
 -91 -84   9  
  83   0  92  
 -85  33  84  
  93  81  14  
 -66  90  54  
  -9  83  92  
 -86  23  86  
  72  13 100  
 -79  85  44  
 -25 -72  98  
  78 -84  47  
  92  75  36  
 -59 -72  82  
 -78 -64  72  
  79 -27  92  
  76  84  51  
 -84 -19  89  
  82  68  63  
  72 -31  96  
  52  57  97  
 -66 -100  31  
 -45  84  79  
 -81  92  20  
 -98  -7  76  
 -81 -61  71  
  81 -27  90  
  50 -75  85  
  91 -14  83  
  97  19  75  
 -18 -98  74  
  95  57  56  
 -58  74  81  
 -95 -12  79  
  50  68  91  
   2  76  98  
 -79 -93  23  
 -89 -55  67  
 -76  81  55  
 -52 -97  57  
 -74 -22  97  
  80 -40  86  
  85  76  49  
  84  16  90  
 -64  70  80  
 -48 -87  74  
 -45  85  78  
  99 -61  43  
  57  83  72  
  91  84  10  
 -26 -70  99  
  86  72  53  
 -70  57  85  
  73  97  25  
  85  -3  90  
  65  97  41  
  46  60  98  
  77 -91  35  
 -49 -61  96  
 -70  98  30  
  88 -65  58  
 -92  40  73  
  93  72  40  
 -88 -59  64  
  84 -73  55  
  40  82  84  
 -42 -83  82  
 -43 -90  74  
 -79 -52  80  
 -69  62  82  
 -11 -88  87  
 -36 -65  99  
 -80  33  89  
  56  91  63  
   2 -76  98  
  44 -81  83  
  96 -26  74  
  75 -22  96  
  78  42  87  
  -4 -89  86  
  90  68  52  
  94  79  19  
 -58  56  94  
 -78 -91  32  
  79  95   8  
 -81 -48  81  
   9 -86  89  
 -24  96  75  
  84  49  77  
 -77 -70  67  
  14  98  75  
  66 -100  31  
 -48  86  75  
  71 -80  63  
 -62 -87  63  
  42 -66  96  
  15 -91  83  
 -68  81  65  
  74 -91  41  
 -65 -76  73  
 -50  88  72  
  56  70  86  
   1 -99  75  
  64  39  99  
 -93 -36  74  
  89  24  83  
  81  93  15  
 -95  43  67  
 -57 -69  86  
 -77  10  97  
 -34  76  92  
  43  96  66  
  97 -36  68  
  73  73  69  
  39 -75  91  
 -98 -63  42  
  -2 -89  86  
 -94  32  74  
  90  19  83  
 -42  73  91  
  84  -2  91  
 -90 -60  61  
  64 -45  96  
 -85 -46  78  
 -71  61  81  
  82  12  92  
 -46  59  99  
  73 -77  64  
  94 -41  70  
  40  83  83  
 -78 -95  18  
 -67  80  67  
  89 -32  80  
 -65 -70  79  
 -94  81   4  
  56  73  83  
  37  80  87  
  33  80  89  
 -76 -98   3  
  77  85  47  
  65  83  65  
  84  -6  91  
  78  96   6  
  67  68  79  
  -8  91  84  
  61  94  53  
 -79 -89  34  
 -83  92   3  
 -53  90  67  
 -81  89  29  
 -99  -8  74  
  38 -83  84  
  92  65  52  
  84 -82  40  
 -75   2  99  
  10  79  95  
 -88  72  50  
  57  96  54  
 -52 -91  66  
  98 -12  75  
  83 -92   0  
  74  25  96  
 -70 -96  35  
 -96 -17  77  
  50 -96  61  
  73  64  77  
 -49  97  60  
  88  78  40  
  63 -94  51  
  16  78  95  
 -91 -70  47  
  99   2  75  
  91  60  59  
 -91 -81  23  
  86  -2  89  
 -70 -98  30  
 -65 -60  87  
  91 -39  75  
 -83  16  91  
 -88  83  28  
 -84  90  14  
  67  62  84  
 -69 -64  81  
 -87 -36  81  
  53  91  65  
  74 -42  90  
  24 -95  76  
 -64 -36 100  
 -79  94  19  
  79  17  94  
  95  46  65  
  84 -88  23  
 -81 -94   3  
  90 -85   1  
 -27  76  94  
  76  82  54  
 -84 -78  47  
  77 -86  45  
 -83 -90  20  
 -90 -85   2  
   0 -97  77  
  -7 -89  86  
  73 -63  78  
 -22 -95  77  
  63 -49  95  
  66  47  94  
 -92  72  41  
  89 -85  14  
  14 -77  96  
   9  80  94  
 -23  92  80  
  91  62  57  
 -64  50  94  
 -89 -20  84  
  59  87  66  
 -75 -22  96  
  71 -18 100  
  94 -11  80  
  95 -76  25  
  42 100  60  
  20 -91  82  
 -76  45  87  
