  29 -52   7  
 -49  32  14  
 -50  33   3  
  20  51  25  
  -5  26  54  
 -51  -2  32  
  37 -47   2  
  54 -26   5  
 -25 -51  19  
  16  49  31  
 -57  10  16  
  43  39  15  
 -13 -51  29  
 -42 -28  32  
 -39  42  18  
 -41 -44   3  
  -4  54  26  
 -38  46   7  
  31 -23  46  
  54  26   0  
  52  14  26  
  45 -38  12  
  28  11  52  
  36  48   0  
 -51  -6  31  
 -53 -22  17  
  25 -43  34  
 -20  20  53  
  16 -23  53  
 -21  56   4  
 -50  12  31  
  -8  -7  59  
  47  -5  37  
   6  26  54  
 -58  -2  16  
 -30 -52   1  
  16   9  57  
  49  33  10  
 -30  26  45  
  43 -16  39  
  54  -5  26  
 -36 -37  31  
  21 -51  23  
  59  -1  11  
  -6 -23  55  
 -30  32  41  
  27  49  22  
  10   1  59  
  23  45  32  
 -18  54  19  
  -3  59  10  
   3   1  60  
   2 -16  58  
  -1  16  58  
  -9 -50  32  
   5 -60   0  
  58  13   9  
 -37   0  47  
  53 -27   9  
 -17  57   9  
  22 -47  30  
  56  17  13  
  -6 -18  57  
 -32  27  43  
 -54  -2  26  
 -55   5  24  
 -56  -9  20  
  52 -30   5  
   3 -54  26  
 -27  24  48  
  39 -30  34  
 -28 -45  28  
 -37  28  38  
 -43  34  25  
  32  51   1  
 -26   3  54  
  10 -49  33  
  15  16  56  
 -56   3  22  
 -37  10  46  
   1 -58  15  
  27  46  27  
  31 -19  48  
 -45  39   6  
  -8  25  54  
  24 -49  25  
  -8  58  12  
  37  34  33  
 -16  48  32  
   2 -21  56  
   2  59  12  
 -22  45  33  
  21 -19  53  
  33  48  15  
  12  23  54  
  37 -47   4  
  42  43   4  
   7  59   8  
  32  49  14  
  19  18  54  
  29 -39  35  
 -22  53  18  
  -2  32  51  
  26  50  21  
 -57 -16   9  
  60  -5   0  
   3  60   0  
 -47  37   6  
  17  39  42  
  39  20  41  
  -3 -22  56  
 -15  21  54  
 -56 -17  14  
 -48  32  17  
 -47  32  19  
 -17  13  56  
   4  57  18  
 -35 -39  29  
 -20  56   7  
  15 -58   5  
 -35  41  26  
 -18  -7  57  
  59  -7  10  
  31  35  38  
 -35 -47  12  
 -17  30  49  
 -56  19   9  
  -2 -44  41  
  52 -29   8  
  23  17  53  
  12 -34  48  
  23 -22  51  
 -15   2  58  
 -24 -10  54  
 -14  38  44  
  17  32  48  
  -9  49  33  
  41 -12  42  
  42  25  35  
 -34 -30  39  
  55 -14  19  
   2 -10  59  
  16  50  29  
 -14  -7  58  
 -15 -18  55  
  42 -40  15  
  29 -30  43  
 -40 -44   7  
 -42  -3  43  
  36 -14  46  
  47  33  18  
  34 -45  20  
  -2  26  54  
  11 -52  28  
  17  37  44  
  12 -11  58  
 -21  27  49  
 -11 -57  16  
  -6  58  14  
 -11   5  59  
  44  28  30  
  14  36  46  
  11 -55  22  
  18 -56  13  
  55  24   3  
   7 -32  50  
  50 -30  15  
 -26 -20  50  
 -16   2  58  
 -10 -59   1  
 -14  28  51  
  19  -9  56  
  59  -5  11  
  -8 -45  39  
 -18  34  46  
 -24   3  55  
  13 -50  31  
  53  28   4  
  12 -15  57  
  37  42  22  
 -54  26   4  
 -12 -47  35  
 -45  35  18  
  56  19  10  
 -44 -14  38  
  28  34  41  
  -5 -53  28  
 -50 -17  28  
   9 -32  50  
  24  46  30  
  33   1  50  
  12  41  42  
 -32 -22  46  
 -47  29  24  
   5 -60   2  
  -2  18  57  
   6  53  27  
   4  57  19  
  23  34  44  
  26  53  11  
  30  52   1  
  57 -19   2  
  -4  10  59  
  44  -9  40  
 -57  17   7  
 -11  24  54  
  17  -6  57  
 -53  -5  28  
  32   8  50  
  56  21   4  
 -20  56   6  
  55 -24   1  
   0 -21  56  
  54  16  20  
 -33  -3  50  
  26  -4  54  
 -53  24  15  
  46 -10  37  
 -43 -22  36  
  33  15  48  
  52   1  30  
 -41   3  44  
 -40  44   6  
  49  32  13  
   2  57  18  
   3 -55  24  
  54  25   6  
   0 -53  28  
  13  52  27  
  32  34  38  
   4   3  60  
  49 -34   8  
   0  21  56  
  52  28  11  
 -39 -27  37  
  14 -22  54  
  30   1  52  
 -14  13  57  
  32 -30  41  
 -10  59   6  
  44  40   7  
 -48 -15  33  
 -21  -3  56  
   9 -59   6  
 -33  -6  50  
  10  53  26  
  15 -51  28  
 -15 -57  11  
 -43  38  17  
  27   8  53  
 -45   9  39  
  18 -28  50  
  47  28  25  
  26  51  18  
  55 -24   2  
 -53  28   5  
 -29 -52   7  
  39 -44  11  
 -47 -30  22  
 -19 -50  27  
 -46 -37  10  
  46  17  35  
  -2 -10  59  
  16 -46  35  
  -6  52  29  
 -24 -55   5  
 -26  44  31  
 -60   1   2  
  28 -34  41  
 -14 -19  55  
 -35  49   2  
 -57   0  18  
  47  37   0  
 -53 -28   4  
  18  40  41  
  53   6  27  
 -11   1  59  
  -6 -57  18  
  57 -16  11  
 -44  24  33  
 -32 -28  42  
   4  28  53  
   6  50  33  
  54 -16  21  
 -13 -44  39  
  -1  50  33  
  31  50  12  
   5  24  55  
  44 -41   0  
   9  59   6  
  46  29  25  
 -60  -3   4  
  -4   1  60  
  14   4  58  
  34 -13  48  
   1 -28  53  
  -7   8  59  
  11 -44  39  
 -22  48  29  
  -5  18  57  
