  13  -3  43  
 -17   6  41  
 -36  17  21  
 -28 -25  25  
  13  43   4  
   9  24  37  
 -37 -10  24  
  10 -20  39  
   2  42  16  
 -23 -11  37  
  22 -30  25  
 -23 -30  24  
  -2 -28  35  
 -35 -24  15  
  45   4   2  
  20  14  38  
  17 -24  34  
 -25  24  29  
  -5  13  43  
  34 -29   7  
  16 -42   1  
 -15  21  37  
  18   5  41  
   5 -12  43  
  -9  29  33  
  23  32  22  
  27  36   2  
 -26 -12  35  
  21 -37  14  
  20 -20  35  
 -20 -14  38  
  43  14   1  
 -41  17   6  
  18   1  41  
 -42  13   9  
  45   2   1  
  17   8  41  
  38   7  23  
 -44   2  10  
  24  33  19  
  43  -9  10  
   9 -39  21  
  17 -25  33  
  14  12  41  
  -1  -4  45  
  34  22  20  
  31  15  29  
 -44   7   6  
 -15  31  29  
  -7 -41  17  
 -19  41   1  
   2  18  41  
 -29   7  34  
 -27  30  20  
   9  41  16  
 -38   0  24  
  15 -42   5  
  16  27  32  
  32   7  31  
 -11 -21  38  
 -45  -1   3  
  42 -10  12  
 -11 -11  42  
  30 -20  27  
  -3 -24  38  
  36   1  27  
 -23 -37  12  
 -30 -32   9  
 -10 -33  29  
  38  -4  24  
  34 -14  26  
 -15 -17  39  
   9 -44   1  
  -1   1  45  
 -12 -27  34  
   5 -43  12  
  22 -20  34  
  43  12   5  
  11 -18  40  
  22  -5  39  
   3  -3  45  
  37  -5  25  
 -11  40  17  
 -29 -15  31  
 -24 -34  17  
 -28  35   1  
  40 -13  16  
  29 -13  32  
   4  15  42  
  -9 -35  27  
  13 -32  29  
 -32  17  27  
 -19 -36  19  
  40 -12  17  
 -45   2   2  
  12  17  40  
  18  13  39  
  27  -7  35  
   7  32  31  
 -40 -11  18  
 -32  15  28  
  24 -25  29  
   0 -36  27  
  15  -4  42  
  25  37   6  
 -38  -3  24  
  -5  18  41  
 -22  25  30  
 -31 -31  11  
 -23  28  27  
  -6  30  33  
  -9 -44   2  
 -38  11  21  
  35 -15  24  
  38  10  22  
  10 -25  36  
  41   6  18  
   1   3  45  
  13  36  24  
 -34  23  18  
  41   2  19  
  30  29  17  
  16  39  16  
   2 -45   3  
  18  18  37  
 -43  12   5  
 -23 -19  34  
 -20 -31  26  
   5 -41  18  
  32  -9  30  
  13 -28  33  
 -10 -32  30  
  29 -15  31  
  18  40  10  
  33  -5  30  
 -43  -8  10  
  41  15  11  
 -36 -20  18  
 -16   9  41  
  -4 -44   8  
 -40  19   9  
   5 -32  31  
  44  10   2  
 -21  22  33  
  20  16  37  
 -34 -12  27  
  35 -12  26  
  42  -8  14  
 -44   9   1  
  -2 -40  21  
  29 -21  27  
 -36  27   4  
  28 -35   4  
   7 -19  40  
 -24  38   5  
  30   6  33  
  32  10  30  
  12 -41  14  
  -9  33  29  
  -2  45   3  
  23 -32  22  
 -31 -12  30  
  21 -26  30  
  -2 -45   3  
  26   7  36  
 -35  12  26  
 -21 -30  26  
  -6  11  43  
   1   1  45  
  33 -26  16  
 -35  -9  27  
 -30 -33   5  
 -18  26  32  
  37 -26   1  
 -26   6  36  
   2 -22  39  
 -24  32  21  
  38 -20  14  
  38   0  24  
  23 -24  30  
  -7 -39  21  
  -2   1  45  
  30 -31  12  
  22   5  39  
  38  23   6  
  18  41   5  
  43   0  13  
  28   0  35  
  29   5  34  
 -14 -20  38  
 -43  13   4  
  30 -31  13  
 -40  11  18  
 -17 -40  11  
  33   7  30  
  40  11  17  
  30  18  28  
  -9  40  18  
 -35   8  27  
  30 -28  19  
  21   2  40  
 -13  35  25  
  10 -22  38  
  20 -36  18  
 -27 -21  29  
  -5 -31  32  
 -25  10  36  
 -30  31  12  
  44   8   5  
 -17 -32  27  
  -6  15  42  
  24  10  37  
  21  17  36  
 -42 -11  12  
 -22  13  37  
  37 -22  13  
 -29  12  32  
  41  18   0  
  -4  37  25  
  -1 -22  39  
 -30 -13  31  
  24  38   4  
  28 -15  32  
  24  38   0  
 -35  23  16  
   8 -41  17  
  27  30  20  
  31 -18  27  
 -20 -36  18  
 -31  23  23  
 -37  25   6  
 -43   5  12  
  41 -19   2  
 -39   3  22  
  -9  42  13  
  33 -17  25  
  -1  45   1  
 -17 -14  39  
 -11  32  30  
 -41 -14  12  
   6  34  29  
  24 -37   9  
  -1   0  45  
 -26 -20  31  
 -44   9   4  
  16 -18  38  
  29 -27  21  
 -18 -14  39  
 -19   2  41  
  17  41   6  
 -24 -17  34  
 -25 -19  32  
  27  25  26  
  18 -40  11  
  25  22  30  
   5  44   8  
   8 -44   6  
  29 -30  17  
 -43   8  11  
   0 -14  43  
  25  36  10  
  40   2  20  
 -36  26   8  
   2   9  44  
  -2 -13  43  
 -36   7  26  
  20  38  13  
  14  41  13  
  -4 -33  30  
  26 -36   8  
 -21  37  15  
  26  37   0  
  19  30  28  
  -2  20  40  
  36   0  27  
   3  39  22  
  15 -42   4  
 -29 -34   3  
  44   7   7  
 -10 -40  18  
 -39 -11  20  
  24  36  13  
  16 -20  37  
  19 -15  38  
 -17  29  30  
  36  27   3  
 -34   7  29  
 -18  13  39  
 -33  30   6  
  -1  44  10  
  11  30  32  
   6 -44   8  
  43  12   6  
   9 -40  19  
 -22 -38  10  
  29 -34   6  
   0 -26  37  
 -29   5  34  
   9 -43  10  
  -2  45   2  
