   7 -14  10  
 -18   4   3  
   3  -2  18  
   9 -12  11  
   4 -18   2  
  -7 -14  10  
  -9 -16   1  
   3 -12  14  
  -6  13  12  
  -5  16   8  
 -11 -12   9  
  -1  13  13  
  -8 -14   9  
  -3  17   6  
 -14  -2  12  
   7 -17   1  
  -3  12  14  
  -1 -14  12  
   2  -9  16  
  17  -4   6  
  15  -9   6  
   9 -11  12  
  12   6  13  
  14   8   9  
 -15  -6   9  
  16  -2   9  
   6  12  13  
  14 -11   5  
 -17   6   5  
   4  18   0  
  16  -6   7  
  -3  -6  17  
 -12  12   7  
 -18  -3   2  
 -18   4   2  
 -11   1  15  
   4  -2  18  
   9  -1  16  
  -4 -16   8  
  11 -15   1  
 -15   6   9  
  18  -4   2  
   3 -13  13  
 -10  -7  14  
  17   7   0  
  -8  16   4  
   1  -7  17  
  -9 -15   6  
  -2  17   7  
  14  -1  12  
  17  -5   5  
  15  11   2  
 -11  -7  13  
   0 -11  15  
  -7  15   8  
 -15  -2  11  
   8  16   4  
  17   6   5  
  -2 -12  14  
  12  14   1  
  12 -14   3  
   9  16   0  
  16   7   6  
   9  14   8  
   8   9  14  
   3  18   3  
   0  12  14  
 -17   7   2  
 -14  -5  11  
  15 -11   2  
  13  13   1  
 -10 -15   4  
  13  -3  13  
  -2   3  18  
  11  -9  12  
   5  16   8  
   0 -16   9  
  16  -8   5  
 -12  -5  13  
  -3  10  15  
  -1 -18   3  
 -13   7  11  
   3  14  12  
  15   8   7  
   6 -16   7  
 -12  14   3  
 -15  -5  10  
   5 -12  13  
  18   5   1  
  14  -3  12  
 -12   1  14  
  -4  -6  17  
 -16  -9   3  
   3  -9  16  
   1 -14  12  
  10  15   3  
  10 -12  10  
  -2 -16   9  
 -13  -2  13  
  -7 -17   2  
 -17   4   6  
  13 -13   0  
  -7 -16   6  
  -7   6  16  
  17  -7   3  
  -9   8  14  
   5  15  10  
  14  12   0  
  -1  14  12  
   2  13  13  
 -16  -8   5  
 -11 -15   1  
   3   1  18  
   9   1  16  
  18  -2   4  
 -18  -3   1  
  10   9  13  
   4 -17   6  
  -3  14  12  
   9  -8  14  
  15  11   0  
   3  15  10  
 -10  10  12  
 -18   0   5  
  14  10   7  
  -2  16   9  
 -18  -4   2  
   5 -17   6  
  -9  16   2  
 -12  -6  13  
 -11 -15   2  
  10 -15   4  
  -7   8  15  
  -8  -5  16  
   5  13  12  
  12  10  10  
   7   0  17  
   3   4  18  
 -12 -10  10  
 -16   0   9  
  -1 -11  15  
   7  17   3  
  11  -1  15  
  14  12   3  
   0  18   5  
   1  15  11  
  -4  16   8  
   8  -9  14  
 -16   3   9  
  17  -6   5  
  -3  -2  18  
  14  11   5  
   6 -17   3  
   2 -14  12  
 -10 -13   9  
 -15  -4  10  
  12 -10  10  
  -5 -12  13  
  -5  14  11  
  13  13   2  
  -1  -3  18  
  -1  15  11  
  14   2  12  
  -5  12  13  
  10  -5  15  
  13  13   0  
 -16  -7   6  
 -11  12   9  
 -14 -10   7  
 -18   1   3  
  -3 -17   7  
   6 -15   9  
  18  -4   3  
  17  -6   3  
 -13 -12   5  
  12   1  14  
  -5 -16   8  
  -8   5  16  
   2   9  16  
 -16   7   6  
   5 -16   8  
  -9  -6  15  
   8 -16   5  
 -15   5  10  
  -2  -4  18  
   6   9  15  
  12 -13   6  
   9  11  12  
 -13 -13   1  
   8  15   7  
   0  17   7  
 -17  -6   4  
  -6  16   7  
  -5 -10  15  
  10 -15   3  
  -1   7  17  
   0 -18   5  
   9  13  10  
  10 -11  11  
   4  15  10  
 -18   3   4  
   7  -3  17  
  17   5   6  
   4   2  18  
  -1 -12  14  
   0   7  17  
  11   2  15  
   0 -13  13  
   2  17   7  
   8  -7  15  
 -14 -12   3  
 -10  14   7  
  17   7   3  
 -15  10   4  
  16   4   8  
  -9  -2  16  
  16   9   2  
 -11  -5  14  
  -4 -15  10  
  -3 -18   1  
  18   0   5  
 -16  -2   9  
 -16   9   2  
  -4  -2  18  
 -13   6  12  
  18   4   3  
 -11   5  14  
   3  -6  17  
 -11 -11  10  
  13  -5  12  
   1 -18   4  
  -9  16   1  
 -10  -9  13  
   3  12  14  
  -9 -16   3  
  11   7  13  
  12   2  14  
  13  12   6  
 -11  -1  15  
 -18   5   1  
  -4  -3  18  
 -11  13   7  
   9 -14   8  
   4 -18   3  
   5  11  14  
 -16  -9   1  
  17  -3   7  
 -14 -11   5  
  -6 -12  13  
  17  -7   1  
   9 -13  10  
   4 -15  10  
 -12 -11   9  
  11 -14   5  
 -15   2  11  
   0 -17   7  
  17   0   7  
  -3 -10  15  
  -6 -17   5  
  10   5  15  
   1  -9  16  
   4  16   8  
  16   0   9  
 -13   5  12  
 -14   9   8  
  -7  17   2  
  -8   4  16  
  -8 -16   4  
  -7  -1  17  
  15  -5  10  
  16   1   9  
   7  17   1  
 -10 -12  10  
  -2 -17   7  
  -8 -15   7  
   1  18   3  
   5  -8  16  
   7  12  12  
  -3  15  10  
  -5  13  12  
  13  -6  12  
  -2 -14  12  
  13 -12   5  
  18   0   4  
  -7   3  17  
  11  -5  14  
  13   0  13  
  -9  15   6  
  13   7  11  
   7  -6  16  
   3  -7  17  
   6  17   3  
   0 -15  11  
   3  10  15  
  -4  18   3  
   5   8  16  
  14   0  12  
  -2  18   4  
  16  -7   6  
  15  10   5  
