  61 -29  99  
  27  82  83  
 -37  86  75  
  80  87  22  
 -92  41  65  
 -85 -24  81  
 -91  21  75  
  79 -74  52  
  16 -67  98  
  37  92  68  
  47  97  53  
  69 -62  76  
  52 -86  66  
  91  53  58  
  98 -41  56  
  73  25  92  
  29 -98  63  
 -73  43  85  
  86  55  63  
   6  73  95  
 -66 -14  99  
 -79  79  44  
 -76 -33  87  
 -29 -88  76  
   5 100  66  
 -90  70  37  
  67  58  81  
  83  40  77  
  89 -74  31  
  12 -81  88  
  82  87   7  
 -91  76  19  
 -48  65  89  
 -79 -70  57  
  37  95  63  
 -88 -49  65  
 -87  -9  82  
 -96 -58  43  
 -40 -72  87  
  75 -45  82  
 -75  55  76  
  17 -96  70  
 -42  99  53  
  81 -21  86  
 -44 -80  78  
  44  94  60  
 -77 -82  42  
 -64 -30  97  
  72  36  89  
 -27 -97  65  
 -90 -16  78  
 -93 -39  65  
 -75 -89  29  
  76 -33  87  
  87   9  82  
 -72  91  31  
 -94 -69  28  
  77 -91  12  
  96  51  51  
  22 -99  64  
  98 -68  14  
  93 -72  23  
  79  46  78  
  78   9  91  
  57 -98  40  
 -89  -9  80  
  97 -59  39  
  68  78  61  
  90 -37  70  
  64  55  85  
 -84  80  31  
  79   3  90  
 -83  76  41  
   4  93  76  
  72 -81  52  
  90 -22  76  
  66 -80  60  
 -93 -69  31  
  79  90   4  
  99  30  61  
 -90 -71  36  
  46  84  72  
  72 -96   0  
  71  56  79  
 -77 -24  89  
  -5  78  91  
  69 -85  49  
  71 -30  92  
 -81  86  20  
 -55  79  72  
  98   6  69  
 -55  68  82  
  60 -91  50  
  67  61  79  
 -59  41  96  
 -25 -61 100  
 -94  37  65  
 -65  66  76  
  74   7  94  
 -40 -76  84  
 -26  70  94  
  72 -13  95  
 -58  93  49  
  65 -54  85  
 -75 -64  68  
  -4  95  73  
  13 -83  86  
 -92 -28  72  
  80  46  77  
 -66 100   3  
 -45  81  76  
  -5 -69  98  
 -11  80  89  
  14 -96  71  
 -98  -2  69  
  93 -31  69  
 -31  83  81  
 -34  80  83  
 -38 -94  64  
 -73  -7  95  
  61  53  89  
  98 -17  67  
  91  -5  78  
  13  68  98  
  93  73  21  
  98 -61  33  
  90  77  19  
  -2 -85  85  
 -100  23  62  
 -61 -99  29  
  99  34  59  
 -92  74  21  
 -85 -76  38  
  93  76   3  
 -70 -84  49  
 -92  62  46  
 -74  93  17  
 -92 -66  39  
 -78  45  79  
  69  89  42  
 -36 -81  81  
 -38 100  54  
  17  81  87  
 -69 -49  85  
  88  60  55  
   6 -81  88  
  55 -40  99  
 -69 -72  67  
  35  91  70  
  83 -63  60  
  69  92  35  
  55  62  87  
 -24  86  80  
  38  90  70  
  56 -73  77  
  66 -56  83  
 -78 -70  58  
  82 -79  38  
 -34 -87  75  
 -52 -50  96  
  93  70  30  
 -63  99  24  
 -68 -86  49  
 -90  24  76  
  82 -87  12  
 -94 -52  54  
 -53  90  59  
 100  58  33  
  98 -68  13  
 -42  95  60  
  95  -1  73  
  70  35  91  
  35 -58  99  
  53  89  61  
 -76  68  63  
  34  99  59  
 -66 -97  25  
   7 -95  73  
 -74 -31  89  
  63 -52  88  
  74 -36  87  
 -80  80  40  
  84 -82  26  
  96 -34  63  
 -73  10  95  
  53 -63  87  
  73 -83  47  
  86  52  66  
 -69 -67  72  
  41 -97  58  
  80  58  68  
 -69  60  78  
 -66  71  71  
 -99  -3  68  
  97   0  71  
 -86  79  28  
  99 -67  12  
  98  69   9  
 -50 -86  67  
  92 -63  44  
 -68  45  88  
 -69 -83  52  
  76 -29  88  
 -73  95  10  
  95 -70  23  
 -61  73  73  
   0 -87  83  
  48  84  71  
 -11 -83  86  
 -91 -76  18  
  92 -76  12  
  50 -52  96  
  50  50  97  
  76 -90  22  
 -93  63  42  
  85  45  72  
  70  92  32  
 -75 -18  92  
  33  77  86  
 -56  65  84  
   3 -99  68  
  37 -98  59  
 -34 -88  74  
 -68  18  97  
 -47  56  95  
  71  32  91  
 -69  20  96  
 -77  92   5  
 -47  58  94  
  71  95  17  
 -77   3  92  
  88  81  12  
  75  92  16  
  98   2  69  
 -46 -79  78  
  49 100  45  
  42  99  53  
  75  85  39  
  73  95  10  
 -44 -59  95  
 -50 -81  73  
 -60  75  72  
  74 -94  12  
  69  67  72  
 -76  82  44  
 -61 -45  93  
  83  13  86  
  97  -7  70  
  73  82  49  
  90  -5  79  
 -90  76  24  
  66  86  51  
  69  97  17  
 -68 -33  93  
  44  82  76  
 -64 -49  89  
  30  86  78  
  -1 -84  86  
  90 -15  78  
  57  69  80  
 -61  54  88  
  -9 -69  98  
  95  73   6  
 -64 100  17  
 -63 -75  69  
  24  66  97  
 -92  47  61  
  77 -72  57  
 -90 -14  78  
  41  75  84  
  46  99  50  
  61  76  70  
  70 -57  79  
  97  45  54  
 -18  81  87  
 -90 -69  39  
 -98 -61  32  
 -55 -99  39  
 -98   5  69  
  60 -100  29  
  98 -47  51  
 -95 -19  71  
 -95  67  29  
 -94 -46  59  
 -67  43  90  
 -81  66  59  
 -87 -82  12  
 -87 -75  34  
 -79  14  89  
  67 -85  52  
   9 -67  99  
 -68 -79  59  
  29  96  66  
 -59 -36  98  
 -94  31  68  
  93 -47  60  
 -31 -73  90  
   0  92  77  
  96  18  70  
  91 -78   4  
