 -91  98  60  
  80 -94  79  
 100  98  43  
 -94 -97  57  
  86  89  78  
  57 -94  97  
 -76 -96  80  
  85  95  72  
  82 -76  95  
 -90 -78  85  
 -47 -98  98  
 -89 -77  87  
  75 -100  76  
  81 -71  99  
 -94  85  73  
  86 -70  96  
 -94 -99  53  
 -100  39 100  
  71 -98  83  
 -62 -93  95  
  94 -83  76  
 -80  80  93  
 -97 -97  51  
 -75 -91  87  
 -100  94  51  
 -58 -91  99  
  91  82  80  
  95  68  88  
  61 -90  98  
  95  90  66  
 -74 -77 100  
 -58 -98  92  
 -99 -97  47  
 -100  74  77  
  51 100  94  
 -73  83  96  
  83  84  87  
  55  95  97  
 -91  97  61  
  87 -95  70  
  94 -82  77  
  82 100  69  
 -92  67  92  
  78  97  77  
 -47  98  98  
 -65 -99  86  
  78 -81  94  
 -99 -82  70  
  99  92  56  
 -98  45  99  
 -74  80  98  
  70  90  92  
 -73 -78 100  
 -70  89  93  
  93 -66  92  
  90 -77  86  
 -91  79  83  
 -63  99  88  
  88  97  66  
 -98  52  96  
 -91  91  70  
  93 -69  90  
  84 100  66  
 -95  96  57  
 -95  97  55  
  83 -77  93  
  95 -91  64  
 -100  91  56  
 100 -66  84  
 -98  96  51  
  94 -59  96  
 -97  79  76  
  57 -98  93  
 -93 -65  93  
  88 -61 100  
 -98  81  73  
  92  94  64  
 -96 -63  91  
 -98  43 100  
 -81  88  85  
  51  95  99  
 -96 -97  53  
  76  77  99  
 -85  91  77  
 -55 100  92  
 100  96  48  
  91  73  89  
 -88 -88  77  
  79 -80  94  
  43 -98 100  
 -88 -66  97  
  55 -93  99  
  94  89  69  
 -99  97  47  
  86  68  97  
 -77  97  78  
  98  92  58  
 -83  76  94  
 -94  96  59  
 -98  83  71  
  64 -91  95  
 -91  85  77  
  89  95  67  
 -88 -76  89  
  76  84  93  
  91 -56 100  
 -100  87  62  
  61  92  96  
  99 -46  98  
  86 -84  84  
 -77 -82  94  
  66  98  87  
  97 -64  89  
  85  69  97  
  65 -99  86  
 -59 -89 100  
  66 -84 100  
 -93 -81  79  
 -83  71  98  
  94 -94  61  
  68  96  87  
 -71 -86  95  
  66 -88  97  
 100 -53  93  
  94  65  92  
  94 -99  53  
  91 -64  95  
 -85 -86  83  
 -69  93  90  
 -56 100  91  
  76 -89  88  
 -71  80 100  
 -78  80  95  
  66  92  93  
 -93 -69  90  
 -99 -40 100  
  69 -94  89  
  99 -63  88  
  95 100  49  
 -96 -50  99  
 -89 -97  64  
 -99  95  52  
 -85  87  82  
 -97  66  88  
  92  90  70  
  82 -89  83  
  65 -98  87  
  98 -46  99  
 -96 -99  50  
 -95 -88  68  
 100  86  64  
 100  64  86  
  68  87  96  
 -100 -57  91  
 -75 -78  99  
 -74  96  82  
 -53 -98  95  
 -86  76  91  
 -99 -96  50  
 -79 -90  84  
  94  78  81  
 -100 -91  56  
  94 -60  95  
  88 -92  72  
 -87 -78  88  
 -66  90  95  
  93 -79  81  
  76 -95  82  
 100 -83  68  
 -98  95  53  
  74 -82  96  
  46 100  97  
  91  79  83  
 -87  84  83  
 -85 -65 100  
 -59 -94  96  
 -76  86  91  
  89 -70  93  
  99  56  92  
 -71  92  89  
 -71 -80 100  
  76 -93  84  
  77 -74 100  
 -99  76  77  
  87 100  62  
 -87  99  64  
 -64 -92  94  
 -72  97  83  
  98 -83  70  
  91 -80  82  
 -93  72  87  
 -77  88  88  
 -92  77  84  
  82 -85  87  
  66  88  97  
  85 -91  77  
 -94 -84  75  
  71 100  80  
 -53  97  96  
  69  97  85  
  95  99  52  
  63  97  90  
  71  92  89  
 -62  93  95  
 -99  88  63  
 -87 -95  70  
 -40 -100  99  
  84 -83  87  
 -97  94  57  
  96 -97  53  
  55  93  99  
 -83  87  84  
  94 -64  92  
 -74  95  83  
 100 -64  86  
  72 -97  83  
  82 -87  85  
 -89 -67  95  
  90  91  71  
  98 -83  71  
  99  60  90  
  78  87  88  
  87 -93  72  
 -50  96  99  
  74 -95  83  
  60 -91  98  
  83  70  98  
  82  94  77  
  92 -92  67  
  57 -96  95  
 -73 -98  81  
  86  81  87  
 -69 -89  94  
 -96 -85  71  
 -51 -99  95  
 -67 -96  88  
 -98  60  91  
 -61  91  97  
  93 -100  53  
 -92  70  90  
 -99  78  75  
 100  85  65  
 -70 -96  86  
  99 -98  46  
  91  66  94  
  62  91  97  
  88  70  94  
 -60 -97  92  
 -69 -82 100  
 -98 -98  47  
  84 -98  69  
 -100 -65  85  
 -78 -82  93  
  65  93  93  
 -97 -52  97  
 -88  87  78  
 -99 -87  64  
 100 -94  51  
 -60 -98  91  
  97  76  79  
 -92 -65  94  
 -88 -78  87  
  70 -95  87  
 -80 -76  96  
 -98 -99  46  
 -81 -100  70  
 -95  66  90  
  87  75  91  
 -98  53  95  
  97  61  91  
  96 -90  64  
 -53 -93 100  
  83  77  93  
 -81  73  98  
 -91 -60  98  
  73  96  83  
  59 100  89  
 -100 -74  77  
  79 -84  90  
 -62  97  91  
  99 -93  55  
  96  92  61  
  75  87  91  
 -86 -75  92  
  70  83  98  
  93  97  58  
 -98 -76  78  
 -67  92  92  
  65 -100  85  
  96  48 100  
 -89 -91  73  
  64  86 100  
  95 -64  91  
 -82 -77  94  
  94  97  57  
  93 -81  79  
 -51  97  97  
 -98 -77  77  
  63 -98  89  
 100  62  87  
