  14 -10  15  
  -5 -15  17  
 -13   0  19  
   4 -14  18  
 -11  20   4  
   3 -16  16  
  20   4  11  
  10  18  10  
  14  -4  18  
 -11 -19   7  
  14 -17   7  
  14   6  17  
  11 -12  16  
   3 -22   5  
 -13  -9  17  
   1  11  20  
  13  -1  19  
  16  14   9  
   6 -19  11  
  16 -14   9  
  13   3  19  
 -21  -3   9  
   2   6  22  
 -13 -17   8  
  -7  -7  21  
  11  -9  18  
  13   5  18  
  20  -2  11  
  15 -12  13  
   5  22   3  
 -14  18   2  
  21  -9   4  
  18  14   3  
  -6  22   3  
   2  -9  21  
  17  14   6  
  10 -20   6  
  -6  21   7  
  11  18   9  
   5  10  20  
  22   5   4  
  13  -8  17  
  -7 -20   9  
   3 -23   0  
  -8 -18  12  
 -19   1  13  
 -21  -7   6  
  -3 -18  14  
  22   1   6  
   2 -17  15  
   6 -22   4  
  18 -11   9  
  22  -6   4  
  21  -5   8  
  19 -12   4  
 -16  -7  15  
  -7 -21   7  
 -19  11   6  
  10 -16  13  
 -13  19   2  
  20  -7   9  
   9  18  11  
 -20   9   7  
   5  13  18  
 -15  -3  17  
  -1  -7  22  
  -9  -9  19  
  18  11   9  
  -2  -9  21  
  15   3  17  
  -5 -22   3  
   6 -18  13  
  19  -1  13  
  -1  23   1  
  21   5   8  
   1   2  23  
  16 -13  10  
   3   9  21  
   1   3  23  
 -15   4  17  
 -21  -9   1  
 -17 -14   6  
   1  23   1  
 -14  -2  18  
   8  21   4  
  19  -7  11  
 -12  16  11  
 -22   6   2  
 -20   7   9  
  -5  -3  22  
   0 -22   7  
  21   8   4  
  -5  -5  22  
  -7  21   7  
  -2 -23   2  
  15  17   2  
 -11   2  20  
   5  17  15  
  22   6   1  
   0  20  11  
 -22   5   3  
   0  -2  23  
  -6   7  21  
   5 -21   8  
   2  -2  23  
 -19  12   4  
  -8  -5  21  
  10  16  13  
  18  -5  13  
   8   8  20  
  -2 -18  14  
 -14  -7  17  
   5  12  19  
  13   1  19  
 -18  -2  14  
   7  19  11  
 -14   3  18  
  -1  13  19  
 -15  16   7  
   3   6  22  
  13   9  17  
  21  -1   9  
   5  22   4  
  -8  20   8  
  16   3  16  
   8   5  21  
   8  -4  21  
   1  -1  23  
  15 -15   9  
  -4 -21   8  
  20 -11   4  
  13  16  10  
  -4  21   8  
  17  -6  14  
   0   9  21  
 -11 -20   2  
   3  23   0  
  15  12  13  
  19  13   3  
   4 -21   9  
   0 -14  18  
 -14  -3  18  
  10   6  20  
   9   0  21  
  -2   9  21  
  -1  14  18  
  10 -18  10  
  10   5  20  
 -13 -18   6  
 -11 -17  11  
   3  19  13  
  -2 -14  18  
  16 -11  12  
   1 -23   2  
  -3   6  22  
  20 -11   3  
   8  13  17  
 -19  13   3  
  -4   9  21  
  -9  21   4  
   5 -22   5  
  16  12  11  
   0  23   3  
  -5 -19  12  
  21   9   2  
  10  10  18  
  13 -17   9  
 -20 -10   5  
  22   6   2  
  12 -16  11  
  20 -11   1  
  12  16  11  
  20   6  10  
  13  17   9  
   4  22   5  
  17  -8  13  
 -16   7  15  
   2  22   7  
   7 -20   9  
 -18 -14   2  
  18 -14   2  
  17  12  10  
   5  15  17  
  18  12   8  
   1 -23   1  
 -13 -17   9  
  14 -14  12  
   2  14  18  
   2 -11  20  
  22   5   3  
  -6  11  19  
   9 -21   2  
 -14 -15  10  
  15   4  17  
 -22   6   3  
 -20  -5  10  
 -14 -18   2  
  13 -19   3  
   0 -11  20  
  -7  20   9  
 -22   0   6  
  -6 -22   4  
   7  -1  22  
  -3  21   9  
   2 -22   6  
  23   2   1  
  -1 -23   3  
   8  10  19  
 -11 -16  12  
 -17  13   9  
  11  20   3  
   5  18  13  
 -16  15   7  
  -4 -18  14  
   5   3  22  
   7   9  20  
  19 -13   3  
  -2   1  23  
   3  22   6  
 -18  14   4  
   4 -19  12  
  -3  15  17  
  22   7   2  
 -14  -1  18  
 -19   5  12  
   6  18  13  
 -22   7   2  
 -22  -6   2  
  13  19   2  
 -22   4   6  
 -20   5  10  
  -4 -11  20  
   9 -19   9  
   4   5  22  
  -5   5  22  
  15   7  16  
  -5  21   8  
  20  11   0  
  15  13  12  
  15  17   3  
  -6 -22   1  
   7 -16  15  
   8  -5  21  
  14  10  15  
  14  13  13  
  20 -11   0  
 -14 -17   6  
   0  -6  22  
  -9 -17  13  
 -11 -11  17  
 -16  10  13  
   0 -20  11  
   0   3  23  
  -1 -21   9  
 -10  15  14  
  13 -19   0  
  12 -15  13  
 -13  17   8  
  -1 -22   6  
   8   4  21  
 -14 -13  13  
 -13 -18   5  
 -20  11   2  
 -10  18  10  
  10 -10  18  
  22   7   0  
 -18   2  14  
 -22   6   1  
  -2 -15  17  
  22  -4   5  
  10   8  19  
 -14  -6  17  
 -21   8   4  
   2   0  23  
  10 -12  17  
  21   9   1  
  22   0   7  
  -5 -13  18  
  15  -2  17  
  -2  11  20  
   8 -19  10  
  18 -13   6  
  16  11  12  
  -9 -11  18  
  -5  10  20  
   3 -13  19  
  14  -3  18  
  11   3  20  
 -19  -5  12  
 -22   3   6  
  19  -2  13  
 -11  -2  20  
  -5  -4  22  
  -1 -19  13  
  19 -13   1  
  11  20   1  
   8 -17  13  
   8 -10  19  
   7 -14  17  
   7 -21   7  
