  -1 -11  16  
 -19   3   3  
  17   1   9  
   2  18   7  
  -5  11  15  
   3   3  19  
   7 -17   7  
   2  16  11  
   4  12  15  
 -10   4  16  
  -4  -6  18  
   4 -19   2  
 -17  -8   5  
  11   8  14  
 -12 -15   3  
   5   8  17  
 -12   3  15  
  -8 -17   6  
  -3 -19   4  
   0  17  10  
   8 -18   1  
   7 -16   9  
  -9  11  13  
  16   9   7  
   4  -1  19  
   8  17   6  
  18  -8   0  
  -1  -5  19  
   2  17   9  
   7  17   7  
   6  18   5  
   9 -16   6  
 -18  -6   4  
 -18   0   7  
  -9  16   7  
  -1  -7  18  
 -12 -15   2  
   2   5  19  
   6 -14  12  
  -8  15  10  
  16   6   9  
  -9  -9  15  
   7   3  18  
  -3   3  19  
  -7   9  16  
  -2  -9  17  
  12  11  11  
 -13  14   3  
  -4 -15  12  
 -17  -9   4  
  -7  -3  18  
   8  14  11  
  10 -17   0  
  15 -10   7  
  10   4  16  
  13   4  14  
  -7  -4  18  
 -16  -9   7  
   3  19   2  
 -15 -11   6  
  14  -3  13  
   9  17   2  
  -1 -17   9  
  16  11   1  
   1   5  19  
  18   5   5  
   8  -8  16  
  14  -4  13  
  -9 -13  11  
  10 -13  11  
   8   1  18  
   0  19   5  
   9 -11  13  
  12  -6  14  
 -19  -2   5  
   7 -18   0  
  19   5   1  
  -5   6  18  
  -4  13  14  
  17  -6   7  
  -4   7  18  
 -16   0  11  
  16   2  11  
  -7  12  14  
 -14 -13   5  
  16   5  10  
   2  12  15  
  -9 -17   1  
  -5  14  13  
 -18   7   2  
  -3  15  12  
  -7 -15  10  
   3 -18   7  
  17   0  10  
  -4   0  19  
  -4 -12  15  
   3 -15  12  
  14   9  10  
   3  -2  19  
   1 -18   7  
  -5  10  16  
  -7 -14  12  
 -11 -10  13  
   0 -10  17  
  18   4   6  
  -7  18   3  
   1  17  10  
  17   7   7  
  -2  19   5  
  14 -10   9  
 -18  -8   1  
 -17   5   8  
 -16  -8   8  
  17   9   1  
 -10   0  17  
  -2 -18   7  
  -1  19   4  
 -11 -14   8  
  -8  -5  17  
   2  15  12  
  12  14   6  
 -19   2   4  
  12   2  15  
 -15  -5  11  
  -2   7  18  
  12  -4  15  
  -3 -14  13  
  19  -4   1  
 -10   8  15  
   9   6  16  
  -5  19   1  
  15  12   4  
  -9   1  17  
  10  -7  15  
 -15 -10   7  
  14   7  12  
  18   7   4  
 -11 -13  10  
   9  17   3  
   0  18   7  
 -16  -5  10  
  15  11   6  
  -3  11  16  
   9 -10  14  
   5  16  10  
 -17   6   7  
  -7 -17   6  
 -14  -5  13  
   4 -18   6  
   2  -3  19  
  -6 -18   4  
   5 -19   2  
  15   8  10  
  16  -6   9  
  -3 -19   2  
  -8  10  15  
  16  -5  10  
   8 -12  13  
 -10  11  13  
 -15  -2  12  
 -17   9   2  
 -15  11   5  
  12  -7  14  
   4 -19   0  
   3 -16  11  
   0 -19   4  
 -13 -10  11  
   8  17   5  
  12  -3  15  
  14  13   5  
  -4  19   1  
   9  -7  16  
 -15 -10   8  
 -15 -12   3  
  -8 -12  13  
  11  -5  15  
 -18  -1   7  
  -9   6  16  
  17  -9   4  
 -13  14   4  
 -13   3  14  
   4 -16  10  
   9  16   6  
   5 -19   0  
   8  18   1  
 -18  -6   5  
  12  15   2  
  18   7   2  
 -13  -8  12  
  15   4  12  
 -10   7  15  
   7  14  12  
 -18   8   1  
   3 -12  15  
 -17   0  10  
   8 -13  12  
 -17   4   9  
  -9  17   2  
   9  -4  17  
  17  -7   6  
   7  18   0  
  16  -7   9  
  -7   4  18  
  14 -13   4  
   9 -13  11  
  -6  11  15  
   8   0  18  
  -6 -17   8  
  -8 -13  12  
  -7   2  18  
  -3   9  17  
  -9  -4  17  
   6 -11  15  
  -1  10  17  
   0  -5  19  
 -14   6  12  
   5  17   8  
  18   7   3  
  18  -1   7  
  -1 -17  10  
  15   5  11  
   9 -16   7  
   0  16  11  
  -2 -17   9  
   2  19   5  
 -13 -11   9  
  19   2   4  
  -1  16  11  
 -11   8  14  
  -1  19   3  
  14 -13   5  
  -3  -3  19  
  -1   9  17  
   9  10  14  
   3 -19   3  
 -17   3   9  
  -2 -19   3  
  13   5  14  
  12  -8  13  
  19   4   1  
 -10   9  14  
  18   8   0  
  11  -2  16  
 -19   1   4  
 -19  -3   3  
 -19   1   3  
  16  11   0  
  10 -14   9  
 -16 -11   2  
 -12 -11  11  
  10  11  13  
  -5  17   8  
 -15  12   4  
  -5   8  17  
 -17  -4   9  
  18   2   7  
   7  -2  18  
   1  19   4  
  16  10   4  
  14   4  13  
   5 -11  15  
  15   3  12  
  -3 -19   1  
  14  -9  10  
   9  -2  17  
  -2  17   9  
  18  -7   2  
  15  12   2  
  -8  14  11  
   9  17   4  
  -4 -13  14  
  -3 -11  16  
 -16 -10   4  
   1 -19   4  
   9  15   9  
   3 -19   4  
  17  -9   3  
  13 -14   4  
   1   9  17  
 -14   4  13  
 -11  12  11  
  -4  -2  19  
 -17  10   1  
  -2   3  19  
   5  10  16  
  13  10  11  
 -11   0  16  
   5 -18   6  
  11 -11  12  
  12  14   7  
  -8  17   6  
  -3  18   7  
 -14  -6  12  
 -10 -17   1  
 -19  -4   3  
  -5 -14  13  
  10 -11  13  
 -11 -15   5  
  11  13  10  
 -16   6   9  
