 -74  -7  75  
 -82  65  14  
 -62  59  62  
 -37  88  45  
 -54  -9  90  
  93  -4  50  
 -71 -11  77  
 -80 -41  55  
 -71  37  69  
 -43  49  83  
  34 -71  70  
 -82 -58  32  
 -37 -58  80  
 -84   4  64  
  92  43  29  
 -60 -80  34  
  51  -4  92  
  31  24  98  
  74 -24  71  
 -56  84  31  
  76 -50  53  
  86  37  49  
   3 -34 100  
  96 -42  14  
 -31 -45  90  
  32  65  77  
 -17  83  63  
  33  -1 100  
  18  94  44  
 -94  -2  48  
  69 -13  79  
  72  76  11  
  30 -83  58  
  33  32  95  
  13  79  69  
 -83 -38  53  
   4 -94  48  
 -36 -96  24  
  37  98  12  
  74  71  25  
 -95  16  43  
 -98  21  33  
 -11 -97  40  
 -22  -100  25  
  50  69  62  
 -59 -67  56  
 100  14  30  
  36  98  16  
   0 -53  91  
 -91 -29  45  
 -90 -12  54  
  11 -59  87  
  44  54  79  
  90 -54   8  
  -1  89  57  
  87 -30  52  
 -89 -19  53  
 -91  29  45  
 -82 -37  55  
 -65 -76  33  
  63 -77  35  
  14 -96  42  
  36 -16  98  
 -47 -94  11  
  66  43  70  
  88  10  57  
 -22 -65  80  
  92  49  15  
  19 -88  55  
 -81 -64  22  
  88  -7  58  
 -18  75  72  
  23 -28  99  
 -80  11  68  
  96  28  34  
  27 -72  72  
  75  73  14  
 -48 -48  81  
  72 -77   3  
  49  43  83  
  16  30 100  
  68  49  64  
  64  74  40  
  74 -12  74  
  77  20  69  
 -35  77  63  
  47 -22  92  
 -82 -31  59  
  50 -55  75  
  57  23  86  
  61  64  58  
  21 -38  96  
 -96  34  28  
  11 -99  34  
 -10  87  59  
   0  48  94  
 -63  80  27  
 -74  73  18  
 -31 -76  66  
 -61   6  86  
  60 -26  83  
  46  80  51  
 -48  91  24  
 -11  44  95  
   5 -75  74  
 -76  27  68  
 -72  67  38  
  55  70  57  
 -56  46  77  
   9  75  74  
 -88  34  47  
 -56  72  53  
  25 -63  81  
  28 -92  43  
 -58 -41  78  
  83 -65   4  
  56  59  67  
  94 -41  24  
  61 -82  26  
 -50 -93   2  
  62 -20  83  
 -43  55  79  
  21 -93  45  
  65  54  63  
 -58 -62  63  
 -90  11  54  
  54 -41  81  
  92  -5  51  
  52 -79  47  
  -1  39  98  
 -66   2  82  
 -99 -37   3  
  -7  71  78  
 -61   0  86  
  53  -6  91  
  78  55  45  
 -99 -27  25  
  47 -47  82  
 -65 -73  40  
  72  14  76  
 -42 -86  44  
  65  73  40  
 -100 -27  20  
 -28 100  18  
  57  11  88  
 -72  38  67  
  51 -85  36  
 -58 -61  64  
  38  46  87  
 -78  45  55  
 -84  61  20  
  20  96  39  
 -70  78  11  
 -30  98  26  
  58  33  82  
  59  72  50  
 -38 -97  18  
  57 -72  52  
  36  94  31  
  -2  57  89  
  59  52  70  
 -48  74  58  
  69 -16  78  
 -49  90  26  
  93 -20  46  
 -41 -97   4  
  99  35  10  
  97   1  41  
  44 -74  61  
   9  93  49  
  -2 -76  73  
  43 -94  20  
   0  57  89  
  17 -80  67  
  39  59  78  
  42 -38  89  
  46  95   4  
 -36  34  93  
  76  48  55  
 100 -25  23  
  74  51  55  
 100 -31  12  
  50  73  57  
 -12 -77  71  
 -57  88  13  
  53 -61  68  
  80 -68  12  
 -63 -54  65  
 -55  69  58  
  79 -67  19  
 -88  52  27  
 -48 -57  75  
 -64  38  75  
  89  39  41  
  -3  85  62  
  77  68  25  
   0  76  73  
 -48 -92  18  
   5 -77  72  
 -24  53  88  
  41 -97   4  
 -20 -97  37  
  43 -96   5  
  84 -53  35  
 -69 -74  29  
  68  61  53  
  65  82  15  
  87  53  27  
   4 -77  72  
 -74  72  22  
  -9  95  45  
 -75 -65  36  
  29  22  99  
  21  63  82  
  -5  43  96  
  53 -19  89  
  71  77  12  
 -61 -30  81  
  41 -62  75  
  41 -97   0  
  70  22  76  
 -53 -23  88  
  31  14 100  
  75 -36  65  
 -37  34  93  
  91 -35  40  
  27 -44  92  
 -20  83  62  
 -40 -92  33  
  93 -29  41  
 -12 -48  93  
 -73 -58  49  
   8  35  99  
 -48  24  91  
  30 -96  32  
 -95  -6  45  
  43  91  31  
 -58  64  61  
  82  59  30  
 -36 -74  66  
  57 -66  59  
  24 -79  66  
  16  32  99  
 -95   8  45  
 -77  65  32  
  23  83  61  
  80 -67  15  
  20 -44  94  
 -49 -84  41  
  59  -6  87  
 -86 -51  34  
  23  99  29  
  86  19  58  
 -42  72  65  
  32 -99  18  
 -86 -28  54  
 -97  26  32  
  84  36  53  
  62 -85   6  
 -14 -76  72  
  38 -97  15  
  64  67  50  
  46  94  14  
   4  34 100  
 -45  85  43  
 -79 -56  42  
 -37 -98  11  
 -34  67  74  
 -34 100   1  
 -97 -11  40  
 -75 -42  61  
  -7  97  41  
  -5 -39  98  
  66 -51  65  
 -33 100   3  
  69 -70  38  
  30 -32  96  
  22  88  54  
 -66 -71  42  
 -14 -83  64  
 -39  98   2  
 -14 -30 100  
 -50 -79  49  
 -63  24  81  
 -40  13  97  
 -83 -58  30  
 -78  68  20  
 -74 -75   6  
  -6  95  45  
   7 -33 100  
  84 -53  36  
 -50  92  13  
  36  64  76  
  73  71  28  
  74 -62  43  
 -68  64  49  
   5  97  41  
  98 -36  14  
 -69 -60  53  
 -80 -31  61  
