  58   1  11  
 -19  20  52  
 -10 -47  34  
  30 -51   3  
 -47 -31  18  
   2  59   3  
 -11  54  21  
 -29  41  31  
  56   9  17  
 -52  -8  27  
  22 -20  51  
  18 -43  36  
 -20  52  19  
  -4  26  53  
   0 -49  33  
 -53 -26   5  
  -9  -7  58  
   8  -8  58  
   5 -53  25  
 -54 -15  18  
 -46 -21  30  
   5  39  44  
  -6  49  32  
 -33 -19  45  
 -50  -2  31  
 -39 -44   2  
  29 -49  15  
 -26   2  53  
  25 -21  49  
 -18 -44  35  
   0  18  56  
   8  20  55  
  14 -51  26  
  15 -57   3  
  -7  34  48  
 -13 -23  53  
 -37  -5  46  
  18 -44  35  
  18 -56   6  
  50  10  30  
 -25  48  24  
 -27 -52   8  
  19 -56   3  
 -43  40   6  
  -7 -57  14  
 -27 -33  41  
 -47  18  31  
  -8 -41  42  
  -4 -31  50  
  -2 -57  16  
  20  48  28  
  -1  36  47  
 -37   5  46  
 -38 -30  34  
   9  58   7  
 -43 -38  14  
  58  -7   9  
   3  41  42  
 -29 -16  49  
  -9  37  45  
  38  31  33  
 -51  -4  29  
  -1  50  31  
 -54  23   5  
   5 -48  34  
  39 -43  11  
  33  41  27  
 -43 -28  29  
 -45  37   8  
 -26 -45  28  
 -58   9   5  
   1 -16  57  
  22  34  43  
   3  -2  59  
 -28  49  17  
  12   9  57  
  35  32  35  
 -51   9  28  
  57  14   7  
  52  26  10  
  57  13   7  
  -2 -34  48  
 -38  -2  45  
   6  58   9  
 -55 -18  11  
 -23 -33  43  
  34 -11  47  
 -55  -9  19  
  43  17  37  
  15 -57   5  
 -32  37  33  
  33  31  38  
  28  45  26  
  -2  44  39  
  51  25  16  
 -40  -7  43  
 -13 -54  20  
  23 -13  53  
  56  15  12  
  39  42  13  
  42 -35  22  
 -38 -45   5  
  25  47  25  
 -16 -17  54  
  47  14  33  
 -18 -19  53  
 -18  51  23  
 -46 -28  24  
 -15  18  54  
  33  -3  49  
   8 -54  23  
   7  36  46  
  13 -30  49  
  12  15  56  
  52  16  23  
 -28  43  29  
 -20 -46  31  
  29  -6  51  
 -10  -3  58  
 -34 -35  33  
  48 -12  32  
  29  49  16  
 -15  24  52  
 -47 -21  29  
  16 -43  37  
 -51   3  30  
  41  41  10  
 -25 -45  29  
  27 -49  19  
   5  35  47  
 -24  28  46  
  24 -48  25  
  37 -46   0  
 -34  11  47  
 -34 -22  43  
  58  -9   7  
  15  54  19  
  37  35  30  
  -3  -9  58  
 -51 -21  21  
   7  27  52  
  -8  57  12  
  -6 -58  10  
 -51  20  22  
  44 -24  31  
  -3   4  59  
  13 -57   9  
  56  16   8  
  58   4  11  
  -8   5  58  
 -59   2   3  
  34 -20  44  
 -23  15  52  
  36  37  29  
 -46   4  37  
  -6  31  50  
 -41  36  23  
 -14 -57   7  
  -3 -57  15  
  16  32  47  
 -45  33  19  
 -23 -23  49  
  23 -26  48  
 -26 -47  25  
  44  -4  39  
 -17 -20  53  
 -42  36  21  
  10  50  30  
   4  45  38  
  17  56   8  
  48  -4  34  
 -32 -12  48  
 -29 -50  12  
 -43  30  27  
  -4  24  54  
 -46 -37   3  
 -20  28  48  
 -23  33  43  
  -1 -55  22  
  -7  14  57  
 -16 -54  18  
 -16 -32  47  
 -21 -25  49  
  31 -50   2  
 -35 -47   8  
 -24  45  30  
   8  50  30  
 -28   4  52  
 -11  53  23  
 -49 -17  28  
 -32  29  40  
 -24 -48  24  
 -50   2  31  
  -2 -59   1  
  44   9  38  
  -7 -44  39  
 -10 -54  21  
  18  19  53  
 -11 -35  46  
  48  -7  34  
 -28 -28  44  
 -44 -13  37  
  20  55   9  
  22  42  35  
  33 -48   8  
 -48  -7  34  
  22 -44  33  
 -40 -11  42  
  -4  53  26  
  47  36   1  
  16  53  20  
  21 -15  53  
  36 -41  23  
  16  38  42  
 -17  49  28  
  51   1  30  
  24 -38  38  
 -25  48  23  
  15 -55  15  
 -23  53  13  
  56   0  18  
  48  34   2  
  34  36  32  
 -42  34  24  
 -50  31   1  
 -37 -36  29  
 -27 -52   7  
  -9  -5  58  
 -31  12  49  
 -26  -1  53  
 -48 -31  15  
  -8 -57  14  
 -12 -47  34  
 -45  27  27  
  -2 -40  43  
  47 -13  33  
  55  17  13  
  11 -26  52  
 -13  55  17  
   6  35  47  
  30 -14  49  
  23 -30  45  
  40 -17  40  
 -45  38   2  
 -42  33  25  
  -3 -19  56  
 -21  39  39  
 -59   3   4  
  49 -32   8  
  57  11  11  
  40 -32  29  
  23 -12  53  
  50  31   5  
  29   7  51  
 -50  20  24  
  51  -2  30  
   9  46  36  
 -45  -6  38  
  55 -20   6  
  35   8  47  
  16  53  21  
  -5 -37  46  
   0  39  44  
  24   4  54  
   2   4  59  
 -46  32  18  
  29  51   4  
  18 -28  49  
 -42 -41   3  
 -52 -28   4  
  57 -12  10  
  -3  37  46  
  17   7  56  
  18  56   7  
  11 -47  34  
  -1  11  58  
 -14  40  41  
 -42  41   8  
  16 -37  43  
  -8  -7  58  
  46  17  33  
 -46 -35  13  
   3  55  21  
  46 -37   2  
  33  44  21  
   1  51  30  
 -41  32  28  
 -24  51  17  
 -56  -6  17  
   8 -20  55  
  42  39  15  
   1 -48  34  
 -11 -26  52  
   3 -28  52  
 -36  43  19  
 -35 -27  39  
 -38  19  41  
 -39  28  34  
  19 -41  38  
  57   3  15  
