 -46 -73  77  
 -98  53  30  
  28  59  95  
  99 -51  31  
  98  55  26  
 -55 -73  71  
  72  88  19  
 -65 -11  95  
  82  -6  81  
  77 -72  47  
   3 -80  83  
  63  88  40  
  45 -58  89  
 -31  74  83  
   4  66  95  
 -70 -92   2  
  99  41  43  
  60  59  79  
 -71  82  40  
  58 -49  87  
 -48  66  82  
 -87  60  47  
  85 -51  59  
  83  70  40  
  63 -65  72  
  93 -31  61  
  82 -67  46  
 -17  76  85  
  96 -48  42  
  64 -74  61  
 -58  92  39  
  49  91  52  
  68 -17  92  
 -89 -68  28  
  73 -73  52  
  70  78  48  
 -17 -100  55  
 -60 -77  62  
  26 -62  94  
 -64  90  34  
  92 -59  37  
  35  89  65  
 -55 -100  17  
  69 -48  79  
  85  58  52  
  36 -88  66  
  57 100  10  
 -85 -45  64  
  26 -75  84  
  97 -56  28  
 -47  77  72  
 -47 -97  41  
 -69 -16  91  
 -75 -82  31  
   8  57 100  
  91  50  51  
  55  52  87  
 -87 -67  35  
 -88 -26  70  
 -75  28  83  
  86 -68  37  
 -59 -63  77  
 -73 -71  54  
  90  67  28  
 -86  42  65  
 -98  60  10  
 -59  -8  99  
  84  54  58  
 -32 -97  54  
 -28 -74  84  
  19 -95  63  
 -79 -65  54  
 -31  88  68  
 -73  20  87  
  62  62  75  
  62 -56  80  
  60 -60  78  
 -78 -26  81  
 -49  76  72  
 -46 -84  65  
  74 -70  54  
  95 -53  39  
 -62 -77  60  
  32 -65  90  
 -16  67  93  
 -38 -96  52  
 -28  95  59  
 -67 -89  31  
  69 -81  45  
  -6  83  80  
 100 -51  27  
 -43 -81  70  
 -73  -8  89  
  93 -59  35  
  48  41  97  
  88   4  75  
  60  24  96  
 -93 -22  65  
 -86  71  30  
  69  92  10  
 -47  79  70  
  20 -79  82  
  72 -73  53  
  97 -27  57  
 -37 -53  96  
  63 -67  70  
  62 -66  72  
 -34 -87  68  
 -72  27  86  
 -74  82  33  
 -51 -56  87  
  65 -12  95  
 -57 -85  54  
 -28 -76  82  
  40  62  89  
 -60  66  73  
  19  66  93  
  78  84  15  
 -97  18  60  
 -100  33  47  
  78  -8  85  
 -61 -94  28  
  57  99  18  
  69 -91  16  
 -14 -83  79  
  32  65  90  
 -42 -100  40  
 -94 -17  65  
 -30 -81  77  
 -11  89  73  
   4  71  91  
  71  40  82  
  68 -61  71  
 -91  45  55  
 -88   5  75  
 -80  30  78  
 -24 -83  77  
 -35 -72  83  
   6  90  72  
  -6 -68  93  
 -18  80  81  
 -45  85  64  
 -67  64  69  
 -42  73  79  
 -85 -51  59  
 -70 -85  35  
 -62 -32  92  
 -70  -4  92  
  93 -54  42  
 -67  -4  94  
 -22 -57  98  
  75   4  88  
 -76 -44  75  
  60  -9  98  
  -1  96  64  
  96 -61  21  
 -62  85  48  
  56 -78  64  
  76  42  76  
 -85 -55  56  
 100  57   8  
  54  62  81  
 -99  49  34  
 -86 -74  22  
 -89 -43  60  
  96 -11  63  
  87  42  63  
 -36  61  91  
  25  73  86  
   1 -74  89  
  11 -89  73  
 -13 -81  81  
   9  62  97  
  95  17  63  
 -51  92  48  
  60  79  59  
  63 -73  64  
 -63  43  87  
 -48 -62  85  
  95 -26  60  
 -89  62  39  
  81  18  80  
  14  68  92  
  37 -96  53  
  14 -80  82  
 -81 -82   3  
  91  71   7  
 -39 -84  69  
 -76 -86  12  
 -57  75  67  
 -79  23  81  
 -68 -46  81  
  63 -74  62  
 -79 -69  48  
 -55 -83  59  
  59  99   3  
  57  61  80  
  80  42  72  
  -9  97  62  
  77  54  67  
 -61  84  51  
 -32 -74  83  
 -36  88  66  
  59 -72  68  
 -25  75  84  
  79 -62  57  
  53 -60  83  
  22 -83  77  
 -76  59  64  
  41  78  75  
 -75  62  62  
  96 -57  30  
 -52 100  25  
  42 -93  54  
  82  13  80  
  39  49  97  
 -78  13  84  
  95  47  46  
  69 -76  53  
 -57  73  69  
  51  44  94  
 -82 -77  26  
 -69  92  12  
  84 -75  25  
 -55  45  91  
 -11  96  63  
 -45 -86  63  
  -3  85  78  
  99   7  59  
  87  76   6  
  61 -92  34  
  83  77  24  
  20 -80  81  
  41 -87  64  
 -99 -59   3  
 -37  58  93  
 -75  88   4  
 -10  89  73  
  93 -61  32  
 -94  67   1  
  85 -66  42  
 -38  86  67  
 -58  15  99  
   6  99  59  
 -88 -68  32  
  97  18  60  
  64  -8  96  
 -18 -82  79  
  64  94  21  
  64  36  89  
  96  63  12  
  78  85   4  
 -69 -63  68  
 -39 -78  76  
  47 -73  76  
  85 -57  53  
  94  64  21  
 -55  97  31  
 -57 -33  95  
 -79 -80  27  
 -54  95  38  
  88 -45  60  
 -61  83  52  
 -54 -97  31  
  73  81  38  
  55  84  57  
 -32  78  79  
  31 -55  97  
  62  92  33  
  86 -74  21  
  47 -96  44  
  54  34  96  
  74 -56  69  
  75 -49  73  
 -12 -91  70  
  62  44  87  
  47  50  93  
 -96  54  35  
 -79  64  55  
 -89  65  34  
 -14  95  64  
 -88 -74  12  
  63 -38  89  
  94  66  10  
  99  32  50  
  93 -63  27  
  59  81  57  
 -32  99  50  
  75  14  87  
 -14 -79  83  
   4 -70  92  
 -69  48  79  
 -100  57   6  
 -66 -82  48  
  13 -90  71  
 -62  62  75  
  94  51  43  
 -61  89  41  
  90  49  53  
 -80  67  49  
