  46 -25  24  
 -32 -47  10  
  -8 -29  49  
  15 -12  54  
  45  -6  35  
  -9  17  54  
  37 -21  39  
 -29  44  23  
 -42  -9  38  
  28  14  48  
  55 -16   2  
  38  43   5  
  22  53   3  
  51  -1  26  
  -7  56  12  
  46  29  18  
 -50  18  22  
 -34  14  44  
 -29  46  18  
  46 -30  17  
  48 -20  25  
  28 -47  18  
 -44 -31  20  
 -41  29  28  
 -50  -3  28  
  57  -8   1  
 -20 -31  44  
 -49  22  20  
  18  40  37  
 -49 -16  25  
 -42  39   5  
 -55  16   1  
  55   3  17  
   0 -57   8  
  48  23  22  
  -5   4  57  
  45  21  29  
  40  41   1  
  15 -49  26  
  51  20  18  
 -14  48  28  
  -1 -45  36  
  56 -12   2  
  39 -35  24  
 -45  28  22  
  28  -3  50  
 -56  -5  12  
  29 -36  34  
  12  11  55  
  51  27   0  
 -46 -26  23  
 -56  12   1  
  38  10  42  
  17 -38  40  
 -10 -27  50  
 -40  22  35  
  33 -45  13  
 -31  36  32  
  32  12  46  
 -10 -48  30  
 -54  11  16  
   5  51  26  
  41  40   0  
   8  52  23  
  14  28  48  
   8  14  55  
  22  53   1  
 -52  15  20  
 -10  -9  56  
  28   2  50  
  -2  16  55  
 -18  34  43  
 -39 -42   5  
 -51 -15  22  
  23  47  24  
 -56 -14   1  
   4 -51  26  
  -2 -57   8  
  -9 -50  27  
 -28  48  15  
 -21 -29  45  
  41  40   7  
  32  16  45  
 -43  38   3  
  43 -33  19  
  42 -17  35  
  27 -41  30  
   6  -5  57  
 -12  31  47  
  55 -17   1  
  39  16  39  
 -38 -13  41  
  25 -48  20  
 -21  51  17  
 -36 -44   8  
 -33 -39  26  
 -10  46  33  
 -33 -47   6  
  -9  54  18  
 -20 -10  53  
  47  24  23  
 -34  44  15  
  33 -10  46  
  18  14  53  
 -23  30  43  
  11  20  53  
 -31 -29  39  
 -47  20  26  
   7  28  50  
 -55 -10  13  
 -16  45  32  
  41   7  40  
 -57   4   7  
 -29  12  48  
   9 -56   9  
   7 -26  51  
   2  55  17  
  35 -11  44  
  42 -20  34  
  28 -26  43  
  -5   3  57  
  -6  -6  57  
  24  35  39  
 -54  20   1  
  35 -43  15  
 -50  -6  28  
  20  30  45  
 -52 -16  19  
 -12   7  56  
 -29  26  42  
  54  -8  18  
 -54 -20   2  
  42  21  33  
  49  24  18  
  21 -42  33  
  -2 -43  38  
 -46   4  34  
 -15  -9  55  
  42 -39   4  
  19  54   1  
  32   9  47  
  39  39  16  
 -24  52   4  
 -17  40  38  
  53 -15  16  
  -1 -53  22  
  54  18   9  
  -1  36  45  
 -33 -30  36  
  -4  -7  57  
 -22 -40  35  
  -2  -5  57  
  56 -11   7  
  47 -32  10  
  37 -43  10  
   0  45  36  
 -17  23  50  
 -51  15  22  
  16  55   7  
   4 -57   8  
 -47  28  18  
  14 -10  55  
  -3 -12  56  
  28 -22  45  
  23 -16  50  
 -31  46  15  
 -55  15   7  
  24   7  52  
 -21  51  16  
  22 -20  49  
 -38 -43   1  
 -36 -38  24  
  25  37  36  
 -53 -18  14  
 -15 -55   9  
  40  -7  41  
  52 -15  19  
 -48 -28  15  
  24 -51  11  
  49 -18  24  
 -17 -53  14  
  -8  51  25  
 -29  32  38  
  39  20  37  
   1  52  24  
  30  46  17  
  35 -34  30  
  49 -26  16  
 -14  55   8  
 -39  26  33  
 -45  -7  35  
  -2 -24  52  
   0 -56  14  
 -13 -18  53  
 -31  32  36  
  49 -23  20  
  34 -15  44  
  53  21   8  
 -15 -28  48  
  15 -54  13  
 -36  36  27  
 -55   6  15  
  41  38  14  
  44  29  23  
  45 -16  32  
 -30  22  44  
  -6  55  15  
  39 -17  39  
 -33 -47   3  
  10  34  45  
  22 -53   6  
  28 -49  12  
 -22  14  51  
  44 -35  13  
  14   9  55  
 -25  10  51  
  53   7  21  
   0  12  56  
   4   4  57  
   2  12  56  
  43 -16  35  
  38  29  32  
  31  27  40  
 -53 -15  17  
 -49 -17  25  
  16 -25  49  
  32  47   8  
  41 -38  14  
   3 -55  16  
  18 -40  37  
 -56  10   7  
  38 -28  33  
  -9 -57   1  
  40  19  37  
  51 -14  22  
  48  -1  32  
  32  45  16  
  24  -4  52  
 -41  39   9  
 -41  28  29  
 -11 -56   6  
  24 -12  51  
 -47   1  33  
  15  17  53  
  -7  29  49  
  14  14  54  
 -46  30  17  
  57  -7   2  
  36 -39  22  
  19  -1  54  
 -46 -33   9  
 -22 -25  47  
  37  -2  44  
 -40 -34  24  
 -42  13  37  
  19  30  45  
  26 -51   5  
  14  17  53  
  47 -33   4  
  18 -42  35  
  57  -9   0  
 -16  11  54  
  51   2  27  
 -25 -22  47  
 -39  41  11  
  38   4  43  
  12  49  28  
 -29  42  26  
  38 -29  32  
 -20 -11  53  
  28  33  38  
  45 -34  10  
  21  53   9  
 -33 -17  44  
 -27 -47  19  
 -40  19  37  
 -51  26   7  
 -55  14   9  
 -54 -12  15  
  33  16  44  
  49  22  21  
  50  26  11  
  30 -37  32  
  57  -8   3  
 -40 -16  38  
  57  -8   2  
 -19 -54   3  
  56  12   0  
  42  39   3  
  17   0  55  
  10 -38  42  
 -23  49  19  
 -41  40   1  
  27 -48  17  
  49 -16  26  
 -28 -30  40  
 -49  30   2  
  19  -2  54  
 -28  40  30  
  16  36  42  
