  40  25  24  
  48  13  18  
 -52  -4  10  
  -6 -42  32  
  -2  36  39  
  50 -16   6  
 -24  -5  47  
  -1   9  52  
  49  -3  20  
 -22 -20  44  
  41   6  33  
 -15 -51   1  
  39 -28  23  
 -10 -22  47  
  13  19  48  
  23  26  40  
   8  50  16  
  22 -36  32  
   8 -49  19  
  30 -23  37  
 -44 -25  15  
 -19   7  49  
  15 -25  44  
  12 -13  50  
 -52  -9   6  
  25  47   1  
  17  45  22  
  26  -4  46  
  -5 -42  32  
  -4  13  51  
 -20 -17  46  
  35  14  37  
   3  53   4  
 -46  -3  26  
   5 -52   9  
  16  48  15  
 -27 -45   6  
 -47  20  14  
  41 -31  13  
  -8  27  45  
 -17  -6  50  
  33  38  17  
 -43   1  31  
  14  20  47  
 -48 -20  11  
  44 -21  21  
  10  51  11  
 -17  32  39  
 -24 -23  41  
 -15 -49  14  
 -18   9  49  
 -28  -5  45  
  49 -20   4  
  29  12  43  
 -33  39  14  
 -20 -11  48  
   2 -53   4  
 -18  46  19  
  41   4  33  
   0 -35  40  
  21  41  26  
 -36 -29  26  
 -15  -8  50  
 -42  27  18  
 -41   4  33  
 -29 -43  12  
  -8 -30  43  
 -10  43  29  
   5 -46  26  
   0 -49  20  
 -47   5  24  
 -32  10  41  
 -15   3  51  
 -39  11  34  
  32  28  32  
  23 -44  18  
 -33  -6  41  
  20  47  14  
  21  18  45  
  24  38  28  
 -45  22  17  
 -47  18  16  
 -20 -31  38  
 -38  37   1  
  -6 -52   9  
 -47  -3  24  
 -32  41   9  
  47  24   6  
  31 -29  32  
  -1 -51  15  
   3 -43  31  
  47   0  24  
  36  -9  38  
   5  -1  53  
  42 -20  25  
  46 -15  22  
  25 -16  44  
 -15 -41  30  
 -19  45  21  
  39  36   2  
 -41  33   8  
   0  -2  53  
 -10 -52   3  
  26 -46   0  
  28 -45   3  
  -7  49  19  
   2 -51  15  
   0 -52   9  
  52  10   0  
  12  39  34  
 -29  25  37  
  45 -15  24  
 -41   8  33  
 -46 -26   6  
   4   2  53  
  39 -29  21  
  48  -4  22  
  -7 -52   7  
 -11 -13  50  
  -9  52   4  
 -45  -4  28  
 -31  13  41  
  44 -29   6  
  18   0  50  
 -20   4  49  
 -47  19  15  
  36 -28  27  
  29  17  41  
   1  32  42  
  51   9  12  
  15 -29  42  
  10  29  43  
 -39  36   1  
 -11  39  34  
  25  12  45  
  38  -3  37  
 -24  41  23  
   4 -38  37  
  -8 -45  27  
 -31  22  37  
  16  44  25  
  16  -8  50  
  19 -46  18  
  32 -39  17  
  -5  32  42  
 -33   7  41  
  30  17  40  
 -40 -32  14  
  -5 -14  51  
 -24 -22  42  
  22 -11  47  
  -9  -5  52  
   5 -50  17  
 -42 -16  28  
 -39 -15  33  
  53   1   5  
 -51 -10  10  
 -31 -32  29  
 -20 -40  28  
  45 -12  25  
   0 -50  18  
 -24 -43  19  
   0  43  31  
  -6 -50  17  
 -26  37  28  
  11 -29  43  
 -38  20  31  
 -33  41   5  
   7  12  51  
  35 -38  12  
  -6 -29  44  
  -7  16  50  
  32  18  38  
  38  26  26  
  31 -40  15  
 -44  12  27  
 -37  -1  38  
  36   9  38  
   3  -1  53  
  43  20  24  
 -22  45  17  
 -49  20   2  
 -19 -26  42  
  -1  52   9  
 -12 -13  50  
 -15  19  47  
  45 -24  15  
  44 -17  24  
 -17  -5  50  
   9  48  21  
  13  -8  51  
   3  42  32  
  23 -46  12  
  40   2  35  
  24  31  36  
  12 -38  35  
  10 -10  51  
  14 -15  49  
  37 -17  34  
 -32 -35  24  
 -22  48   6  
 -19 -43  25  
 -29 -33  30  
 -41 -15  30  
   8  21  48  
  -8  12  51  
   2  37  38  
 -19  26  42  
 -30  32  30  
 -45  -2  28  
  47  17  17  
  17  48  15  
 -16  44  25  
 -22  40  27  
   8  52   8  
 -46 -13  23  
  22  28  39  
  27  37  27  
  34  40   8  
 -20 -28  40  
 -39  21  29  
  45 -21  19  
 -14 -14  49  
   8 -52   5  
 -32 -24  35  
 -34 -11  39  
  41 -18  28  
  19   5  49  
  26  31  34  
 -43  24  19  
 -12  29  43  
 -32   0  42  
 -45  25  13  
   6  51  13  
 -40 -23  26  
  -1  40  35  
 -48 -11  20  
   7  36  38  
 -49   5  19  
  44 -29   4  
  14  37  35  
  -4 -52  10  
  50 -12  13  
  52   9   4  
  45  20  20  
  19 -38  32  
 -40 -35   2  
 -15 -37  35  
  15  31  40  
  22 -48   5  
 -47  24   6  
  17 -50   6  
  21 -16  46  
 -49  13  16  
 -21   9  48  
  38  20  31  
  38  11  35  
 -50  12  13  
 -25  42  21  
   5  53   1  
  51  15   0  
  17  18  47  
  -7 -49  19  
 -15  50  10  
  -1  23  48  
  51 -15   2  
 -31  26  34  
 -31  43   1  
  25 -38  27  
  15  48  16  
  52   6   9  
 -36 -20  33  
 -13  51   5  
 -30 -42  11  
 -26 -25  39  
 -22 -45  17  
  38 -37   3  
  47 -10  22  
  22 -14  46  
  53  -1   4  
 -25 -21  42  
 -35  28  28  
   2  46  26  
 -22 -44  20  
  36  39   0  
  28 -35  28  
  -8 -41  33  
 -40 -20  28  
  21  40  28  
  45 -28   3  
  32  19  38  
  -3  24  47  
 -27  12  44  
 -35  -8  39  
  42  32   1  
  20  40  28  
 -41  18  28  
  18 -40  30  
 -22 -38  30  
 -31  41  13  
