   8  15  48  
  42 -12  26  
  39 -11  31  
  40  32   0  
 -20 -44  17  
 -40 -31   5  
 -49   7  13  
 -33  31  23  
 -43 -16  22  
 -47   7  18  
  -8 -24  44  
   3  48  17  
  11  45  21  
 -27 -43   1  
  -8 -29  41  
  34 -37   8  
  19 -38  28  
  14 -22  44  
  43  25  12  
  48  -2  17  
  26 -10  43  
  -8 -36  35  
 -26 -36  25  
  40  -5  31  
 -19  40  25  
  -9 -11  49  
  36 -36   5  
  14 -44  22  
 -14 -27  41  
 -12  38  32  
  -5 -17  48  
 -16 -48   7  
  45 -15  19  
  26 -15  41  
  36 -31  18  
   6 -16  48  
  -8  38  33  
  28  11  41  
 -41  -2  30  
  13 -48  12  
 -33  33  20  
  34  35  14  
 -18 -38  29  
   1   2  51  
 -10 -46  20  
  48 -17   5  
  31  14  38  
  49 -14   4  
  35   1  37  
 -40  14  28  
  24  45   5  
  -9 -36  35  
 -37  -8  34  
 -26  42  13  
 -46   5  22  
 -46 -22   3  
 -13 -20  45  
 -39 -29  16  
  43 -17  21  
 -34 -38   4  
  26  22  38  
 -19  25  40  
 -17   4  48  
  36 -35   8  
 -46  20   8  
  27 -38  21  
 -35  37   1  
  36  19  31  
 -15  23  43  
 -26 -32  30  
 -23 -45   6  
 -25  32  31  
 -28 -35  24  
  42   7  28  
 -33   3  39  
 -14 -36  33  
   7  23  45  
  50  10   4  
   0  44  26  
  17 -45  17  
 -23  44  12  
 -12  48  13  
 -47  -1  20  
 -29 -31  28  
 -42 -29   4  
  35 -29  23  
   1  -1  51  
 -33  12  37  
   8 -49  12  
 -26  -2  44  
  38 -18  29  
 -49   7  12  
  42  29   4  
  45 -14  20  
 -20 -47   3  
 -39 -22  24  
 -31 -24  33  
  11  32  38  
   3 -13  49  
  51   3   4  
  23 -40  22  
 -29  39  15  
  46  -2  22  
  38  34   2  
  12  36  34  
  23  15  43  
 -50  10   1  
   8  50   5  
  26  42  12  
 -10   2  50  
 -40 -29  13  
 -24   3  45  
 -24 -37  26  
  -6 -50   9  
  40  20  24  
  36 -33  14  
  46  17  14  
  47 -18   9  
 -36  30  20  
 -48 -16   6  
  33 -19  34  
 -46  19  11  
  10 -41  29  
 -11 -50   2  
  23  31  33  
  19 -11  46  
   4  -2  51  
  43 -26   8  
  14  -5  49  
   7 -21  46  
  -9 -30  40  
  41 -16  26  
  14  35  34  
   1  41  30  
  29  37  20  
 -35  17  33  
  27 -43   0  
 -21  46   5  
   8  12  49  
 -47  -8  18  
 -43  -2  27  
  40   6  31  
 -10  50   1  
 -48  -6  16  
  50  10   0  
  32  17  36  
 -36  36   4  
 -36  36   1  
  13 -46  18  
  -3  36  36  
  20 -24  40  
 -35  -5  37  
 -50   0   9  
 -14 -43  24  
  20 -47   2  
  28  -6  42  
   0  35  37  
 -47  -7  19  
  -2   0  51  
  46 -22   4  
  12  48  13  
  -1 -39  33  
  45  24   1  
 -22 -42  19  
  19  18  44  
 -48  10  14  
  11   9  49  
   6 -25  44  
 -51   3   2  
 -24   4  45  
 -15 -44  21  
  39  33   3  
 -43  -6  27  
 -20   2  47  
  -5 -38  34  
 -49  11  10  
  34  38   4  
  49  10   9  
 -21 -46   8  
 -27  43   3  
 -12  19  46  
 -20  -4  47  
 -38 -34   3  
  47  19   6  
  43  27   3  
  10 -39  31  
  -1  50  10  
 -44  26   1  
 -45 -23   7  
   8  44  24  
  25 -43  12  
  21 -33  33  
 -14 -30  39  
  32 -33  22  
 -44  25   8  
   3 -35  37  
  51   0   2  
  25 -26  36  
  -1  -3  51  
  -6   8  50  
  15 -40  28  
  35 -34  14  
   0  42  29  
  22  -1  46  
  29  16  39  
  24   5  45  
  -3 -30  41  
 -33 -38   9  
  36 -28  23  
  31  -7  40  
   7  33  38  
  12  28  41  
 -50   1  10  
   0  45  24  
   8  39  32  
  26  44   2  
  -6  47  19  
  30 -41   5  
 -45 -24   1  
  -5  49  14  
  13  34  36  
 -47  -4  20  
 -30 -10  40  
   1  45  24  
 -49 -12   8  
  11   0  50  
 -17 -43  21  
 -17 -43  22  
  30  40   9  
  27  16  40  
  20  45  13  
  46  10  20  
 -49 -11  10  
  37   2  35  
  44  24  10  
 -13  44  22  
  24  20  40  
  -4 -40  31  
  50  -2  11  
 -26  -9  43  
 -26  43  10  
   1 -41  30  
  45 -24   5  
 -35   8  36  
  24 -21  40  
 -29  -9  41  
  -1  -4  51  
  11 -14  48  
 -22  19  42  
   7 -32  39  
 -39  31  10  
  -1   0  51  
 -49 -13   5  
 -34 -36  13  
  40  32   1  
   7   7  50  
  22 -43  17  
   1 -47  20  
 -43 -14  24  
  19 -41  24  
 -12 -49   9  
 -22  16  43  
  26  32  30  
 -32   8  39  
 -17  11  47  
  25  44   4  
 -18  19  44  
 -41 -30   2  
  39 -14  30  
  27  -4  43  
   3 -14  49  
  34   9  37  
 -37 -27  22  
  22  -9  45  
 -38  34   1  
 -50  -5  10  
 -19 -12  46  
  15 -21  44  
  -5  10  50  
  -3 -49  13  
  48   2  17  
 -37 -35   4  
 -32  19  35  
 -42 -19  22  
 -13 -24  43  
  33  -4  39  
 -32  37  15  
  40 -31   6  
  10 -46  20  
  23  30  34  
 -18 -30  37  
  45  15  19  
 -44  17  20  
   5 -43  27  
 -10 -50   5  
  42  12  26  
  34  15  35  
   0 -38  34  
  44  -3  26  
  -9  37  34  
